Filename: lbcmaApai.001
Emin,Emax,Jo,IJ: 0.5000     1.0000E+0410000    1
L,Iono,Io,B1,BO:  4.60       34   80 0.393     3.185E-03
Idate,UT,time,delt: 86079      0.0  0.00     1.000E+05
Knum1-4,Ko:   5  20  90  20 135
Ne(Iono,Itop,Iono+Ip): 6.584E+04  21.2     6.584E+04
F107,F107A,MLAT,MLONG:  150.      150.      60.4      0.00    
Iono1: STL,GLAT,GLONG,SZA:  0.00      60.4      0.00      120.    
Iono2: STL,GLAT,GLONG,SZA:  0.00      60.4      0.00      120.    
AP vector:  17.0      3.00      3.00      5.00      5.00      4.50      8.00    
Photoelectrons allowed in Iono1,Iono2: No  No 
Primary electron beam(E,Mu): No primary beam     , No Mu function
 Pitch angle distributions at several KE and S
 First ionosphere
 ALTITUDE (cm):   10000000.000000000     
   Theta     1.00       2.00       5.00       10.0       15.0       20.0       30.0       50.0    
  0.00      1.115E+04   389.      2.572E+03   298.       72.2       40.4       15.2       4.68    
  11.6      1.115E+04   389.      2.572E+03   298.       72.2       40.4       15.2       4.68    
  23.6      1.115E+04   388.      2.571E+03   298.       72.2       40.4       15.2       4.68    
  36.9      1.113E+04   388.      2.567E+03   298.       72.1       40.3       15.2       4.67    
  90.0      1.110E+04   387.      2.558E+03   297.       72.0       40.2       15.1       4.67    
  143.      1.121E+04   390.      2.584E+03   300.       72.4       40.5       15.2       4.69    
  156.      1.124E+04   390.      2.590E+03   300.       72.5       40.6       15.3       4.70    
  168.      1.125E+04   391.      2.592E+03   300.       72.6       40.6       15.3       4.70    
  180.      1.125E+04   391.      2.592E+03   300.       72.6       40.6       15.3       4.70    
 ALTITUDE (cm):   15000000.000000000     
   Theta     1.00       2.00       5.00       10.0       15.0       20.0       30.0       50.0    
  0.00      1.194E+08  4.790E+06  2.346E+07  2.990E+06  7.227E+05  3.887E+05  1.446E+05  4.570E+04
  11.6      1.194E+08  4.790E+06  2.346E+07  2.990E+06  7.227E+05  3.887E+05  1.446E+05  4.570E+04
  23.6      1.195E+08  4.791E+06  2.346E+07  2.990E+06  7.230E+05  3.889E+05  1.447E+05  4.575E+04
  36.9      1.196E+08  4.791E+06  2.348E+07  2.991E+06  7.237E+05  3.891E+05  1.449E+05  4.585E+04
  90.0      1.198E+08  4.792E+06  2.351E+07  2.993E+06  7.251E+05  3.897E+05  1.454E+05  4.610E+04
  143.      1.216E+08  4.840E+06  2.378E+07  3.032E+06  7.328E+05  3.943E+05  1.469E+05  4.662E+04
  156.      1.221E+08  4.853E+06  2.385E+07  3.043E+06  7.351E+05  3.956E+05  1.474E+05  4.680E+04
  168.      1.224E+08  4.858E+06  2.388E+07  3.047E+06  7.361E+05  3.962E+05  1.476E+05  4.688E+04
  180.      1.224E+08  4.858E+06  2.388E+07  3.047E+06  7.361E+05  3.962E+05  1.476E+05  4.688E+04
 ALTITUDE (cm):   20000000.000000000     
   Theta     1.00       2.00       5.00       10.0       15.0       20.0       30.0       50.0    
  0.00      3.473E+08  2.466E+07  8.038E+07  1.259E+07  3.168E+06  1.649E+06  6.088E+05  1.959E+05
  11.6      3.473E+08  2.466E+07  8.038E+07  1.259E+07  3.168E+06  1.649E+06  6.088E+05  1.959E+05
  23.6      3.473E+08  2.468E+07  8.043E+07  1.260E+07  3.172E+06  1.651E+06  6.098E+05  1.964E+05
  36.9      3.470E+08  2.471E+07  8.054E+07  1.263E+07  3.180E+06  1.655E+06  6.119E+05  1.974E+05
  90.0      3.464E+08  2.480E+07  8.078E+07  1.268E+07  3.199E+06  1.665E+06  6.167E+05  1.997E+05
  143.      3.474E+08  2.516E+07  8.139E+07  1.288E+07  3.248E+06  1.691E+06  6.258E+05  2.032E+05
  156.      3.473E+08  2.527E+07  8.156E+07  1.294E+07  3.263E+06  1.699E+06  6.288E+05  2.044E+05
  168.      3.472E+08  2.531E+07  8.164E+07  1.296E+07  3.270E+06  1.702E+06  6.301E+05  2.049E+05
  180.      3.472E+08  2.531E+07  8.164E+07  1.296E+07  3.270E+06  1.702E+06  6.301E+05  2.049E+05
 ALTITUDE (cm):   30000000.000000000     
   Theta     1.00       2.00       5.00       10.0       15.0       20.0       30.0       50.0    
  0.00      5.459E+07  3.291E+07  5.260E+07  1.549E+07  5.109E+06  2.621E+06  9.874E+05  3.331E+05
  11.6      5.459E+07  3.291E+07  5.260E+07  1.549E+07  5.109E+06  2.621E+06  9.874E+05  3.331E+05
  23.6      5.246E+07  3.261E+07  5.180E+07  1.537E+07  5.095E+06  2.617E+06  9.872E+05  3.338E+05
  36.9      4.776E+07  3.191E+07  4.998E+07  1.510E+07  5.062E+06  2.605E+06  9.866E+05  3.353E+05
  90.0      3.706E+07  3.020E+07  4.562E+07  1.443E+07  4.972E+06  2.573E+06  9.836E+05  3.383E+05
  143.      3.103E+07  2.825E+07  4.136E+07  1.366E+07  4.836E+06  2.522E+06  9.743E+05  3.396E+05
  156.      2.867E+07  2.739E+07  3.953E+07  1.330E+07  4.766E+06  2.494E+06  9.681E+05  3.394E+05
  168.      2.766E+07  2.699E+07  3.872E+07  1.314E+07  4.733E+06  2.481E+06  9.651E+05  3.392E+05
  180.      2.766E+07  2.699E+07  3.872E+07  1.314E+07  4.733E+06  2.481E+06  9.651E+05  3.392E+05
 ALTITUDE (cm):   40000000.000000000     
   Theta     1.00       2.00       5.00       10.0       15.0       20.0       30.0       50.0    
  0.00      5.256E+06  1.094E+07  1.822E+07  8.330E+06  3.788E+06  2.139E+06  9.105E+05  3.388E+05
  11.6      5.256E+06  1.094E+07  1.822E+07  8.330E+06  3.788E+06  2.139E+06  9.105E+05  3.388E+05
  23.6      5.119E+06  1.051E+07  1.732E+07  8.018E+06  3.687E+06  2.093E+06  8.988E+05  3.373E+05
  36.9      4.822E+06  9.564E+06  1.531E+07  7.308E+06  3.451E+06  1.986E+06  8.706E+05  3.335E+05
  90.0      4.178E+06  7.450E+06  1.072E+07  5.588E+06  2.849E+06  1.705E+06  7.931E+05  3.213E+05
  143.      3.698E+06  5.934E+06  7.463E+06  4.029E+06  2.170E+06  1.361E+06  6.841E+05  2.983E+05
  156.      3.492E+06  5.312E+06  6.173E+06  3.379E+06  1.877E+06  1.211E+06  6.383E+05  2.908E+05
  168.      3.401E+06  5.041E+06  5.617E+06  3.093E+06  1.745E+06  1.145E+06  6.186E+05  2.884E+05
  180.      3.401E+06  5.041E+06  5.617E+06  3.093E+06  1.745E+06  1.145E+06  6.186E+05  2.884E+05
 ALTITUDE (cm):   80000000.000000000     
   Theta     1.00       2.00       5.00       10.0       15.0       20.0       30.0       50.0    
  0.00      8.198E+05  2.062E+06  5.827E+06  4.618E+06  2.773E+06  1.732E+06  8.241E+05  3.304E+05
  11.6      8.198E+05  2.062E+06  5.827E+06  4.618E+06  2.773E+06  1.732E+06  8.241E+05  3.304E+05
  23.6      7.941E+05  1.941E+06  5.297E+06  4.257E+06  2.610E+06  1.652E+06  8.005E+05  3.265E+05
  36.9      7.395E+05  1.686E+06  4.173E+06  3.425E+06  2.203E+06  1.445E+06  7.353E+05  3.142E+05
  90.0      6.276E+05  1.167E+06  1.835E+06  1.281E+06  8.752E+05  6.271E+05  3.802E+05  2.013E+05
  143.      5.459E+05  8.475E+05  8.698E+05  6.414E+05  6.151E+05  5.521E+05  4.027E+05  2.316E+05
  156.      5.102E+05  7.196E+05  5.959E+05  5.582E+05  6.412E+05  6.238E+05  4.885E+05  2.774E+05
  168.      4.942E+05  6.646E+05  4.984E+05  5.460E+05  6.697E+05  6.718E+05  5.404E+05  2.968E+05
  180.      4.942E+05  6.646E+05  4.984E+05  5.460E+05  6.697E+05  6.718E+05  5.404E+05  2.968E+05
 Second ionosphere
 ALTITUDE (cm):   10000000.000000000     
   Theta     1.00       2.00       5.00       10.0       15.0       20.0       30.0       50.0    
  0.00      1.122E+04   390.      2.585E+03   300.       72.5       40.6       15.3       4.70    
  11.6      1.122E+04   390.      2.585E+03   300.       72.5       40.6       15.3       4.70    
  23.6      1.121E+04   390.      2.582E+03   300.       72.5       40.5       15.2       4.70    
  36.9      1.118E+04   389.      2.577E+03   299.       72.4       40.5       15.2       4.70    
  90.0      1.112E+04   388.      2.563E+03   298.       72.2       40.3       15.2       4.68    
  143.      1.121E+04   390.      2.585E+03   300.       72.5       40.5       15.2       4.69    
  156.      1.122E+04   391.      2.589E+03   300.       72.5       40.6       15.2       4.69    
  168.      1.123E+04   391.      2.590E+03   300.       72.5       40.6       15.2       4.69    
  180.      1.123E+04   391.      2.590E+03   300.       72.5       40.6       15.2       4.69    
 ALTITUDE (cm):   15000000.000000000     
   Theta     1.00       2.00       5.00       10.0       15.0       20.0       30.0       50.0    
  0.00      1.220E+08  4.849E+06  2.384E+07  3.039E+06  7.351E+05  3.955E+05  1.475E+05  4.688E+04
  11.6      1.220E+08  4.849E+06  2.384E+07  3.039E+06  7.351E+05  3.955E+05  1.475E+05  4.688E+04
  23.6      1.218E+08  4.843E+06  2.380E+07  3.035E+06  7.341E+05  3.949E+05  1.473E+05  4.680E+04
  36.9      1.213E+08  4.830E+06  2.373E+07  3.024E+06  7.318E+05  3.936E+05  1.468E+05  4.661E+04
  90.0      1.200E+08  4.800E+06  2.355E+07  2.998E+06  7.263E+05  3.904E+05  1.456E+05  4.618E+04
  143.      1.204E+08  4.817E+06  2.361E+07  3.010E+06  7.272E+05  3.913E+05  1.455E+05  4.602E+04
  156.      1.203E+08  4.817E+06  2.359E+07  3.009E+06  7.265E+05  3.909E+05  1.453E+05  4.591E+04
  168.      1.202E+08  4.816E+06  2.358E+07  3.008E+06  7.262E+05  3.908E+05  1.452E+05  4.586E+04
  180.      1.202E+08  4.816E+06  2.358E+07  3.008E+06  7.262E+05  3.908E+05  1.452E+05  4.586E+04
 ALTITUDE (cm):   20000000.000000000     
   Theta     1.00       2.00       5.00       10.0       15.0       20.0       30.0       50.0    
  0.00      3.466E+08  2.523E+07  8.155E+07  1.292E+07  3.262E+06  1.698E+06  6.292E+05  2.048E+05
  11.6      3.466E+08  2.523E+07  8.155E+07  1.292E+07  3.262E+06  1.698E+06  6.292E+05  2.048E+05
  23.6      3.466E+08  2.519E+07  8.147E+07  1.289E+07  3.255E+06  1.694E+06  6.278E+05  2.042E+05
  36.9      3.467E+08  2.508E+07  8.130E+07  1.284E+07  3.240E+06  1.686E+06  6.248E+05  2.030E+05
  90.0      3.468E+08  2.483E+07  8.088E+07  1.270E+07  3.203E+06  1.667E+06  6.175E+05  2.000E+05
  143.      3.486E+08  2.485E+07  8.083E+07  1.270E+07  3.196E+06  1.664E+06  6.144E+05  1.981E+05
  156.      3.488E+08  2.481E+07  8.072E+07  1.268E+07  3.187E+06  1.660E+06  6.122E+05  1.970E+05
  168.      3.489E+08  2.480E+07  8.067E+07  1.266E+07  3.183E+06  1.658E+06  6.112E+05  1.966E+05
  180.      3.489E+08  2.480E+07  8.067E+07  1.266E+07  3.183E+06  1.658E+06  6.112E+05  1.966E+05
 ALTITUDE (cm):   30000000.000000000     
   Theta     1.00       2.00       5.00       10.0       15.0       20.0       30.0       50.0    
  0.00      2.767E+07  2.700E+07  3.873E+07  1.313E+07  4.726E+06  2.477E+06  9.639E+05  3.388E+05
  11.6      2.767E+07  2.700E+07  3.873E+07  1.313E+07  4.726E+06  2.477E+06  9.639E+05  3.388E+05
  23.6      2.868E+07  2.739E+07  3.955E+07  1.329E+07  4.759E+06  2.490E+06  9.669E+05  3.390E+05
  36.9      3.104E+07  2.825E+07  4.138E+07  1.364E+07  4.829E+06  2.518E+06  9.730E+05  3.391E+05
  90.0      3.712E+07  3.024E+07  4.567E+07  1.445E+07  4.977E+06  2.576E+06  9.845E+05  3.386E+05
  143.      4.788E+07  3.199E+07  5.007E+07  1.515E+07  5.079E+06  2.614E+06  9.896E+05  3.362E+05
  156.      5.259E+07  3.269E+07  5.189E+07  1.542E+07  5.113E+06  2.626E+06  9.903E+05  3.348E+05
  168.      5.473E+07  3.300E+07  5.269E+07  1.554E+07  5.127E+06  2.631E+06  9.904E+05  3.341E+05
  180.      5.473E+07  3.300E+07  5.269E+07  1.554E+07  5.127E+06  2.631E+06  9.904E+05  3.341E+05
 ALTITUDE (cm):   40000000.000000000     
   Theta     1.00       2.00       5.00       10.0       15.0       20.0       30.0       50.0    
  0.00      3.405E+06  5.046E+06  5.623E+06  3.094E+06  1.745E+06  1.144E+06  6.182E+05  2.881E+05
  11.6      3.405E+06  5.046E+06  5.623E+06  3.094E+06  1.745E+06  1.144E+06  6.182E+05  2.881E+05
  23.6      3.497E+06  5.318E+06  6.179E+06  3.380E+06  1.876E+06  1.211E+06  6.378E+05  2.905E+05
  36.9      3.702E+06  5.941E+06  7.470E+06  4.031E+06  2.170E+06  1.360E+06  6.837E+05  2.981E+05
  90.0      4.183E+06  7.460E+06  1.073E+07  5.596E+06  2.853E+06  1.707E+06  7.937E+05  3.215E+05
  143.      4.829E+06  9.578E+06  1.533E+07  7.322E+06  3.457E+06  1.990E+06  8.719E+05  3.341E+05
  156.      5.127E+06  1.053E+07  1.734E+07  8.034E+06  3.694E+06  2.097E+06  9.004E+05  3.379E+05
  168.      5.264E+06  1.096E+07  1.825E+07  8.347E+06  3.795E+06  2.143E+06  9.121E+05  3.394E+05
  180.      5.264E+06  1.096E+07  1.825E+07  8.347E+06  3.795E+06  2.143E+06  9.121E+05  3.394E+05
 ALTITUDE (cm):   80000000.000000000     
   Theta     1.00       2.00       5.00       10.0       15.0       20.0       30.0       50.0    
  0.00      4.948E+05  6.654E+05  4.985E+05  5.454E+05  6.689E+05  6.710E+05  5.397E+05  2.964E+05
  11.6      4.948E+05  6.654E+05  4.985E+05  5.454E+05  6.689E+05  6.710E+05  5.397E+05  2.964E+05
  23.6      5.108E+05  7.204E+05  5.962E+05  5.576E+05  6.404E+05  6.230E+05  4.879E+05  2.771E+05
  36.9      5.465E+05  8.485E+05  8.705E+05  6.411E+05  6.145E+05  5.514E+05  4.022E+05  2.313E+05
  90.0      6.283E+05  1.169E+06  1.838E+06  1.282E+06  8.759E+05  6.275E+05  3.804E+05  2.014E+05
  143.      7.404E+05  1.688E+06  4.179E+06  3.431E+06  2.207E+06  1.447E+06  7.362E+05  3.146E+05
  156.      7.951E+05  1.944E+06  5.305E+06  4.265E+06  2.614E+06  1.655E+06  8.017E+05  3.270E+05
  168.      8.208E+05  2.065E+06  5.835E+06  4.626E+06  2.778E+06  1.735E+06  8.253E+05  3.309E+05
  180.      8.208E+05  2.065E+06  5.835E+06  4.626E+06  2.778E+06  1.735E+06  8.253E+05  3.309E+05

