Filename: ubcmaCpai.001
Emin,Emax,Jo,IJ: 0.5000     1.0000E+0410000    1
L,Iono,Io,B1,BO:  4.60       34   80 0.393     3.185E-03
Idate,UT,time,delt: 86079      0.0  0.00     1.000E+05
Knum1-4,Ko:   5  20  90  20 135
Ne(Iono,Itop,Iono+Ip): 6.584E+04  21.2     6.584E+04
F107,F107A,MLAT,MLONG:  150.      150.      60.4      0.00    
Iono1: STL,GLAT,GLONG,SZA:  0.00      60.4      0.00      120.    
Iono2: STL,GLAT,GLONG,SZA:  0.00      60.4      0.00      120.    
AP vector:  17.0      3.00      3.00      5.00      5.00      4.50      8.00    
Photoelectrons allowed in Iono1,Iono2: No  No 
Primary electron beam(E,Mu): No primary beam     , No Mu function
 Pitch angle distributions at several KE and S
 First ionosphere
 ALTITUDE (cm):   10000000.000000000     
   Theta     1.00       2.00       5.00       10.0       15.0       20.0       30.0       50.0    
  0.00      1.120E+04   390.      2.583E+03   300.       72.5       40.5       15.2       4.69    
  11.6      1.120E+04   390.      2.583E+03   300.       72.5       40.5       15.2       4.69    
  23.6      1.119E+04   390.      2.581E+03   300.       72.4       40.5       15.2       4.69    
  36.9      1.118E+04   390.      2.578E+03   299.       72.4       40.5       15.2       4.69    
  90.0      1.114E+04   389.      2.569E+03   298.       72.3       40.4       15.2       4.69    
  143.      1.126E+04   391.      2.595E+03   301.       72.7       40.7       15.3       4.71    
  156.      1.129E+04   392.      2.600E+03   301.       72.8       40.7       15.3       4.72    
  168.      1.130E+04   392.      2.603E+03   302.       72.8       40.8       15.3       4.72    
  180.      1.130E+04   392.      2.603E+03   302.       72.8       40.8       15.3       4.72    
 ALTITUDE (cm):   15000000.000000000     
   Theta     1.00       2.00       5.00       10.0       15.0       20.0       30.0       50.0    
  0.00      1.182E+08  4.762E+06  2.330E+07  2.977E+06  7.200E+05  3.873E+05  1.441E+05  4.549E+04
  11.6      1.182E+08  4.762E+06  2.330E+07  2.977E+06  7.200E+05  3.873E+05  1.441E+05  4.549E+04
  23.6      1.182E+08  4.762E+06  2.330E+07  2.977E+06  7.203E+05  3.874E+05  1.442E+05  4.554E+04
  36.9      1.183E+08  4.762E+06  2.332E+07  2.978E+06  7.209E+05  3.877E+05  1.443E+05  4.564E+04
  90.0      1.185E+08  4.762E+06  2.335E+07  2.980E+06  7.222E+05  3.882E+05  1.448E+05  4.588E+04
  143.      1.203E+08  4.810E+06  2.361E+07  3.018E+06  7.299E+05  3.928E+05  1.463E+05  4.639E+04
  156.      1.208E+08  4.823E+06  2.368E+07  3.029E+06  7.321E+05  3.941E+05  1.468E+05  4.657E+04
  168.      1.210E+08  4.828E+06  2.371E+07  3.033E+06  7.331E+05  3.946E+05  1.470E+05  4.665E+04
  180.      1.210E+08  4.828E+06  2.371E+07  3.033E+06  7.331E+05  3.946E+05  1.470E+05  4.665E+04
 ALTITUDE (cm):   20000000.000000000     
   Theta     1.00       2.00       5.00       10.0       15.0       20.0       30.0       50.0    
  0.00      3.271E+08  2.315E+07  7.551E+07  1.186E+07  2.991E+06  1.558E+06  5.744E+05  1.843E+05
  11.6      3.271E+08  2.315E+07  7.551E+07  1.186E+07  2.991E+06  1.558E+06  5.744E+05  1.843E+05
  23.6      3.270E+08  2.316E+07  7.555E+07  1.187E+07  2.994E+06  1.559E+06  5.752E+05  1.847E+05
  36.9      3.267E+08  2.319E+07  7.563E+07  1.189E+07  3.001E+06  1.563E+06  5.770E+05  1.855E+05
  90.0      3.259E+08  2.326E+07  7.581E+07  1.193E+07  3.016E+06  1.570E+06  5.810E+05  1.875E+05
  143.      3.267E+08  2.359E+07  7.633E+07  1.211E+07  3.060E+06  1.593E+06  5.888E+05  1.903E+05
  156.      3.265E+08  2.368E+07  7.647E+07  1.216E+07  3.073E+06  1.600E+06  5.914E+05  1.914E+05
  168.      3.264E+08  2.372E+07  7.653E+07  1.218E+07  3.078E+06  1.603E+06  5.925E+05  1.918E+05
  180.      3.264E+08  2.372E+07  7.653E+07  1.218E+07  3.078E+06  1.603E+06  5.925E+05  1.918E+05
 ALTITUDE (cm):   30000000.000000000     
   Theta     1.00       2.00       5.00       10.0       15.0       20.0       30.0       50.0    
  0.00      4.843E+07  2.823E+07  4.560E+07  1.300E+07  4.217E+06  2.144E+06  7.959E+05  2.635E+05
  11.6      4.843E+07  2.823E+07  4.560E+07  1.300E+07  4.217E+06  2.144E+06  7.959E+05  2.635E+05
  23.6      4.648E+07  2.795E+07  4.486E+07  1.289E+07  4.197E+06  2.135E+06  7.929E+05  2.625E+05
  36.9      4.220E+07  2.731E+07  4.321E+07  1.262E+07  4.151E+06  2.114E+06  7.856E+05  2.599E+05
  90.0      3.246E+07  2.575E+07  3.922E+07  1.197E+07  4.033E+06  2.058E+06  7.665E+05  2.529E+05
  143.      2.702E+07  2.402E+07  3.542E+07  1.125E+07  3.877E+06  1.984E+06  7.380E+05  2.404E+05
  156.      2.489E+07  2.325E+07  3.378E+07  1.093E+07  3.800E+06  1.947E+06  7.236E+05  2.340E+05
  168.      2.397E+07  2.290E+07  3.305E+07  1.078E+07  3.764E+06  1.930E+06  7.168E+05  2.310E+05
  180.      2.397E+07  2.290E+07  3.305E+07  1.078E+07  3.764E+06  1.930E+06  7.168E+05  2.310E+05
 ALTITUDE (cm):   40000000.000000000     
   Theta     1.00       2.00       5.00       10.0       15.0       20.0       30.0       50.0    
  0.00      4.283E+06  9.004E+06  1.507E+07  6.528E+06  2.837E+06  1.549E+06  6.286E+05  2.273E+05
  11.6      4.283E+06  9.004E+06  1.507E+07  6.528E+06  2.837E+06  1.549E+06  6.286E+05  2.273E+05
  23.6      4.167E+06  8.635E+06  1.429E+07  6.258E+06  2.743E+06  1.501E+06  6.110E+05  2.213E+05
  36.9      3.914E+06  7.827E+06  1.256E+07  5.649E+06  2.525E+06  1.390E+06  5.692E+05  2.067E+05
  90.0      3.368E+06  6.029E+06  8.622E+06  4.183E+06  1.975E+06  1.103E+06  4.588E+05  1.665E+05
  143.      2.966E+06  4.756E+06  5.889E+06  2.889E+06  1.377E+06  7.657E+05  3.128E+05  1.061E+05
  156.      2.794E+06  4.236E+06  4.810E+06  2.350E+06  1.118E+06  6.172E+05  2.478E+05  7.971E+04
  168.      2.717E+06  4.008E+06  4.346E+06  2.113E+06  1.002E+06  5.504E+05  2.186E+05  6.810E+04
  180.      2.717E+06  4.008E+06  4.346E+06  2.113E+06  1.002E+06  5.504E+05  2.186E+05  6.810E+04
 ALTITUDE (cm):   80000000.000000000     
   Theta     1.00       2.00       5.00       10.0       15.0       20.0       30.0       50.0    
  0.00      6.318E+05  1.611E+06  4.587E+06  3.443E+06  1.964E+06  1.176E+06  5.277E+05  2.072E+05
  11.6      6.318E+05  1.611E+06  4.587E+06  3.443E+06  1.964E+06  1.176E+06  5.277E+05  2.072E+05
  23.6      6.109E+05  1.512E+06  4.151E+06  3.148E+06  1.825E+06  1.101E+06  4.994E+05  1.979E+05
  36.9      5.663E+05  1.304E+06  3.229E+06  2.473E+06  1.484E+06  9.150E+05  4.271E+05  1.739E+05
  90.0      4.751E+05  8.800E+05  1.322E+06  7.735E+05  4.458E+05  2.786E+05  1.445E+05  7.000E+04
  143.      4.084E+05  6.184E+05  5.210E+05  1.591E+05  6.290E+04  3.302E+04  1.581E+04  9.109E+03
  156.      3.792E+05  5.136E+05  2.910E+05  5.698E+04  2.220E+04  1.450E+04  9.818E+03  7.590E+03
  168.      3.662E+05  4.686E+05  2.084E+05  3.189E+04  1.530E+04  1.218E+04  9.342E+03  7.532E+03
  180.      3.662E+05  4.686E+05  2.084E+05  3.189E+04  1.530E+04  1.218E+04  9.342E+03  7.532E+03
 Second ionosphere
 ALTITUDE (cm):   10000000.000000000     
   Theta     1.00       2.00       5.00       10.0       15.0       20.0       30.0       50.0    
  0.00      1.126E+04   392.      2.595E+03   301.       72.8       40.7       15.3       4.72    
  11.6      1.126E+04   392.      2.595E+03   301.       72.8       40.7       15.3       4.72    
  23.6      1.125E+04   391.      2.593E+03   301.       72.8       40.7       15.3       4.72    
  36.9      1.123E+04   391.      2.587E+03   300.       72.7       40.6       15.3       4.71    
  90.0      1.116E+04   390.      2.574E+03   299.       72.4       40.5       15.2       4.70    
  143.      1.126E+04   392.      2.595E+03   301.       72.7       40.7       15.3       4.71    
  156.      1.127E+04   392.      2.599E+03   301.       72.8       40.7       15.3       4.71    
  168.      1.128E+04   392.      2.601E+03   301.       72.8       40.7       15.3       4.71    
  180.      1.128E+04   392.      2.601E+03   301.       72.8       40.7       15.3       4.71    
 ALTITUDE (cm):   15000000.000000000     
   Theta     1.00       2.00       5.00       10.0       15.0       20.0       30.0       50.0    
  0.00      1.206E+08  4.819E+06  2.367E+07  3.025E+06  7.321E+05  3.939E+05  1.469E+05  4.664E+04
  11.6      1.206E+08  4.819E+06  2.367E+07  3.025E+06  7.321E+05  3.939E+05  1.469E+05  4.664E+04
  23.6      1.204E+08  4.813E+06  2.363E+07  3.021E+06  7.311E+05  3.933E+05  1.467E+05  4.656E+04
  36.9      1.199E+08  4.801E+06  2.356E+07  3.010E+06  7.289E+05  3.920E+05  1.462E+05  4.639E+04
  90.0      1.187E+08  4.771E+06  2.339E+07  2.985E+06  7.235E+05  3.889E+05  1.450E+05  4.596E+04
  143.      1.191E+08  4.788E+06  2.344E+07  2.997E+06  7.244E+05  3.898E+05  1.450E+05  4.581E+04
  156.      1.190E+08  4.788E+06  2.343E+07  2.996E+06  7.238E+05  3.895E+05  1.448E+05  4.570E+04
  168.      1.189E+08  4.788E+06  2.342E+07  2.995E+06  7.235E+05  3.893E+05  1.447E+05  4.566E+04
  180.      1.189E+08  4.788E+06  2.342E+07  2.995E+06  7.235E+05  3.893E+05  1.447E+05  4.566E+04
 ALTITUDE (cm):   20000000.000000000     
   Theta     1.00       2.00       5.00       10.0       15.0       20.0       30.0       50.0    
  0.00      3.258E+08  2.365E+07  7.645E+07  1.214E+07  3.071E+06  1.599E+06  5.916E+05  1.916E+05
  11.6      3.258E+08  2.365E+07  7.645E+07  1.214E+07  3.071E+06  1.599E+06  5.916E+05  1.916E+05
  23.6      3.259E+08  2.361E+07  7.639E+07  1.212E+07  3.065E+06  1.596E+06  5.905E+05  1.912E+05
  36.9      3.261E+08  2.351E+07  7.625E+07  1.207E+07  3.052E+06  1.589E+06  5.879E+05  1.902E+05
  90.0      3.263E+08  2.329E+07  7.591E+07  1.195E+07  3.020E+06  1.572E+06  5.817E+05  1.877E+05
  143.      3.282E+08  2.333E+07  7.591E+07  1.196E+07  3.016E+06  1.571E+06  5.793E+05  1.862E+05
  156.      3.285E+08  2.329E+07  7.583E+07  1.194E+07  3.009E+06  1.567E+06  5.775E+05  1.853E+05
  168.      3.286E+08  2.328E+07  7.579E+07  1.193E+07  3.005E+06  1.566E+06  5.767E+05  1.849E+05
  180.      3.286E+08  2.328E+07  7.579E+07  1.193E+07  3.005E+06  1.566E+06  5.767E+05  1.849E+05
 ALTITUDE (cm):   30000000.000000000     
   Theta     1.00       2.00       5.00       10.0       15.0       20.0       30.0       50.0    
  0.00      2.398E+07  2.291E+07  3.307E+07  1.077E+07  3.759E+06  1.927E+06  7.160E+05  2.307E+05
  11.6      2.398E+07  2.291E+07  3.307E+07  1.077E+07  3.759E+06  1.927E+06  7.160E+05  2.307E+05
  23.6      2.490E+07  2.325E+07  3.380E+07  1.092E+07  3.795E+06  1.944E+06  7.227E+05  2.338E+05
  36.9      2.703E+07  2.402E+07  3.544E+07  1.124E+07  3.871E+06  1.981E+06  7.371E+05  2.401E+05
  90.0      3.251E+07  2.579E+07  3.928E+07  1.199E+07  4.037E+06  2.060E+06  7.672E+05  2.532E+05
  143.      4.231E+07  2.739E+07  4.329E+07  1.266E+07  4.166E+06  2.122E+06  7.881E+05  2.607E+05
  156.      4.661E+07  2.803E+07  4.495E+07  1.293E+07  4.213E+06  2.143E+06  7.954E+05  2.633E+05
  168.      4.856E+07  2.831E+07  4.568E+07  1.305E+07  4.232E+06  2.153E+06  7.984E+05  2.643E+05
  180.      4.856E+07  2.831E+07  4.568E+07  1.305E+07  4.232E+06  2.153E+06  7.984E+05  2.643E+05
 ALTITUDE (cm):   40000000.000000000     
   Theta     1.00       2.00       5.00       10.0       15.0       20.0       30.0       50.0    
  0.00      2.721E+06  4.014E+06  4.352E+06  2.115E+06  1.002E+06  5.505E+05  2.186E+05  6.809E+04
  11.6      2.721E+06  4.014E+06  4.352E+06  2.115E+06  1.002E+06  5.505E+05  2.186E+05  6.809E+04
  23.6      2.798E+06  4.242E+06  4.816E+06  2.352E+06  1.118E+06  6.173E+05  2.478E+05  7.970E+04
  36.9      2.970E+06  4.763E+06  5.896E+06  2.891E+06  1.378E+06  7.658E+05  3.128E+05  1.061E+05
  90.0      3.374E+06  6.038E+06  8.635E+06  4.190E+06  1.978E+06  1.105E+06  4.595E+05  1.667E+05
  143.      3.921E+06  7.840E+06  1.258E+07  5.662E+06  2.531E+06  1.393E+06  5.705E+05  2.072E+05
  156.      4.174E+06  8.650E+06  1.431E+07  6.273E+06  2.749E+06  1.505E+06  6.124E+05  2.218E+05
  168.      4.290E+06  9.020E+06  1.510E+07  6.543E+06  2.844E+06  1.553E+06  6.301E+05  2.279E+05
  180.      4.290E+06  9.020E+06  1.510E+07  6.543E+06  2.844E+06  1.553E+06  6.301E+05  2.279E+05
 ALTITUDE (cm):   80000000.000000000     
   Theta     1.00       2.00       5.00       10.0       15.0       20.0       30.0       50.0    
  0.00      3.668E+05  4.694E+05  2.087E+05  3.191E+04  1.529E+04  1.217E+04  9.329E+03  7.522E+03
  11.6      3.668E+05  4.694E+05  2.087E+05  3.191E+04  1.529E+04  1.217E+04  9.329E+03  7.522E+03
  23.6      3.798E+05  5.145E+05  2.915E+05  5.704E+04  2.220E+04  1.449E+04  9.806E+03  7.581E+03
  36.9      4.091E+05  6.195E+05  5.219E+05  1.593E+05  6.295E+04  3.303E+04  1.580E+04  9.100E+03
  90.0      4.759E+05  8.815E+05  1.325E+06  7.752E+05  4.468E+05  2.792E+05  1.448E+05  7.017E+04
  143.      5.673E+05  1.306E+06  3.234E+06  2.479E+06  1.488E+06  9.170E+05  4.280E+05  1.742E+05
  156.      6.119E+05  1.515E+06  4.158E+06  3.155E+06  1.829E+06  1.103E+06  5.005E+05  1.983E+05
  168.      6.329E+05  1.614E+06  4.595E+06  3.451E+06  1.969E+06  1.178E+06  5.289E+05  2.076E+05
  180.      6.329E+05  1.614E+06  4.595E+06  3.451E+06  1.969E+06  1.178E+06  5.289E+05  2.076E+05

