Filename: echmaApai.001
Emin,Emax,Jo,IJ: 0.5000     1.0000E+0410000    1
L,Iono,Io,B1,BO:  6.80       34   80 0.407     9.859E-04
Idate,UT,time,delt: 86079      0.0  0.00     1.000E+05
Knum1-4,Ko:   5  20  90  20 135
Ne(Iono,Itop,Iono+Ip): 6.863E+04  12.5     6.863E+04
F107,F107A,MLAT,MLONG:  150.      150.      66.0      0.00    
Iono1: STL,GLAT,GLONG,SZA:  0.00      66.0      0.00      114.    
Iono2: STL,GLAT,GLONG,SZA:  0.00      66.0      0.00      114.    
AP vector:  17.0      3.00      3.00      5.00      5.00      4.50      8.00    
Photoelectrons allowed in Iono1,Iono2: No  No 
Primary electron beam(E,Mu): No primary beam     , No Mu function
 Pitch angle distributions at several KE and S
 First ionosphere
 ALTITUDE (cm):   10000000.000000000     
   Theta     1.00       2.00       5.00       10.0       15.0       20.0       30.0       50.0    
  0.00      1.156E+04   402.      2.665E+03   309.       74.3       41.8       15.6       4.84    
  11.5      1.156E+04   402.      2.665E+03   309.       74.3       41.8       15.6       4.84    
  23.6      1.155E+04   402.      2.663E+03   309.       74.3       41.8       15.6       4.84    
  36.9      1.154E+04   402.      2.659E+03   308.       74.2       41.8       15.6       4.84    
  90.0      1.150E+04   401.      2.650E+03   308.       74.1       41.7       15.6       4.84    
  143.      1.162E+04   404.      2.677E+03   310.       74.6       42.0       15.7       4.86    
  156.      1.165E+04   404.      2.683E+03   311.       74.7       42.0       15.7       4.87    
  168.      1.166E+04   404.      2.685E+03   311.       74.7       42.1       15.7       4.87    
  180.      1.166E+04   404.      2.685E+03   311.       74.7       42.1       15.7       4.87    
 ALTITUDE (cm):   15000000.000000000     
   Theta     1.00       2.00       5.00       10.0       15.0       20.0       30.0       50.0    
  0.00      1.177E+08  4.718E+06  2.338E+07  2.977E+06  7.148E+05  3.877E+05  1.435E+05  4.552E+04
  11.5      1.177E+08  4.718E+06  2.338E+07  2.977E+06  7.148E+05  3.877E+05  1.435E+05  4.552E+04
  23.6      1.177E+08  4.719E+06  2.339E+07  2.977E+06  7.151E+05  3.879E+05  1.436E+05  4.557E+04
  36.9      1.178E+08  4.719E+06  2.340E+07  2.978E+06  7.156E+05  3.881E+05  1.438E+05  4.567E+04
  90.0      1.181E+08  4.719E+06  2.343E+07  2.980E+06  7.166E+05  3.887E+05  1.441E+05  4.591E+04
  143.      1.198E+08  4.766E+06  2.370E+07  3.019E+06  7.249E+05  3.933E+05  1.458E+05  4.642E+04
  156.      1.203E+08  4.778E+06  2.377E+07  3.029E+06  7.272E+05  3.945E+05  1.463E+05  4.660E+04
  168.      1.205E+08  4.784E+06  2.380E+07  3.033E+06  7.282E+05  3.951E+05  1.465E+05  4.668E+04
  180.      1.205E+08  4.784E+06  2.380E+07  3.033E+06  7.282E+05  3.951E+05  1.465E+05  4.668E+04
 ALTITUDE (cm):   20000000.000000000     
   Theta     1.00       2.00       5.00       10.0       15.0       20.0       30.0       50.0    
  0.00      3.193E+08  2.216E+07  7.455E+07  1.160E+07  2.898E+06  1.526E+06  5.596E+05  1.801E+05
  11.5      3.193E+08  2.216E+07  7.455E+07  1.160E+07  2.898E+06  1.526E+06  5.596E+05  1.801E+05
  23.6      3.191E+08  2.218E+07  7.459E+07  1.161E+07  2.900E+06  1.527E+06  5.603E+05  1.804E+05
  36.9      3.188E+08  2.220E+07  7.466E+07  1.163E+07  2.906E+06  1.530E+06  5.618E+05  1.812E+05
  90.0      3.179E+08  2.226E+07  7.482E+07  1.167E+07  2.919E+06  1.537E+06  5.650E+05  1.830E+05
  143.      3.186E+08  2.256E+07  7.533E+07  1.183E+07  2.962E+06  1.559E+06  5.733E+05  1.857E+05
  156.      3.184E+08  2.265E+07  7.546E+07  1.188E+07  2.975E+06  1.565E+06  5.758E+05  1.866E+05
  168.      3.183E+08  2.268E+07  7.551E+07  1.190E+07  2.981E+06  1.568E+06  5.769E+05  1.870E+05
  180.      3.183E+08  2.268E+07  7.551E+07  1.190E+07  2.981E+06  1.568E+06  5.769E+05  1.870E+05
 ALTITUDE (cm):   30000000.000000000     
   Theta     1.00       2.00       5.00       10.0       15.0       20.0       30.0       50.0    
  0.00      4.638E+07  2.665E+07  4.444E+07  1.242E+07  3.976E+06  2.037E+06  7.509E+05  2.478E+05
  11.5      4.638E+07  2.665E+07  4.444E+07  1.242E+07  3.976E+06  2.037E+06  7.509E+05  2.478E+05
  23.6      4.452E+07  2.640E+07  4.373E+07  1.232E+07  3.958E+06  2.028E+06  7.480E+05  2.468E+05
  36.9      4.043E+07  2.583E+07  4.213E+07  1.207E+07  3.915E+06  2.008E+06  7.410E+05  2.444E+05
  90.0      3.115E+07  2.444E+07  3.829E+07  1.145E+07  3.806E+06  1.955E+06  7.227E+05  2.377E+05
  143.      2.597E+07  2.288E+07  3.463E+07  1.078E+07  3.668E+06  1.888E+06  6.980E+05  2.263E+05
  156.      2.394E+07  2.219E+07  3.305E+07  1.047E+07  3.599E+06  1.854E+06  6.851E+05  2.205E+05
  168.      2.308E+07  2.188E+07  3.235E+07  1.033E+07  3.567E+06  1.838E+06  6.791E+05  2.177E+05
  180.      2.308E+07  2.188E+07  3.235E+07  1.033E+07  3.567E+06  1.838E+06  6.791E+05  2.177E+05
 ALTITUDE (cm):   40000000.000000000     
   Theta     1.00       2.00       5.00       10.0       15.0       20.0       30.0       50.0    
  0.00      4.417E+06  9.152E+06  1.521E+07  6.374E+06  2.724E+06  1.486E+06  5.981E+05  2.140E+05
  11.5      4.417E+06  9.152E+06  1.521E+07  6.374E+06  2.724E+06  1.486E+06  5.981E+05  2.140E+05
  23.6      4.297E+06  8.787E+06  1.444E+07  6.120E+06  2.637E+06  1.442E+06  5.823E+05  2.086E+05
  36.9      4.035E+06  7.983E+06  1.273E+07  5.543E+06  2.437E+06  1.340E+06  5.446E+05  1.954E+05
  90.0      3.467E+06  6.181E+06  8.826E+06  4.151E+06  1.931E+06  1.077E+06  4.450E+05  1.592E+05
  143.      3.046E+06  4.878E+06  6.060E+06  2.903E+06  1.373E+06  7.654E+05  3.139E+05  1.049E+05
  156.      2.866E+06  4.344E+06  4.964E+06  2.382E+06  1.131E+06  6.280E+05  2.553E+05  8.107E+04
  168.      2.786E+06  4.111E+06  4.492E+06  2.152E+06  1.022E+06  5.663E+05  2.289E+05  7.055E+04
  180.      2.786E+06  4.111E+06  4.492E+06  2.152E+06  1.022E+06  5.663E+05  2.289E+05  7.055E+04
 ALTITUDE (cm):   80000000.000000000     
   Theta     1.00       2.00       5.00       10.0       15.0       20.0       30.0       50.0    
  0.00      6.650E+05  1.684E+06  4.707E+06  3.396E+06  1.905E+06  1.134E+06  5.047E+05  1.952E+05
  11.5      6.650E+05  1.684E+06  4.707E+06  3.396E+06  1.905E+06  1.134E+06  5.047E+05  1.952E+05
  23.6      6.435E+05  1.582E+06  4.261E+06  3.110E+06  1.774E+06  1.065E+06  4.788E+05  1.867E+05
  36.9      5.979E+05  1.366E+06  3.319E+06  2.453E+06  1.452E+06  8.911E+05  4.126E+05  1.649E+05
  90.0      5.047E+05  9.309E+05  1.374E+06  7.910E+05  4.577E+05  2.869E+05  1.469E+05  6.905E+04
  143.      4.390E+05  6.747E+05  6.025E+05  2.330E+05  1.299E+05  7.910E+04  4.263E+04  1.538E+04
  156.      4.103E+05  5.712E+05  3.683E+05  1.263E+05  8.851E+04  5.980E+04  3.662E+04  1.354E+04
  168.      3.974E+05  5.266E+05  2.813E+05  9.718E+04  8.081E+04  5.717E+04  3.626E+04  1.348E+04
  180.      3.974E+05  5.266E+05  2.813E+05  9.718E+04  8.081E+04  5.717E+04  3.626E+04  1.348E+04
 Second ionosphere
 ALTITUDE (cm):   10000000.000000000     
   Theta     1.00       2.00       5.00       10.0       15.0       20.0       30.0       50.0    
  0.00      1.162E+04   404.      2.677E+03   310.       74.7       42.0       15.7       4.87    
  11.5      1.162E+04   404.      2.677E+03   310.       74.7       42.0       15.7       4.87    
  23.6      1.161E+04   404.      2.675E+03   310.       74.6       42.0       15.7       4.87    
  36.9      1.159E+04   403.      2.669E+03   310.       74.5       41.9       15.7       4.86    
  90.0      1.152E+04   402.      2.655E+03   308.       74.2       41.7       15.6       4.85    
  143.      1.162E+04   404.      2.678E+03   310.       74.6       42.0       15.7       4.86    
  156.      1.163E+04   404.      2.681E+03   311.       74.7       42.0       15.7       4.86    
  168.      1.164E+04   405.      2.683E+03   311.       74.7       42.0       15.7       4.86    
  180.      1.164E+04   405.      2.683E+03   311.       74.7       42.0       15.7       4.86    
 ALTITUDE (cm):   15000000.000000000     
   Theta     1.00       2.00       5.00       10.0       15.0       20.0       30.0       50.0    
  0.00      1.202E+08  4.775E+06  2.376E+07  3.025E+06  7.269E+05  3.944E+05  1.463E+05  4.668E+04
  11.5      1.202E+08  4.775E+06  2.376E+07  3.025E+06  7.269E+05  3.944E+05  1.463E+05  4.668E+04
  23.6      1.199E+08  4.769E+06  2.372E+07  3.021E+06  7.259E+05  3.938E+05  1.461E+05  4.660E+04
  36.9      1.194E+08  4.757E+06  2.365E+07  3.010E+06  7.235E+05  3.925E+05  1.456E+05  4.642E+04
  90.0      1.183E+08  4.728E+06  2.347E+07  2.985E+06  7.179E+05  3.894E+05  1.443E+05  4.599E+04
  143.      1.186E+08  4.745E+06  2.353E+07  2.997E+06  7.194E+05  3.902E+05  1.445E+05  4.584E+04
  156.      1.185E+08  4.744E+06  2.352E+07  2.996E+06  7.189E+05  3.899E+05  1.443E+05  4.573E+04
  168.      1.184E+08  4.744E+06  2.351E+07  2.995E+06  7.186E+05  3.898E+05  1.442E+05  4.568E+04
  180.      1.184E+08  4.744E+06  2.351E+07  2.995E+06  7.186E+05  3.898E+05  1.442E+05  4.568E+04
 ALTITUDE (cm):   20000000.000000000     
   Theta     1.00       2.00       5.00       10.0       15.0       20.0       30.0       50.0    
  0.00      3.177E+08  2.262E+07  7.543E+07  1.186E+07  2.972E+06  1.564E+06  5.757E+05  1.869E+05
  11.5      3.177E+08  2.262E+07  7.543E+07  1.186E+07  2.972E+06  1.564E+06  5.757E+05  1.869E+05
  23.6      3.178E+08  2.258E+07  7.538E+07  1.184E+07  2.967E+06  1.561E+06  5.745E+05  1.864E+05
  36.9      3.180E+08  2.250E+07  7.524E+07  1.179E+07  2.954E+06  1.555E+06  5.720E+05  1.855E+05
  90.0      3.183E+08  2.229E+07  7.492E+07  1.168E+07  2.923E+06  1.539E+06  5.658E+05  1.833E+05
  143.      3.202E+08  2.233E+07  7.494E+07  1.169E+07  2.922E+06  1.538E+06  5.645E+05  1.818E+05
  156.      3.206E+08  2.230E+07  7.486E+07  1.168E+07  2.916E+06  1.535E+06  5.630E+05  1.810E+05
  168.      3.207E+08  2.229E+07  7.483E+07  1.167E+07  2.913E+06  1.534E+06  5.623E+05  1.807E+05
  180.      3.207E+08  2.229E+07  7.483E+07  1.167E+07  2.913E+06  1.534E+06  5.623E+05  1.807E+05
 ALTITUDE (cm):   30000000.000000000     
   Theta     1.00       2.00       5.00       10.0       15.0       20.0       30.0       50.0    
  0.00      2.309E+07  2.189E+07  3.237E+07  1.033E+07  3.561E+06  1.835E+06  6.778E+05  2.175E+05
  11.5      2.309E+07  2.189E+07  3.237E+07  1.033E+07  3.561E+06  1.835E+06  6.778E+05  2.175E+05
  23.6      2.395E+07  2.220E+07  3.307E+07  1.046E+07  3.593E+06  1.851E+06  6.838E+05  2.202E+05
  36.9      2.598E+07  2.289E+07  3.464E+07  1.077E+07  3.661E+06  1.885E+06  6.966E+05  2.260E+05
  90.0      3.120E+07  2.448E+07  3.834E+07  1.147E+07  3.810E+06  1.958E+06  7.235E+05  2.379E+05
  143.      4.054E+07  2.590E+07  4.221E+07  1.211E+07  3.931E+06  2.015E+06  7.439E+05  2.451E+05
  156.      4.464E+07  2.647E+07  4.382E+07  1.236E+07  3.974E+06  2.036E+06  7.509E+05  2.475E+05
  168.      4.650E+07  2.673E+07  4.453E+07  1.247E+07  3.992E+06  2.045E+06  7.538E+05  2.486E+05
  180.      4.650E+07  2.673E+07  4.453E+07  1.247E+07  3.992E+06  2.045E+06  7.538E+05  2.486E+05
 ALTITUDE (cm):   40000000.000000000     
   Theta     1.00       2.00       5.00       10.0       15.0       20.0       30.0       50.0    
  0.00      2.790E+06  4.117E+06  4.498E+06  2.153E+06  1.022E+06  5.663E+05  2.289E+05  7.053E+04
  11.5      2.790E+06  4.117E+06  4.498E+06  2.153E+06  1.022E+06  5.663E+05  2.289E+05  7.053E+04
  23.6      2.870E+06  4.350E+06  4.970E+06  2.383E+06  1.131E+06  6.281E+05  2.553E+05  8.105E+04
  36.9      3.050E+06  4.885E+06  6.067E+06  2.905E+06  1.374E+06  7.654E+05  3.138E+05  1.049E+05
  90.0      3.472E+06  6.191E+06  8.840E+06  4.159E+06  1.934E+06  1.079E+06  4.457E+05  1.594E+05
  143.      4.042E+06  7.997E+06  1.275E+07  5.556E+06  2.443E+06  1.343E+06  5.460E+05  1.959E+05
  156.      4.304E+06  8.802E+06  1.446E+07  6.135E+06  2.644E+06  1.446E+06  5.839E+05  2.090E+05
  168.      4.425E+06  9.169E+06  1.523E+07  6.390E+06  2.731E+06  1.490E+06  5.998E+05  2.145E+05
  180.      4.425E+06  9.169E+06  1.523E+07  6.390E+06  2.731E+06  1.490E+06  5.998E+05  2.145E+05
 ALTITUDE (cm):   80000000.000000000     
   Theta     1.00       2.00       5.00       10.0       15.0       20.0       30.0       50.0    
  0.00      3.981E+05  5.275E+05  2.818E+05  9.714E+04  8.070E+04  5.709E+04  3.620E+04  1.346E+04
  11.5      3.981E+05  5.275E+05  2.818E+05  9.714E+04  8.070E+04  5.709E+04  3.620E+04  1.346E+04
  23.6      4.110E+05  5.722E+05  3.689E+05  1.263E+05  8.842E+04  5.972E+04  3.656E+04  1.352E+04
  36.9      4.398E+05  6.758E+05  6.035E+05  2.332E+05  1.298E+05  7.906E+04  4.259E+04  1.536E+04
  90.0      5.056E+05  9.324E+05  1.376E+06  7.926E+05  4.587E+05  2.875E+05  1.472E+05  6.921E+04
  143.      5.989E+05  1.369E+06  3.324E+06  2.459E+06  1.455E+06  8.931E+05  4.136E+05  1.652E+05
  156.      6.446E+05  1.584E+06  4.269E+06  3.117E+06  1.778E+06  1.067E+06  4.800E+05  1.871E+05
  168.      6.661E+05  1.686E+06  4.715E+06  3.404E+06  1.910E+06  1.137E+06  5.060E+05  1.956E+05
  180.      6.661E+05  1.686E+06  4.715E+06  3.404E+06  1.910E+06  1.137E+06  5.060E+05  1.956E+05

