Filename: ubmaxApai.001
Emin,Emax,Jo,IJ: 0.5000     1.0000E+0410000    1
L,Iono,Io,B1,BO:  6.80       34   80 0.407     9.859E-04
Idate,UT,time,delt: 86079      0.0  0.00     1.000E+05
Knum1-4,Ko:   5  20  90  20 135
Ne(Iono,Itop,Iono+Ip): 6.863E+04  12.5     6.863E+04
F107,F107A,MLAT,MLONG:  150.      150.      66.0      0.00    
Iono1: STL,GLAT,GLONG,SZA:  0.00      66.0      0.00      114.    
Iono2: STL,GLAT,GLONG,SZA:  0.00      66.0      0.00      114.    
AP vector:  17.0      3.00      3.00      5.00      5.00      4.50      8.00    
Photoelectrons allowed in Iono1,Iono2: No  No 
Primary electron beam(E,Mu): No primary beam     , No Mu function
 Pitch angle distributions at several KE and S
 First ionosphere
 ALTITUDE (cm):   10000000.000000000     
   Theta     1.00       2.00       5.00       10.0       15.0       20.0       30.0       50.0    
  0.00      1.134E+04   399.      2.641E+03   306.       73.7       41.5       15.5       4.80    
  11.5      1.134E+04   399.      2.641E+03   306.       73.7       41.5       15.5       4.80    
  23.6      1.133E+04   399.      2.639E+03   306.       73.7       41.5       15.5       4.80    
  36.9      1.131E+04   398.      2.636E+03   306.       73.6       41.4       15.5       4.80    
  90.0      1.128E+04   398.      2.626E+03   305.       73.5       41.3       15.5       4.80    
  143.      1.140E+04   400.      2.653E+03   308.       74.0       41.6       15.6       4.82    
  156.      1.142E+04   401.      2.659E+03   308.       74.1       41.7       15.6       4.82    
  168.      1.143E+04   401.      2.661E+03   308.       74.1       41.7       15.6       4.83    
  180.      1.143E+04   401.      2.661E+03   308.       74.1       41.7       15.6       4.83    
 ALTITUDE (cm):   15000000.000000000     
   Theta     1.00       2.00       5.00       10.0       15.0       20.0       30.0       50.0    
  0.00      1.060E+08  4.306E+06  2.133E+07  2.721E+06  6.537E+05  3.546E+05  1.312E+05  4.159E+04
  11.5      1.060E+08  4.306E+06  2.133E+07  2.721E+06  6.537E+05  3.546E+05  1.312E+05  4.159E+04
  23.6      1.060E+08  4.306E+06  2.133E+07  2.721E+06  6.539E+05  3.547E+05  1.313E+05  4.163E+04
  36.9      1.061E+08  4.307E+06  2.134E+07  2.722E+06  6.544E+05  3.549E+05  1.314E+05  4.172E+04
  90.0      1.063E+08  4.307E+06  2.137E+07  2.724E+06  6.553E+05  3.554E+05  1.317E+05  4.194E+04
  143.      1.079E+08  4.349E+06  2.161E+07  2.758E+06  6.627E+05  3.595E+05  1.333E+05  4.239E+04
  156.      1.083E+08  4.360E+06  2.167E+07  2.767E+06  6.648E+05  3.607E+05  1.337E+05  4.255E+04
  168.      1.085E+08  4.365E+06  2.170E+07  2.772E+06  6.657E+05  3.612E+05  1.339E+05  4.262E+04
  180.      1.085E+08  4.365E+06  2.170E+07  2.772E+06  6.657E+05  3.612E+05  1.339E+05  4.262E+04
 ALTITUDE (cm):   20000000.000000000     
   Theta     1.00       2.00       5.00       10.0       15.0       20.0       30.0       50.0    
  0.00      2.797E+08  1.949E+07  6.561E+07  1.021E+07  2.550E+06  1.343E+06  4.923E+05  1.582E+05
  11.5      2.797E+08  1.949E+07  6.561E+07  1.021E+07  2.550E+06  1.343E+06  4.923E+05  1.582E+05
  23.6      2.795E+08  1.950E+07  6.563E+07  1.021E+07  2.553E+06  1.344E+06  4.929E+05  1.585E+05
  36.9      2.792E+08  1.952E+07  6.569E+07  1.023E+07  2.557E+06  1.347E+06  4.941E+05  1.592E+05
  90.0      2.784E+08  1.957E+07  6.582E+07  1.026E+07  2.568E+06  1.352E+06  4.968E+05  1.607E+05
  143.      2.790E+08  1.983E+07  6.625E+07  1.040E+07  2.605E+06  1.371E+06  5.039E+05  1.630E+05
  156.      2.788E+08  1.990E+07  6.636E+07  1.044E+07  2.616E+06  1.376E+06  5.060E+05  1.637E+05
  168.      2.787E+08  1.994E+07  6.640E+07  1.046E+07  2.621E+06  1.379E+06  5.070E+05  1.641E+05
  180.      2.787E+08  1.994E+07  6.640E+07  1.046E+07  2.621E+06  1.379E+06  5.070E+05  1.641E+05
 ALTITUDE (cm):   30000000.000000000     
   Theta     1.00       2.00       5.00       10.0       15.0       20.0       30.0       50.0    
  0.00      4.014E+07  2.294E+07  3.834E+07  1.065E+07  3.399E+06  1.740E+06  6.401E+05  2.105E+05
  11.5      4.014E+07  2.294E+07  3.834E+07  1.065E+07  3.399E+06  1.740E+06  6.401E+05  2.105E+05
  23.6      3.852E+07  2.272E+07  3.773E+07  1.055E+07  3.382E+06  1.732E+06  6.373E+05  2.095E+05
  36.9      3.497E+07  2.223E+07  3.634E+07  1.033E+07  3.344E+06  1.713E+06  6.308E+05  2.071E+05
  90.0      2.690E+07  2.102E+07  3.299E+07  9.797E+06  3.245E+06  1.665E+06  6.137E+05  2.007E+05
  143.      2.241E+07  1.967E+07  2.981E+07  9.214E+06  3.123E+06  1.604E+06  5.911E+05  1.902E+05
  156.      2.065E+07  1.907E+07  2.845E+07  8.947E+06  3.062E+06  1.574E+06  5.795E+05  1.850E+05
  168.      1.990E+07  1.880E+07  2.784E+07  8.826E+06  3.033E+06  1.560E+06  5.740E+05  1.825E+05
  180.      1.990E+07  1.880E+07  2.784E+07  8.826E+06  3.033E+06  1.560E+06  5.740E+05  1.825E+05
 ALTITUDE (cm):   40000000.000000000     
   Theta     1.00       2.00       5.00       10.0       15.0       20.0       30.0       50.0    
  0.00      3.776E+06  7.834E+06  1.303E+07  5.409E+06  2.298E+06  1.251E+06  5.018E+05  1.790E+05
  11.5      3.776E+06  7.834E+06  1.303E+07  5.409E+06  2.298E+06  1.251E+06  5.018E+05  1.790E+05
  23.6      3.673E+06  7.519E+06  1.236E+07  5.190E+06  2.224E+06  1.213E+06  4.878E+05  1.742E+05
  36.9      3.448E+06  6.828E+06  1.089E+07  4.695E+06  2.050E+06  1.124E+06  4.546E+05  1.626E+05
  90.0      2.959E+06  5.279E+06  7.530E+06  3.500E+06  1.613E+06  8.949E+05  3.673E+05  1.310E+05
  143.      2.598E+06  4.161E+06  5.156E+06  2.432E+06  1.134E+06  6.255E+05  2.530E+05  8.457E+04
  156.      2.444E+06  3.703E+06  4.216E+06  1.986E+06  9.247E+05  5.066E+05  2.019E+05  6.426E+04
  168.      2.376E+06  3.503E+06  3.812E+06  1.789E+06  8.311E+05  4.531E+05  1.788E+05  5.530E+04
  180.      2.376E+06  3.503E+06  3.812E+06  1.789E+06  8.311E+05  4.531E+05  1.788E+05  5.530E+04
 ALTITUDE (cm):   80000000.000000000     
   Theta     1.00       2.00       5.00       10.0       15.0       20.0       30.0       50.0    
  0.00      5.641E+05  1.431E+06  4.002E+06  2.862E+06  1.597E+06  9.476E+05  4.203E+05  1.624E+05
  11.5      5.641E+05  1.431E+06  4.002E+06  2.862E+06  1.597E+06  9.476E+05  4.203E+05  1.624E+05
  23.6      5.457E+05  1.343E+06  3.621E+06  2.617E+06  1.484E+06  8.877E+05  3.978E+05  1.551E+05
  36.9      5.067E+05  1.159E+06  2.815E+06  2.057E+06  1.209E+06  7.383E+05  3.405E+05  1.362E+05
  90.0      4.271E+05  7.871E+05  1.153E+06  6.447E+05  3.658E+05  2.266E+05  1.164E+05  5.474E+04
  143.      3.709E+05  5.682E+05  4.929E+05  1.532E+05  6.219E+04  3.148E+04  1.651E+04  9.466E+03
  156.      3.464E+05  4.797E+05  2.923E+05  5.764E+04  2.189E+04  1.227E+04  1.017E+04  7.895E+03
  168.      3.354E+05  4.416E+05  2.177E+05  3.118E+04  1.362E+04  9.210E+03  9.511E+03  7.829E+03
  180.      3.354E+05  4.416E+05  2.177E+05  3.118E+04  1.362E+04  9.210E+03  9.511E+03  7.829E+03
 Second ionosphere
 ALTITUDE (cm):   10000000.000000000     
   Theta     1.00       2.00       5.00       10.0       15.0       20.0       30.0       50.0    
  0.00      1.140E+04   400.      2.653E+03   308.       74.0       41.7       15.6       4.83    
  11.5      1.140E+04   400.      2.653E+03   308.       74.0       41.7       15.6       4.83    
  23.6      1.139E+04   400.      2.651E+03   308.       74.0       41.6       15.6       4.83    
  36.9      1.136E+04   400.      2.645E+03   307.       73.9       41.6       15.6       4.82    
  90.0      1.130E+04   398.      2.632E+03   306.       73.6       41.4       15.5       4.81    
  143.      1.139E+04   401.      2.654E+03   308.       74.0       41.6       15.6       4.82    
  156.      1.141E+04   401.      2.658E+03   308.       74.0       41.7       15.6       4.82    
  168.      1.141E+04   401.      2.659E+03   308.       74.1       41.7       15.6       4.82    
  180.      1.141E+04   401.      2.659E+03   308.       74.1       41.7       15.6       4.82    
 ALTITUDE (cm):   15000000.000000000     
   Theta     1.00       2.00       5.00       10.0       15.0       20.0       30.0       50.0    
  0.00      1.082E+08  4.357E+06  2.166E+07  2.764E+06  6.646E+05  3.606E+05  1.337E+05  4.262E+04
  11.5      1.082E+08  4.357E+06  2.166E+07  2.764E+06  6.646E+05  3.606E+05  1.337E+05  4.262E+04
  23.6      1.080E+08  4.352E+06  2.163E+07  2.760E+06  6.637E+05  3.601E+05  1.335E+05  4.255E+04
  36.9      1.076E+08  4.341E+06  2.157E+07  2.751E+06  6.616E+05  3.589E+05  1.331E+05  4.239E+04
  90.0      1.065E+08  4.314E+06  2.141E+07  2.728E+06  6.565E+05  3.561E+05  1.320E+05  4.201E+04
  143.      1.068E+08  4.330E+06  2.146E+07  2.739E+06  6.579E+05  3.569E+05  1.321E+05  4.188E+04
  156.      1.067E+08  4.330E+06  2.145E+07  2.738E+06  6.575E+05  3.566E+05  1.320E+05  4.178E+04
  168.      1.067E+08  4.330E+06  2.144E+07  2.738E+06  6.572E+05  3.565E+05  1.319E+05  4.174E+04
  180.      1.067E+08  4.330E+06  2.144E+07  2.738E+06  6.572E+05  3.565E+05  1.319E+05  4.174E+04
 ALTITUDE (cm):   20000000.000000000     
   Theta     1.00       2.00       5.00       10.0       15.0       20.0       30.0       50.0    
  0.00      2.782E+08  1.988E+07  6.634E+07  1.043E+07  2.614E+06  1.375E+06  5.059E+05  1.640E+05
  11.5      2.782E+08  1.988E+07  6.634E+07  1.043E+07  2.614E+06  1.375E+06  5.059E+05  1.640E+05
  23.6      2.783E+08  1.985E+07  6.629E+07  1.041E+07  2.609E+06  1.373E+06  5.049E+05  1.636E+05
  36.9      2.785E+08  1.977E+07  6.618E+07  1.037E+07  2.598E+06  1.368E+06  5.028E+05  1.628E+05
  90.0      2.788E+08  1.960E+07  6.591E+07  1.027E+07  2.572E+06  1.354E+06  4.975E+05  1.609E+05
  143.      2.805E+08  1.963E+07  6.594E+07  1.029E+07  2.572E+06  1.354E+06  4.966E+05  1.598E+05
  156.      2.808E+08  1.961E+07  6.588E+07  1.027E+07  2.567E+06  1.351E+06  4.953E+05  1.591E+05
  168.      2.810E+08  1.960E+07  6.586E+07  1.027E+07  2.564E+06  1.350E+06  4.947E+05  1.588E+05
  180.      2.810E+08  1.960E+07  6.586E+07  1.027E+07  2.564E+06  1.350E+06  4.947E+05  1.588E+05
 ALTITUDE (cm):   30000000.000000000     
   Theta     1.00       2.00       5.00       10.0       15.0       20.0       30.0       50.0    
  0.00      1.991E+07  1.881E+07  2.786E+07  8.819E+06  3.029E+06  1.558E+06  5.731E+05  1.823E+05
  11.5      1.991E+07  1.881E+07  2.786E+07  8.819E+06  3.029E+06  1.558E+06  5.731E+05  1.823E+05
  23.6      2.066E+07  1.908E+07  2.847E+07  8.940E+06  3.057E+06  1.572E+06  5.785E+05  1.848E+05
  36.9      2.242E+07  1.968E+07  2.983E+07  9.206E+06  3.118E+06  1.602E+06  5.900E+05  1.900E+05
  90.0      2.695E+07  2.105E+07  3.303E+07  9.811E+06  3.249E+06  1.667E+06  6.144E+05  2.009E+05
  143.      3.507E+07  2.229E+07  3.641E+07  1.037E+07  3.358E+06  1.720E+06  6.333E+05  2.078E+05
  156.      3.863E+07  2.279E+07  3.781E+07  1.059E+07  3.396E+06  1.738E+06  6.399E+05  2.102E+05
  168.      4.025E+07  2.301E+07  3.842E+07  1.069E+07  3.413E+06  1.746E+06  6.426E+05  2.112E+05
  180.      4.025E+07  2.301E+07  3.842E+07  1.069E+07  3.413E+06  1.746E+06  6.426E+05  2.112E+05
 ALTITUDE (cm):   40000000.000000000     
   Theta     1.00       2.00       5.00       10.0       15.0       20.0       30.0       50.0    
  0.00      2.379E+06  3.508E+06  3.817E+06  1.791E+06  8.314E+05  4.532E+05  1.788E+05  5.529E+04
  11.5      2.379E+06  3.508E+06  3.817E+06  1.791E+06  8.314E+05  4.532E+05  1.788E+05  5.529E+04
  23.6      2.448E+06  3.708E+06  4.222E+06  1.988E+06  9.251E+05  5.067E+05  2.019E+05  6.425E+04
  36.9      2.602E+06  4.167E+06  5.163E+06  2.434E+06  1.134E+06  6.255E+05  2.529E+05  8.456E+04
  90.0      2.964E+06  5.288E+06  7.542E+06  3.507E+06  1.616E+06  8.965E+05  3.680E+05  1.312E+05
  143.      3.454E+06  6.841E+06  1.091E+07  4.706E+06  2.056E+06  1.126E+06  4.559E+05  1.630E+05
  156.      3.679E+06  7.533E+06  1.238E+07  5.203E+06  2.230E+06  1.216E+06  4.892E+05  1.746E+05
  168.      3.783E+06  7.849E+06  1.305E+07  5.423E+06  2.305E+06  1.254E+06  5.032E+05  1.794E+05
  180.      3.783E+06  7.849E+06  1.305E+07  5.423E+06  2.305E+06  1.254E+06  5.032E+05  1.794E+05
 ALTITUDE (cm):   80000000.000000000     
   Theta     1.00       2.00       5.00       10.0       15.0       20.0       30.0       50.0    
  0.00      3.360E+05  4.424E+05  2.181E+05  3.122E+04  1.361E+04  9.202E+03  9.497E+03  7.817E+03
  11.5      3.360E+05  4.424E+05  2.181E+05  3.122E+04  1.361E+04  9.202E+03  9.497E+03  7.817E+03
  23.6      3.470E+05  4.806E+05  2.928E+05  5.773E+04  2.189E+04  1.227E+04  1.016E+04  7.884E+03
  36.9      3.716E+05  5.692E+05  4.938E+05  1.535E+05  6.226E+04  3.150E+04  1.650E+04  9.456E+03
  90.0      4.279E+05  7.886E+05  1.155E+06  6.462E+05  3.666E+05  2.271E+05  1.167E+05  5.488E+04
  143.      5.076E+05  1.162E+06  2.820E+06  2.062E+06  1.212E+06  7.401E+05  3.413E+05  1.366E+05
  156.      5.467E+05  1.346E+06  3.628E+06  2.624E+06  1.487E+06  8.899E+05  3.988E+05  1.555E+05
  168.      5.651E+05  1.433E+06  4.009E+06  2.869E+06  1.601E+06  9.500E+05  4.214E+05  1.628E+05
  180.      5.651E+05  1.433E+06  4.009E+06  2.869E+06  1.601E+06  9.500E+05  4.214E+05  1.628E+05

