Filename: lbcmaAequ.001
Emin,Emax,Jo,IJ: 0.5000     1.0000E+0410000    1
L,Iono,Io,B1,BO:  4.60       34   80 0.393     3.185E-03
Idate,UT,time,delt: 86079      0.0  0.00     1.000E+05
Knum1-4,Ko:   5  20  90  20 135
Ne(Iono,Itop,Iono+Ip): 6.584E+04  21.2     6.584E+04
F107,F107A,MLAT,MLONG:  150.      150.      60.4      0.00    
Iono1: STL,GLAT,GLONG,SZA:  0.00      60.4      0.00      120.    
Iono2: STL,GLAT,GLONG,SZA:  0.00      60.4      0.00      120.    
AP vector:  17.0      3.00      3.00      5.00      5.00      4.50      8.00    
Photoelectrons allowed in Iono1,Iono2: No  No 
Primary electron beam(E,Mu): No primary beam     , No Mu function
 Equatorial pitch angle distributions at given KEs
   Theta     2.00       5.00       10.0       20.0       30.0       50.0    
  0.00      6.925E+04  3.951E+05  1.008E+06  1.066E+06  6.913E+05  3.171E+05
  1.03      6.925E+04  3.951E+05  1.008E+06  1.066E+06  6.913E+05  3.171E+05
  2.07      6.887E+04  3.875E+05  9.488E+05  9.492E+05  6.264E+05  3.056E+05
  3.10      6.821E+04  3.742E+05  8.515E+05  7.589E+05  4.958E+05  2.644E+05
  4.13      6.729E+04  3.565E+05  7.313E+05  5.395E+05  3.162E+05  1.572E+05
  5.16      6.702E+04  3.515E+05  6.999E+05  4.876E+05  2.745E+05  1.289E+05
  5.42      6.674E+04  3.463E+05  6.683E+05  4.375E+05  2.350E+05  1.018E+05
  5.68      6.644E+04  3.409E+05  6.365E+05  3.897E+05  1.983E+05  7.750E+04
  5.94      6.614E+04  3.353E+05  6.049E+05  3.446E+05  1.650E+05  5.710E+04
  6.20      6.581E+04  3.296E+05  5.734E+05  3.025E+05  1.355E+05  4.096E+04
  6.46      6.548E+04  3.237E+05  5.424E+05  2.637E+05  1.098E+05  2.884E+04
  6.71      6.513E+04  3.177E+05  5.120E+05  2.283E+05  8.797E+04  2.010E+04
  6.97      6.477E+04  3.115E+05  4.822E+05  1.964E+05  6.973E+04  1.397E+04
  7.23      6.439E+04  3.052E+05  4.533E+05  1.679E+05  5.475E+04  9.705E+03
  7.49      6.401E+04  2.989E+05  4.253E+05  1.427E+05  4.265E+04  6.713E+03
  7.75      6.361E+04  2.925E+05  3.983E+05  1.207E+05  3.301E+04  4.595E+03
  8.01      6.320E+04  2.860E+05  3.723E+05  1.017E+05  2.541E+04  3.095E+03
  8.26      6.278E+04  2.794E+05  3.475E+05  8.545E+04  1.950E+04  2.049E+03
  8.52      6.235E+04  2.728E+05  3.239E+05  7.163E+04  1.493E+04  1.337E+03
  8.78      6.191E+04  2.662E+05  3.015E+05  6.002E+04  1.145E+04   865.    
  9.04      6.145E+04  2.595E+05  2.803E+05  5.033E+04  8.811E+03   559.    
  9.30      6.099E+04  2.528E+05  2.604E+05  4.230E+04  6.827E+03   365.    
  9.55      6.052E+04  2.462E+05  2.416E+05  3.567E+04  5.342E+03   244.    
  9.81      6.004E+04  2.395E+05  2.240E+05  3.023E+04  4.230E+03   168.    
  10.1      5.954E+04  2.329E+05  2.076E+05  2.575E+04  3.391E+03   120.    
  10.3      5.827E+04  2.164E+05  1.712E+05  1.797E+04  2.144E+03   64.7    
  11.0      5.694E+04  2.003E+05  1.411E+05  1.298E+04  1.402E+03   34.5    
  11.6      5.557E+04  1.847E+05  1.164E+05  9.508E+03   905.       17.7    
  12.3      5.416E+04  1.696E+05  9.602E+04  6.938E+03   571.       9.05    
  12.9      5.271E+04  1.552E+05  7.922E+04  4.991E+03   354.       4.61    
  13.6      5.123E+04  1.416E+05  6.526E+04  3.524E+03   217.       2.33    
  14.2      4.972E+04  1.287E+05  5.359E+04  2.434E+03   131.       1.16    
  14.9      4.819E+04  1.166E+05  4.380E+04  1.634E+03   77.0      0.564    
  15.5      4.665E+04  1.053E+05  3.560E+04  1.057E+03   41.8      0.251    
  16.2      4.509E+04  9.479E+04  2.876E+04   665.       19.9      6.496E-02
  16.8      4.353E+04  8.510E+04  2.311E+04   423.       10.3      2.823E-02
  17.5      4.196E+04  7.619E+04  1.848E+04   281.       6.47      1.684E-02
  18.1      4.040E+04  6.802E+04  1.473E+04   192.       4.14      8.978E-03
  18.8      3.884E+04  6.057E+04  1.171E+04   128.       2.33      4.108E-03
  19.4      3.730E+04  5.378E+04  9.287E+03   80.7       1.06      9.575E-04
  20.1      3.577E+04  4.762E+04  7.347E+03   50.7      0.536      4.296E-04
  20.7      3.425E+04  4.205E+04  5.793E+03   33.3      0.336      2.571E-04
  21.4      3.276E+04  3.703E+04  4.543E+03   22.4      0.211      1.334E-04
  22.0      3.129E+04  3.251E+04  3.534E+03   14.4      0.114      5.964E-05
  22.7      2.985E+04  2.847E+04  2.723E+03   8.48      4.690E-02  1.230E-05
  23.3      2.844E+04  2.485E+04  2.074E+03   4.82      2.145E-02  5.218E-06
  24.0      2.706E+04  2.163E+04  1.564E+03   2.76      1.144E-02  2.768E-06
  24.6      2.572E+04  1.878E+04  1.169E+03   1.57      4.820E-03  5.661E-07
  25.3      2.441E+04  1.625E+04   869.      0.909      2.294E-03  2.569E-07
  25.9      2.314E+04  1.403E+04   644.      0.541      1.251E-03  1.448E-07
  26.6      2.191E+04  1.207E+04   477.      0.311      5.103E-04  2.838E-08
  27.2      2.072E+04  1.036E+04   354.      0.179      2.413E-04  1.379E-08
  27.9      1.957E+04  8.875E+03   262.      0.105      1.322E-04  8.218E-09
  28.5      1.847E+04  7.581E+03   194.      5.908E-02  5.196E-05  1.538E-09
  29.2      1.740E+04  6.461E+03   142.      3.335E-02  2.416E-05  7.804E-10
  29.8      1.638E+04  5.494E+03   104.      1.924E-02  1.312E-05  4.797E-10
  30.5      1.540E+04  4.661E+03   75.2      1.028E-02  4.863E-06  8.488E-11
  31.1      1.447E+04  3.946E+03   54.0      5.211E-03  1.964E-06  3.971E-11
  31.8      1.357E+04  3.335E+03   38.5      2.613E-03  6.806E-07  6.917E-12
  32.4      1.272E+04  2.812E+03   27.5      1.483E-03  3.516E-07  4.003E-12
  33.1      1.191E+04  2.368E+03   19.7      9.092E-04  2.061E-07  2.562E-12
  33.7      1.114E+04  1.990E+03   14.1      4.925E-04  7.334E-08  4.192E-13
  34.3      1.041E+04  1.669E+03   10.0      2.459E-04  2.937E-08  2.025E-13
  35.0      9.716E+03  1.398E+03   7.13      1.190E-04  9.675E-09  3.260E-14
  35.6      9.061E+03  1.168E+03   5.06      6.648E-05  4.974E-09  1.883E-14
  36.3      8.441E+03   975.       3.58      4.056E-05  2.894E-09  1.173E-14
  36.9      7.857E+03   812.       2.52      2.124E-05  9.674E-10  1.763E-15
  37.6      7.306E+03   675.       1.75      1.019E-05  3.780E-10  8.275E-16
  38.2      6.788E+03   560.       1.20      4.581E-06  1.155E-10  1.218E-16
  38.9      6.301E+03   463.      0.816      2.212E-06  5.070E-11  6.149E-17
  39.5      5.844E+03   383.      0.559      1.084E-06  1.637E-11  8.936E-18
  40.2      5.415E+03   316.      0.388      6.175E-07  8.214E-12  4.995E-18
  40.8      5.014E+03   259.      0.272      3.755E-07  4.667E-12  2.937E-18
  41.5      4.639E+03   213.      0.189      1.868E-07  1.435E-12  3.955E-19
  42.1      4.289E+03   174.      0.130      8.572E-08  5.464E-13  1.755E-19
  42.8      3.962E+03   142.      8.651E-02  3.651E-08  1.547E-13  2.320E-20
  43.4      3.657E+03   115.      5.660E-02  1.697E-08  6.518E-14  1.081E-20
  44.1      3.374E+03   93.2      3.659E-02  7.637E-09  1.900E-14  1.404E-21
  44.7      3.110E+03   75.2      2.359E-02  3.673E-09  8.018E-15  6.603E-22
  45.4      2.866E+03   60.5      1.527E-02  1.650E-09  2.295E-15  8.391E-23
  46.0      2.638E+03   48.6      9.947E-03  7.875E-10  9.787E-16  3.984E-23
  46.7      2.428E+03   38.9      6.508E-03  3.499E-10  2.771E-16  4.959E-24
  47.3      2.233E+03   31.2      4.265E-03  1.670E-10  1.192E-16  2.368E-24
  48.0      2.053E+03   24.9      2.794E-03  7.381E-11  3.331E-17  2.886E-25
  48.6      1.886E+03   19.9      1.826E-03  3.524E-11  1.440E-17  1.380E-25
  49.3      1.732E+03   15.9      1.190E-03  1.546E-11  3.970E-18  1.647E-26
  49.9      1.590E+03   12.7      7.731E-04  7.369E-12  1.721E-18  7.858E-27
  50.6      1.459E+03   10.1      5.009E-04  3.206E-12  4.674E-19  9.186E-28
  51.2      1.339E+03   8.09      3.238E-04  1.524E-12  2.026E-19  4.354E-28
  51.9      1.228E+03   6.44      2.087E-04  6.568E-13  5.419E-20  4.985E-29
  52.5      1.126E+03   5.12      1.340E-04  3.109E-13  2.344E-20  2.340E-29
  53.2      1.033E+03   4.06      8.533E-05  1.325E-13  6.168E-21  2.623E-30
  53.8       947.       3.22      5.365E-05  6.163E-14  2.649E-21  1.215E-30
  54.5       868.       2.54      3.320E-05  2.378E-14  6.343E-22  1.282E-31
  55.1       796.       2.01      2.037E-05  8.126E-15  1.136E-22  8.402E-33
  55.8       729.       1.59      1.265E-05  4.152E-15  7.118E-23  7.507E-33
  56.4       669.       1.25      8.063E-06  1.963E-15  2.053E-23  8.581E-34
  57.1       613.      0.991      5.264E-06  9.972E-16  9.583E-24  4.506E-34
  57.7       562.      0.785      3.470E-06  4.290E-16  2.482E-24  4.868E-35
  58.4       516.      0.623      2.281E-06  2.086E-16  1.172E-24  2.545E-35
  59.0       474.      0.495      1.483E-06  8.838E-17  3.012E-25  2.698E-36
  59.7       435.      0.392      9.527E-07  4.298E-17  1.399E-25  1.365E-36
  60.3       400.      0.311      6.034E-07  1.801E-17  3.517E-26  1.417E-37
  61.0       368.      0.246      3.759E-07  8.576E-18  1.605E-26  6.948E-38
  61.6       338.      0.194      2.294E-07  3.221E-18  3.658E-27  6.805E-39
  62.3       312.      0.153      1.387E-07  1.056E-18  6.170E-28  4.152E-40
  62.9       287.      0.121      8.527E-08  5.589E-19  4.103E-28  3.815E-40
  63.6       265.      9.533E-02  5.404E-08  2.561E-19  1.109E-28  4.025E-41
  64.2       245.      7.536E-02  3.513E-08  1.307E-19  5.346E-29  2.145E-41
  64.9       227.      5.974E-02  2.300E-08  5.443E-20  1.310E-29  2.149E-42
  65.5       211.      4.752E-02  1.500E-08  2.676E-20  6.351E-30  1.123E-42
  66.2       196.      3.796E-02  9.684E-09  1.099E-20  1.538E-30  1.104E-43
  66.8       182.      3.046E-02  6.222E-09  5.404E-21  7.310E-31  5.545E-44
  67.5       170.      2.458E-02  3.991E-09  2.224E-21  1.743E-31  5.342E-45
  68.1       158.      1.997E-02  2.560E-09  1.165E-21  8.798E-32  2.705E-45
  68.8       142.      1.459E-02  1.268E-09  2.329E-22  8.489E-33  9.736E-47
  69.8       129.      1.100E-02  8.358E-10  1.512E-22  5.284E-33  5.724E-47
  70.9       117.      8.478E-03  6.006E-10  1.083E-22  3.414E-33  3.251E-47
  71.9       107.      6.604E-03  3.369E-10  2.245E-23  3.283E-34  1.148E-48
  73.0       98.0      5.180E-03  2.141E-10  1.396E-23  2.062E-34  7.134E-49
  74.1       90.4      4.088E-03  1.477E-10  1.028E-23  1.395E-34  4.304E-49
  75.1       83.6      3.259E-03  8.223E-11  2.106E-24  1.324E-35  1.497E-50
  76.2       77.6      2.647E-03  5.719E-11  1.383E-24  8.702E-36  9.780E-51
  77.3       72.2      2.169E-03  4.761E-11  1.167E-24  6.444E-36  6.394E-51
  78.3       67.4      1.754E-03  3.527E-11  8.285E-25  4.207E-36  3.835E-51
  79.4       63.0      1.393E-03  1.874E-11  1.583E-25  3.746E-37  1.259E-52
  80.4       58.9      1.110E-03  1.270E-11  1.063E-25  2.475E-37  8.123E-53
  81.5       55.2      8.833E-04  9.264E-12  8.120E-26  1.764E-37  5.315E-53
  82.6       51.8      7.020E-04  4.799E-12  1.488E-26  1.508E-38  1.677E-54
  83.6       48.5      5.761E-04  3.578E-12  1.075E-26  1.067E-38  1.156E-54
  84.7       45.4      4.653E-04  2.770E-12  8.506E-27  8.129E-39  8.268E-55
  85.8       42.3      3.510E-04  1.239E-12  1.336E-27  6.065E-40  2.300E-56
  86.8       39.5      2.852E-04  9.438E-13  1.001E-27  4.513E-40  1.657E-56
  87.9       36.6      1.975E-04  3.642E-13  1.533E-28  3.563E-41  5.187E-58
  88.9       35.4      1.701E-04  2.255E-13  4.341E-29  5.427E-42  3.198E-59
  90.0       35.2      1.690E-04  2.239E-13  3.837E-29  4.623E-42  2.529E-59
  91.1       35.5      1.705E-04  2.258E-13  4.642E-29  5.970E-42  3.658E-59
  92.1       36.6      1.977E-04  3.645E-13  1.634E-28  3.917E-41  5.929E-58
  93.2       39.6      2.854E-04  9.444E-13  1.067E-27  4.960E-40  1.894E-56
  94.2       42.4      3.512E-04  1.240E-12  1.412E-27  6.638E-40  2.605E-56
  95.3       45.4      4.654E-04  2.771E-12  8.981E-27  8.895E-39  9.362E-55
  96.4       48.6      5.762E-04  3.578E-12  1.125E-26  1.160E-38  1.288E-54
  97.4       51.8      7.021E-04  4.799E-12  1.546E-26  1.634E-38  1.867E-54
  98.5       55.3      8.834E-04  9.265E-12  8.429E-26  1.909E-37  5.914E-53
  99.6       59.0      1.110E-03  1.270E-11  1.096E-25  2.657E-37  8.901E-53
  101.       63.0      1.393E-03  1.874E-11  1.624E-25  3.999E-37  1.377E-52
  102.       67.4      1.754E-03  3.527E-11  8.486E-25  4.487E-36  4.194E-51
  103.       72.2      2.169E-03  4.761E-11  1.189E-24  6.809E-36  6.895E-51
  104.       77.6      2.647E-03  5.720E-11  1.402E-24  9.100E-36  1.041E-50
  105.       83.6      3.259E-03  8.223E-11  2.127E-24  1.376E-35  1.595E-50
  106.       90.4      4.088E-03  1.477E-10  1.037E-23  1.450E-34  4.585E-49
  107.       98.1      5.180E-03  2.141E-10  1.405E-23  2.125E-34  7.475E-49
  108.       107.      6.604E-03  3.369E-10  2.256E-23  3.371E-34  1.206E-48
  109.       117.      8.478E-03  6.006E-10  1.088E-22  3.503E-33  3.414E-47
  110.       129.      1.100E-02  8.358E-10  1.516E-22  5.394E-33  5.963E-47
  111.       142.      1.459E-02  1.268E-09  2.333E-22  8.639E-33  1.010E-46
  112.       158.      1.997E-02  2.560E-09  1.167E-21  8.950E-32  2.806E-45
  113.       170.      2.458E-02  3.991E-09  2.228E-21  1.770E-31  5.516E-45
  113.       182.      3.046E-02  6.222E-09  5.412E-21  7.418E-31  5.723E-44
  114.       196.      3.796E-02  9.684E-09  1.100E-20  1.558E-30  1.134E-43
  114.       211.      4.752E-02  1.500E-08  2.679E-20  6.431E-30  1.153E-42
  115.       227.      5.974E-02  2.300E-08  5.447E-20  1.324E-29  2.197E-42
  116.       245.      7.536E-02  3.513E-08  1.308E-19  5.402E-29  2.192E-41
  116.       265.      9.533E-02  5.404E-08  2.562E-19  1.119E-28  4.094E-41
  117.       287.      0.121      8.527E-08  5.592E-19  4.139E-28  3.879E-40
  118.       312.      0.153      1.387E-07  1.057E-18  6.217E-28  4.211E-40
  118.       338.      0.194      2.294E-07  3.223E-18  3.685E-27  6.898E-39
  119.       368.      0.246      3.759E-07  8.579E-18  1.616E-26  7.042E-38
  120.       400.      0.311      6.034E-07  1.801E-17  3.538E-26  1.433E-37
  120.       435.      0.392      9.527E-07  4.299E-17  1.407E-25  1.380E-36
  121.       474.      0.495      1.483E-06  8.840E-17  3.026E-25  2.721E-36
  122.       516.      0.623      2.281E-06  2.086E-16  1.178E-24  2.566E-35
  122.       562.      0.785      3.470E-06  4.291E-16  2.491E-24  4.899E-35
  123.       613.      0.991      5.264E-06  9.973E-16  9.618E-24  4.533E-34
  124.       669.       1.25      8.063E-06  1.963E-15  2.059E-23  8.618E-34
  124.       729.       1.59      1.265E-05  4.153E-15  7.139E-23  7.538E-33
  125.       796.       2.01      2.037E-05  8.127E-15  1.138E-22  8.431E-33
  126.       868.       2.54      3.320E-05  2.378E-14  6.357E-22  1.286E-31
  126.       947.       3.22      5.365E-05  6.163E-14  2.655E-21  1.219E-30
  127.      1.033E+03   4.06      8.533E-05  1.325E-13  6.179E-21  2.631E-30
  127.      1.126E+03   5.12      1.340E-04  3.109E-13  2.348E-20  2.346E-29
  128.      1.228E+03   6.44      2.087E-04  6.568E-13  5.427E-20  4.997E-29
  129.      1.339E+03   8.09      3.238E-04  1.524E-12  2.029E-19  4.365E-28
  129.      1.459E+03   10.1      5.009E-04  3.206E-12  4.680E-19  9.205E-28
  130.      1.590E+03   12.7      7.731E-04  7.369E-12  1.722E-18  7.874E-27
  131.      1.732E+03   15.9      1.190E-03  1.546E-11  3.974E-18  1.650E-26
  131.      1.886E+03   19.9      1.826E-03  3.524E-11  1.441E-17  1.382E-25
  132.      2.053E+03   24.9      2.794E-03  7.381E-11  3.334E-17  2.890E-25
  133.      2.233E+03   31.2      4.265E-03  1.670E-10  1.192E-16  2.371E-24
  133.      2.428E+03   38.9      6.508E-03  3.499E-10  2.773E-16  4.965E-24
  134.      2.638E+03   48.6      9.947E-03  7.875E-10  9.792E-16  3.989E-23
  135.      2.865E+03   60.5      1.527E-02  1.650E-09  2.296E-15  8.401E-23
  135.      3.110E+03   75.2      2.359E-02  3.673E-09  8.021E-15  6.610E-22
  136.      3.374E+03   93.2      3.659E-02  7.637E-09  1.901E-14  1.405E-21
  137.      3.657E+03   115.      5.660E-02  1.697E-08  6.520E-14  1.082E-20
  137.      3.962E+03   142.      8.651E-02  3.652E-08  1.547E-13  2.321E-20
  138.      4.289E+03   174.      0.130      8.572E-08  5.465E-13  1.757E-19
  139.      4.639E+03   213.      0.189      1.868E-07  1.435E-12  3.959E-19
  139.      5.014E+03   259.      0.272      3.755E-07  4.668E-12  2.941E-18
  140.      5.415E+03   316.      0.388      6.175E-07  8.215E-12  4.998E-18
  140.      5.844E+03   383.      0.559      1.084E-06  1.637E-11  8.941E-18
  141.      6.301E+03   463.      0.816      2.212E-06  5.071E-11  6.152E-17
  142.      6.788E+03   560.       1.20      4.581E-06  1.155E-10  1.219E-16
  142.      7.306E+03   675.       1.75      1.019E-05  3.781E-10  8.279E-16
  143.      7.857E+03   812.       2.52      2.124E-05  9.675E-10  1.764E-15
  144.      8.441E+03   975.       3.58      4.056E-05  2.894E-09  1.174E-14
  144.      9.061E+03  1.168E+03   5.06      6.648E-05  4.974E-09  1.884E-14
  145.      9.716E+03  1.398E+03   7.13      1.190E-04  9.676E-09  3.261E-14
  146.      1.041E+04  1.669E+03   10.0      2.459E-04  2.937E-08  2.026E-13
  146.      1.114E+04  1.990E+03   14.1      4.925E-04  7.334E-08  4.194E-13
  147.      1.191E+04  2.368E+03   19.7      9.092E-04  2.061E-07  2.563E-12
  148.      1.272E+04  2.812E+03   27.5      1.483E-03  3.516E-07  4.004E-12
  148.      1.357E+04  3.335E+03   38.5      2.613E-03  6.806E-07  6.919E-12
  149.      1.447E+04  3.946E+03   54.0      5.211E-03  1.964E-06  3.972E-11
  150.      1.540E+04  4.661E+03   75.2      1.028E-02  4.863E-06  8.492E-11
  150.      1.638E+04  5.493E+03   104.      1.924E-02  1.312E-05  4.799E-10
  151.      1.740E+04  6.461E+03   142.      3.335E-02  2.416E-05  7.807E-10
  151.      1.847E+04  7.581E+03   194.      5.908E-02  5.196E-05  1.539E-09
  152.      1.957E+04  8.875E+03   262.      0.105      1.322E-04  8.222E-09
  153.      2.072E+04  1.036E+04   354.      0.179      2.413E-04  1.379E-08
  153.      2.191E+04  1.207E+04   477.      0.311      5.103E-04  2.839E-08
  154.      2.314E+04  1.402E+04   644.      0.541      1.251E-03  1.449E-07
  155.      2.441E+04  1.625E+04   869.      0.909      2.294E-03  2.569E-07
  155.      2.572E+04  1.877E+04  1.169E+03   1.57      4.820E-03  5.663E-07
  156.      2.706E+04  2.163E+04  1.564E+03   2.76      1.144E-02  2.769E-06
  157.      2.844E+04  2.485E+04  2.075E+03   4.82      2.145E-02  5.220E-06
  157.      2.985E+04  2.846E+04  2.723E+03   8.48      4.690E-02  1.231E-05
  158.      3.130E+04  3.251E+04  3.535E+03   14.4      0.114      5.967E-05
  159.      3.276E+04  3.702E+04  4.543E+03   22.4      0.211      1.335E-04
  159.      3.426E+04  4.205E+04  5.793E+03   33.3      0.336      2.571E-04
  160.      3.577E+04  4.762E+04  7.347E+03   50.7      0.536      4.296E-04
  161.      3.730E+04  5.378E+04  9.286E+03   80.7       1.06      9.577E-04
  161.      3.885E+04  6.057E+04  1.171E+04   128.       2.33      4.109E-03
  162.      4.041E+04  6.803E+04  1.473E+04   192.       4.14      8.979E-03
  163.      4.197E+04  7.620E+04  1.848E+04   281.       6.47      1.684E-02
  163.      4.354E+04  8.511E+04  2.310E+04   423.       10.3      2.823E-02
  164.      4.510E+04  9.480E+04  2.875E+04   665.       19.9      6.497E-02
  164.      4.666E+04  1.053E+05  3.559E+04  1.057E+03   41.8      0.251    
  165.      4.821E+04  1.166E+05  4.379E+04  1.634E+03   77.0      0.564    
  166.      4.973E+04  1.287E+05  5.358E+04  2.435E+03   131.       1.16    
  166.      5.124E+04  1.416E+05  6.525E+04  3.524E+03   217.       2.33    
  167.      5.272E+04  1.553E+05  7.921E+04  4.991E+03   354.       4.61    
  168.      5.417E+04  1.697E+05  9.602E+04  6.937E+03   571.       9.05    
  168.      5.559E+04  1.848E+05  1.164E+05  9.506E+03   905.       17.7    
  169.      5.696E+04  2.004E+05  1.412E+05  1.298E+04  1.402E+03   34.5    
  170.      5.829E+04  2.166E+05  1.713E+05  1.797E+04  2.144E+03   64.7    
  170.      5.956E+04  2.331E+05  2.077E+05  2.575E+04  3.391E+03   120.    
  170.      6.005E+04  2.397E+05  2.242E+05  3.022E+04  4.229E+03   168.    
  170.      6.054E+04  2.464E+05  2.418E+05  3.567E+04  5.341E+03   244.    
  171.      6.101E+04  2.530E+05  2.605E+05  4.230E+04  6.825E+03   365.    
  171.      6.147E+04  2.597E+05  2.805E+05  5.033E+04  8.809E+03   559.    
  171.      6.192E+04  2.664E+05  3.018E+05  6.003E+04  1.145E+04   865.    
  171.      6.237E+04  2.730E+05  3.242E+05  7.165E+04  1.493E+04  1.337E+03
  172.      6.280E+04  2.796E+05  3.479E+05  8.547E+04  1.949E+04  2.049E+03
  172.      6.322E+04  2.862E+05  3.727E+05  1.018E+05  2.541E+04  3.095E+03
  172.      6.363E+04  2.927E+05  3.987E+05  1.208E+05  3.301E+04  4.594E+03
  173.      6.403E+04  2.991E+05  4.257E+05  1.428E+05  4.266E+04  6.711E+03
  173.      6.441E+04  3.055E+05  4.538E+05  1.680E+05  5.476E+04  9.703E+03
  173.      6.479E+04  3.118E+05  4.828E+05  1.965E+05  6.974E+04  1.397E+04
  173.      6.515E+04  3.179E+05  5.126E+05  2.285E+05  8.800E+04  2.010E+04
  174.      6.550E+04  3.240E+05  5.431E+05  2.639E+05  1.098E+05  2.884E+04
  174.      6.583E+04  3.299E+05  5.741E+05  3.028E+05  1.355E+05  4.096E+04
  174.      6.616E+04  3.356E+05  6.056E+05  3.449E+05  1.651E+05  5.711E+04
  174.      6.647E+04  3.412E+05  6.373E+05  3.901E+05  1.984E+05  7.752E+04
  175.      6.676E+04  3.466E+05  6.691E+05  4.380E+05  2.351E+05  1.018E+05
  175.      6.704E+04  3.518E+05  7.008E+05  4.882E+05  2.748E+05  1.289E+05
  176.      6.731E+04  3.568E+05  7.322E+05  5.401E+05  3.165E+05  1.573E+05
  177.      6.823E+04  3.746E+05  8.526E+05  7.598E+05  4.964E+05  2.647E+05
  178.      6.890E+04  3.878E+05  9.501E+05  9.505E+05  6.272E+05  3.060E+05
  179.      6.927E+04  3.954E+05  1.009E+06  1.068E+06  6.923E+05  3.176E+05
  180.      6.927E+04  3.954E+05  1.009E+06  1.068E+06  6.923E+05  3.176E+05

