Filename: lbcmaAequ.001
Emin,Emax,Jo,IJ: 0.5000     1.0000E+0410000    1
L,Iono,Io,B1,BO:  6.80       34   80 0.407     9.859E-04
Idate,UT,time,delt: 86079      0.0  0.00     1.000E+05
Knum1-4,Ko:   5  20  90  20 135
Ne(Iono,Itop,Iono+Ip): 6.863E+04  12.5     6.863E+04
F107,F107A,MLAT,MLONG:  150.      150.      66.0      0.00    
Iono1: STL,GLAT,GLONG,SZA:  0.00      66.0      0.00      114.    
Iono2: STL,GLAT,GLONG,SZA:  0.00      66.0      0.00      114.    
AP vector:  17.0      3.00      3.00      5.00      5.00      4.50      8.00    
Photoelectrons allowed in Iono1,Iono2: No  No 
Primary electron beam(E,Mu): No primary beam     , No Mu function
 Equatorial pitch angle distributions at given KEs
   Theta     2.00       5.00       10.0       20.0       30.0       50.0    
  0.00      1.668E+04  9.910E+04  2.839E+05  3.899E+05  3.096E+05  1.689E+05
 0.564      1.668E+04  9.910E+04  2.839E+05  3.899E+05  3.096E+05  1.689E+05
  1.13      1.664E+04  9.825E+04  2.751E+05  3.565E+05  2.748E+05  1.554E+05
  1.69      1.658E+04  9.676E+04  2.601E+05  3.028E+05  2.181E+05  1.239E+05
  2.26      1.649E+04  9.470E+04  2.405E+05  2.401E+05  1.532E+05  7.504E+04
  2.82      1.647E+04  9.412E+04  2.351E+05  2.245E+05  1.379E+05  6.377E+04
  2.96      1.644E+04  9.350E+04  2.296E+05  2.091E+05  1.232E+05  5.317E+04
  3.10      1.641E+04  9.285E+04  2.239E+05  1.939E+05  1.092E+05  4.349E+04
  3.24      1.638E+04  9.217E+04  2.180E+05  1.792E+05  9.609E+04  3.489E+04
  3.39      1.635E+04  9.147E+04  2.121E+05  1.649E+05  8.388E+04  2.747E+04
  3.53      1.632E+04  9.075E+04  2.061E+05  1.512E+05  7.266E+04  2.125E+04
  3.67      1.628E+04  8.999E+04  2.000E+05  1.381E+05  6.248E+04  1.617E+04
  3.81      1.625E+04  8.922E+04  1.939E+05  1.257E+05  5.333E+04  1.212E+04
  3.95      1.621E+04  8.842E+04  1.877E+05  1.140E+05  4.521E+04  8.978E+03
  4.09      1.617E+04  8.760E+04  1.815E+05  1.030E+05  3.808E+04  6.585E+03
  4.23      1.613E+04  8.676E+04  1.754E+05  9.279E+04  3.188E+04  4.796E+03
  4.37      1.609E+04  8.590E+04  1.693E+05  8.332E+04  2.655E+04  3.479E+03
  4.51      1.605E+04  8.502E+04  1.632E+05  7.460E+04  2.201E+04  2.521E+03
  4.65      1.601E+04  8.412E+04  1.572E+05  6.662E+04  1.818E+04  1.829E+03
  4.80      1.597E+04  8.321E+04  1.513E+05  5.935E+04  1.497E+04  1.332E+03
  4.94      1.592E+04  8.228E+04  1.454E+05  5.276E+04  1.231E+04   975.    
  5.08      1.587E+04  8.133E+04  1.397E+05  4.681E+04  1.011E+04   718.    
  5.22      1.583E+04  8.038E+04  1.341E+05  4.148E+04  8.302E+03   532.    
  5.36      1.578E+04  7.940E+04  1.285E+05  3.671E+04  6.822E+03   394.    
  5.50      1.573E+04  7.842E+04  1.232E+05  3.247E+04  5.607E+03   292.    
  5.64      1.546E+04  7.337E+04  9.840E+04  1.854E+04  2.759E+03   123.    
  6.34      1.517E+04  6.817E+04  7.757E+04  1.129E+04  1.550E+03   63.5    
  7.04      1.485E+04  6.291E+04  6.065E+04  7.298E+03   892.       42.9    
  7.75      1.451E+04  5.770E+04  4.730E+04  4.824E+03   504.       40.3    
  8.45      1.415E+04  5.262E+04  3.696E+04  3.155E+03   277.       47.2    
  9.15      1.377E+04  4.773E+04  2.902E+04  2.024E+03   156.       56.6    
  9.85      1.337E+04  4.307E+04  2.291E+04  1.287E+03   96.1       65.2    
  10.6      1.296E+04  3.869E+04  1.819E+04   823.       67.7       72.1    
  11.3      1.253E+04  3.461E+04  1.448E+04   534.       54.4       77.0    
  12.0      1.210E+04  3.083E+04  1.153E+04   352.       48.5       79.9    
  12.7      1.166E+04  2.736E+04  9.152E+03   235.       46.3       81.0    
  13.4      1.121E+04  2.419E+04  7.213E+03   159.       45.6       80.5    
  14.1      1.076E+04  2.131E+04  5.625E+03   108.       44.8       78.4    
  14.8      1.031E+04  1.871E+04  4.331E+03   72.2       41.7       73.9    
  15.5      9.854E+03  1.637E+04  3.293E+03   45.7       31.8       59.9    
  16.2      9.404E+03  1.428E+04  2.479E+03   26.8       14.6       11.9    
  16.9      8.957E+03  1.241E+04  1.857E+03   16.8       9.50       7.95    
  17.6      8.515E+03  1.076E+04  1.389E+03   12.5       8.79       7.24    
  18.3      8.081E+03  9.296E+03  1.041E+03   9.65       7.73       5.98    
  19.0      7.654E+03  8.008E+03   778.       6.74       5.50       4.30    
  19.7      7.237E+03  6.879E+03   579.       4.02       2.23      0.740    
  20.4      6.831E+03  5.892E+03   429.       2.54       1.35      0.469    
  21.1      6.436E+03  5.032E+03   315.       1.85       1.13      0.385    
  21.8      6.054E+03  4.284E+03   231.       1.31      0.790      0.259    
  22.5      5.684E+03  3.635E+03   168.      0.767      0.294      4.026E-02
  23.2      5.329E+03  3.075E+03   122.      0.478      0.169      2.437E-02
  23.9      4.987E+03  2.591E+03   88.4      0.349      0.135      1.842E-02
  24.6      4.660E+03  2.174E+03   63.4      0.241      8.863E-02  1.138E-02
  25.3      4.347E+03  1.817E+03   44.8      0.133      2.990E-02  1.598E-03
  26.0      4.049E+03  1.512E+03   31.2      7.495E-02  1.562E-02  8.808E-04
  26.7      3.765E+03  1.254E+03   21.3      4.606E-02  1.018E-02  5.579E-04
  27.4      3.497E+03  1.035E+03   14.3      2.352E-02  3.269E-03  7.391E-05
  28.1      3.243E+03   851.       9.50      1.155E-02  1.445E-03  3.664E-05
  28.8      3.003E+03   698.       6.33      5.454E-03  4.400E-04  4.778E-06
  29.5      2.777E+03   571.       4.29      3.260E-03  2.533E-04  2.811E-06
  30.2      2.564E+03   466.       2.96      2.173E-03  1.685E-04  1.761E-06
  30.9      2.365E+03   380.       2.06      1.127E-03  5.113E-05  2.150E-07
  31.6      2.179E+03   309.       1.43      6.201E-04  2.591E-05  1.157E-07
  32.3      2.005E+03   250.      0.975      3.763E-04  1.617E-05  6.790E-08
  33.0      1.842E+03   203.      0.649      1.779E-04  4.566E-06  7.783E-09
  33.7      1.691E+03   164.      0.419      8.225E-05  1.940E-06  3.657E-09
  34.4      1.551E+03   132.      0.266      3.453E-05  5.172E-07  4.131E-10
  35.1      1.420E+03   106.      0.168      1.680E-05  2.443E-07  2.095E-10
  35.8      1.300E+03   84.9      0.108      7.652E-06  6.671E-08  2.329E-11
  36.5      1.188E+03   67.9      7.207E-02  4.442E-06  3.643E-08  1.314E-11
  37.2      1.085E+03   54.1      4.896E-02  2.844E-06  2.271E-08  7.509E-12
  37.9       991.       43.1      3.287E-02  1.286E-06  5.856E-09  7.765E-13
  38.6       903.       34.2      2.132E-02  5.724E-07  2.449E-09  3.582E-13
  39.3       823.       27.0      1.334E-02  2.259E-07  5.998E-10  3.657E-14
  40.0       749.       21.2      8.148E-03  1.068E-07  2.758E-10  1.781E-14
  40.7       682.       16.7      4.946E-03  4.438E-08  6.797E-11  1.784E-15
  41.4       620.       13.0      3.022E-03  2.128E-08  3.147E-11  8.925E-16
  42.1       563.       10.1      1.866E-03  8.720E-09  7.625E-12  8.763E-17
  42.8       512.       7.89      1.162E-03  4.181E-09  3.593E-12  4.492E-17
  43.5       464.       6.13      7.259E-04  1.699E-09  8.586E-13  4.323E-18
  44.2       421.       4.76      4.534E-04  8.186E-10  4.099E-13  2.260E-18
  44.9       382.       3.70      2.823E-04  3.301E-10  9.649E-14  2.131E-19
  45.6       347.       2.87      1.754E-04  1.595E-10  4.652E-14  1.129E-19
  46.3       314.       2.23      1.086E-04  6.371E-11  1.078E-14  1.043E-20
  47.0       284.       1.74      6.719E-05  3.081E-11  5.228E-15  5.563E-21
  47.7       258.       1.35      4.147E-05  1.218E-11  1.191E-15  5.038E-22
  48.4       233.       1.05      2.558E-05  5.884E-12  5.790E-16  2.687E-22
  49.1       211.      0.815      1.574E-05  2.299E-12  1.296E-16  2.384E-23
  49.8       191.      0.632      9.677E-06  1.108E-12  6.290E-17  1.264E-23
  50.5       173.      0.490      5.931E-06  4.275E-13  1.382E-17  1.099E-24
  51.2       156.      0.379      3.631E-06  2.053E-13  6.674E-18  5.755E-25
  51.9       141.      0.293      2.215E-06  7.810E-14  1.439E-18  4.901E-26
  52.6       128.      0.226      1.349E-06  3.730E-14  6.890E-19  2.524E-26
  53.3       115.      0.173      8.186E-07  1.399E-14  1.457E-19  2.106E-27
  54.0       104.      0.133      4.960E-07  6.638E-15  6.900E-20  1.062E-27
  54.7       93.9      0.102      2.991E-07  2.452E-15  1.430E-20  8.682E-29
  55.4       84.8      7.773E-02  1.799E-07  1.155E-15  6.688E-21  4.274E-29
  56.1       76.5      5.908E-02  1.070E-07  4.197E-16  1.358E-21  3.423E-30
  56.8       69.0      4.475E-02  6.268E-08  1.945E-16  6.254E-22  1.641E-30
  57.5       62.3      3.379E-02  3.554E-08  6.326E-17  1.163E-22  1.253E-31
  58.2       56.2      2.548E-02  1.980E-08  1.701E-17  1.512E-23  5.752E-33
  58.9       50.8      1.922E-02  1.140E-08  9.493E-18  1.106E-23  5.466E-33
  59.6       45.8      1.453E-02  6.867E-09  3.783E-18  2.374E-24  4.406E-34
  60.3       41.4      1.102E-02  4.260E-09  1.859E-18  1.166E-24  2.362E-34
  61.0       37.4      8.380E-03  2.632E-09  6.641E-19  2.299E-25  1.821E-35
  61.7       33.8      6.384E-03  1.606E-09  3.209E-19  1.138E-25  9.540E-36
  62.4       30.6      4.862E-03  9.577E-10  1.136E-19  2.210E-26  7.214E-37
  63.1       27.8      3.695E-03  5.588E-10  5.411E-20  1.066E-26  3.629E-37
  63.8       25.2      2.803E-03  3.132E-10  1.710E-20  1.895E-27  2.623E-38
  64.5       22.9      2.123E-03  1.721E-10  4.432E-21  2.358E-28  1.152E-39
  65.2       20.9      1.610E-03  9.878E-11  2.550E-21  1.772E-28  1.103E-39
  65.9       19.1      1.226E-03  5.942E-11  9.766E-22  3.598E-29  8.388E-41
  66.7       17.4      9.409E-04  3.699E-11  4.873E-22  1.813E-29  4.562E-41
  67.4       16.0      7.291E-04  2.300E-11  1.703E-22  3.417E-30  3.328E-42
  68.1       14.7      5.717E-04  1.428E-11  9.011E-23  1.838E-30  1.815E-42
  68.8       12.9      4.097E-04  6.711E-12  1.625E-23  1.572E-31  5.715E-44
  69.8       11.5      3.052E-04  4.385E-12  1.068E-23  1.006E-31  3.486E-44
  70.9       10.2      2.321E-04  3.141E-12  7.653E-24  6.572E-32  2.017E-44
  71.9       9.14      1.765E-04  1.628E-12  1.386E-24  5.490E-33  6.171E-46
  73.0       8.20      1.334E-04  1.013E-12  8.596E-25  3.426E-33  3.741E-46
  74.1       7.39      9.929E-05  6.928E-13  6.182E-25  2.270E-33  2.202E-46
  75.1       6.68      7.206E-05  3.346E-13  1.078E-25  1.836E-34  6.539E-48
  76.2       6.06      5.191E-05  1.800E-13  6.127E-26  1.106E-34  3.939E-48
  77.3       5.53      3.790E-05  8.570E-14  1.082E-26  9.108E-36  1.186E-49
  78.3       5.06      2.858E-05  5.927E-14  7.463E-27  6.299E-36  8.045E-50
  79.4       4.65      2.170E-05  4.387E-14  5.655E-27  4.571E-36  5.419E-50
  80.4       4.30      1.615E-05  2.097E-14  9.541E-28  3.597E-37  1.566E-51
  81.5       4.00      1.216E-05  1.229E-14  5.927E-28  2.385E-37  1.060E-51
  82.6       3.73      9.377E-06  5.922E-15  1.022E-28  1.930E-38  3.154E-53
  83.6       3.48      7.652E-06  4.530E-15  7.602E-29  1.444E-38  2.347E-53
  84.7       3.24      6.189E-06  3.570E-15  6.012E-29  1.138E-38  1.810E-53
  85.8       3.02      4.641E-06  1.567E-15  9.104E-30  8.176E-40  4.840E-55
  86.8       2.82      3.761E-06  1.195E-15  6.796E-30  6.210E-40  3.714E-55
  87.9       2.60      2.567E-06  4.487E-16  1.001E-30  4.698E-41  1.110E-56
  88.9       2.51      2.197E-06  2.726E-16  2.732E-31  6.877E-42  6.555E-58
  90.0       2.50      2.184E-06  2.707E-16  2.383E-31  5.925E-42  5.558E-58
  91.1       2.52      2.201E-06  2.730E-16  2.951E-31  7.476E-42  7.129E-58
  92.1       2.60      2.570E-06  4.490E-16  1.078E-30  5.099E-41  1.206E-56
  93.2       2.82      3.763E-06  1.196E-15  7.316E-30  6.741E-40  4.036E-55
  94.2       3.03      4.643E-06  1.567E-15  9.718E-30  8.800E-40  5.222E-55
  95.3       3.25      6.190E-06  3.572E-15  6.410E-29  1.224E-38  1.952E-53
  96.4       3.48      7.653E-06  4.531E-15  8.023E-29  1.537E-38  2.502E-53
  97.4       3.73      9.378E-06  5.922E-15  1.070E-28  2.036E-38  3.331E-53
  98.5       4.00      1.216E-05  1.229E-14  6.195E-28  2.514E-37  1.119E-51
  99.6       4.31      1.615E-05  2.097E-14  9.909E-28  3.771E-37  1.651E-51
  101.       4.66      2.170E-05  4.387E-14  5.865E-27  4.790E-36  5.711E-50
  102.       5.06      2.858E-05  5.927E-14  7.675E-27  6.546E-36  8.394E-50
  103.       5.53      3.790E-05  8.570E-14  1.106E-26  9.415E-36  1.229E-49
  104.       6.06      5.191E-05  1.800E-13  6.256E-26  1.143E-34  4.081E-48
  105.       6.68      7.206E-05  3.346E-13  1.096E-25  1.892E-34  6.784E-48
  106.       7.39      9.929E-05  6.928E-13  6.282E-25  2.338E-33  2.285E-46
  107.       8.20      1.334E-04  1.013E-12  8.693E-25  3.506E-33  3.833E-46
  108.       9.14      1.765E-04  1.628E-12  1.397E-24  5.600E-33  6.323E-46
  109.       10.2      2.321E-04  3.141E-12  7.711E-24  6.701E-32  2.067E-44
  110.       11.5      3.052E-04  4.385E-12  1.073E-23  1.020E-31  3.542E-44
  111.       12.9      4.097E-04  6.711E-12  1.631E-23  1.589E-31  5.793E-44
  112.       14.7      5.717E-04  1.428E-11  9.039E-23  1.856E-30  1.839E-42
  113.       16.0      7.291E-04  2.300E-11  1.707E-22  3.446E-30  3.368E-42
  113.       17.4      9.409E-04  3.699E-11  4.883E-22  1.828E-29  4.616E-41
  114.       19.1      1.226E-03  5.942E-11  9.782E-22  3.620E-29  8.465E-41
  115.       20.9      1.610E-03  9.878E-11  2.554E-21  1.782E-28  1.113E-39
  115.       22.9      2.123E-03  1.721E-10  4.437E-21  2.369E-28  1.162E-39
  116.       25.2      2.803E-03  3.132E-10  1.712E-20  1.904E-27  2.645E-38
  117.       27.8      3.695E-03  5.588E-10  5.416E-20  1.070E-26  3.659E-37
  118.       30.6      4.862E-03  9.577E-10  1.136E-19  2.217E-26  7.264E-37
  118.       33.8      6.384E-03  1.606E-09  3.211E-19  1.141E-25  9.605E-36
  119.       37.4      8.380E-03  2.632E-09  6.645E-19  2.304E-25  1.832E-35
  120.       41.4      1.102E-02  4.260E-09  1.860E-18  1.169E-24  2.376E-34
  120.       45.8      1.453E-02  6.867E-09  3.785E-18  2.378E-24  4.424E-34
  121.       50.8      1.922E-02  1.140E-08  9.496E-18  1.108E-23  5.488E-33
  122.       56.2      2.548E-02  1.980E-08  1.701E-17  1.514E-23  5.772E-33
  122.       62.3      3.379E-02  3.554E-08  6.328E-17  1.164E-22  1.257E-31
  123.       69.0      4.475E-02  6.268E-08  1.945E-16  6.262E-22  1.647E-30
  124.       76.5      5.908E-02  1.070E-07  4.197E-16  1.360E-21  3.433E-30
  125.       84.8      7.773E-02  1.799E-07  1.155E-15  6.693E-21  4.286E-29
  125.       93.9      0.102      2.991E-07  2.452E-15  1.431E-20  8.701E-29
  126.       104.      0.133      4.960E-07  6.638E-15  6.904E-20  1.064E-27
  127.       115.      0.173      8.186E-07  1.399E-14  1.457E-19  2.110E-27
  127.       128.      0.226      1.349E-06  3.730E-14  6.893E-19  2.529E-26
  128.       141.      0.293      2.215E-06  7.810E-14  1.439E-18  4.907E-26
  129.       156.      0.379      3.631E-06  2.053E-13  6.676E-18  5.763E-25
  129.       173.      0.490      5.931E-06  4.275E-13  1.383E-17  1.100E-24
  130.       191.      0.632      9.677E-06  1.108E-12  6.292E-17  1.265E-23
  131.       211.      0.815      1.574E-05  2.299E-12  1.296E-16  2.386E-23
  132.       233.       1.05      2.558E-05  5.884E-12  5.791E-16  2.689E-22
  132.       258.       1.35      4.147E-05  1.218E-11  1.191E-15  5.041E-22
  133.       284.       1.74      6.719E-05  3.081E-11  5.229E-15  5.567E-21
  134.       314.       2.23      1.086E-04  6.371E-11  1.078E-14  1.044E-20
  134.       346.       2.87      1.754E-04  1.595E-10  4.652E-14  1.129E-19
  135.       382.       3.70      2.823E-04  3.301E-10  9.649E-14  2.132E-19
  136.       421.       4.76      4.534E-04  8.186E-10  4.099E-13  2.260E-18
  136.       464.       6.13      7.259E-04  1.699E-09  8.586E-13  4.324E-18
  137.       512.       7.89      1.162E-03  4.181E-09  3.593E-12  4.494E-17
  138.       563.       10.1      1.866E-03  8.720E-09  7.625E-12  8.765E-17
  139.       620.       13.0      3.022E-03  2.128E-08  3.147E-11  8.927E-16
  139.       682.       16.7      4.946E-03  4.438E-08  6.797E-11  1.785E-15
  140.       749.       21.2      8.148E-03  1.068E-07  2.758E-10  1.781E-14
  141.       823.       27.0      1.334E-02  2.259E-07  5.998E-10  3.657E-14
  141.       903.       34.2      2.132E-02  5.724E-07  2.449E-09  3.582E-13
  142.       990.       43.1      3.287E-02  1.286E-06  5.856E-09  7.767E-13
  143.      1.085E+03   54.1      4.896E-02  2.844E-06  2.271E-08  7.511E-12
  144.      1.188E+03   67.9      7.207E-02  4.442E-06  3.643E-08  1.314E-11
  144.      1.300E+03   84.9      0.108      7.652E-06  6.671E-08  2.329E-11
  145.      1.420E+03   106.      0.168      1.680E-05  2.443E-07  2.095E-10
  146.      1.551E+03   132.      0.266      3.453E-05  5.172E-07  4.131E-10
  146.      1.691E+03   164.      0.419      8.225E-05  1.941E-06  3.657E-09
  147.      1.842E+03   203.      0.649      1.779E-04  4.566E-06  7.784E-09
  148.      2.005E+03   250.      0.975      3.763E-04  1.617E-05  6.790E-08
  148.      2.179E+03   309.       1.43      6.201E-04  2.591E-05  1.157E-07
  149.      2.365E+03   380.       2.06      1.127E-03  5.113E-05  2.151E-07
  150.      2.564E+03   466.       2.96      2.173E-03  1.685E-04  1.762E-06
  151.      2.777E+03   571.       4.29      3.260E-03  2.533E-04  2.811E-06
  151.      3.003E+03   698.       6.33      5.454E-03  4.400E-04  4.778E-06
  152.      3.243E+03   851.       9.50      1.155E-02  1.445E-03  3.664E-05
  153.      3.497E+03  1.035E+03   14.3      2.352E-02  3.269E-03  7.392E-05
  153.      3.766E+03  1.254E+03   21.3      4.606E-02  1.018E-02  5.579E-04
  154.      4.049E+03  1.512E+03   31.2      7.495E-02  1.562E-02  8.808E-04
  155.      4.347E+03  1.817E+03   44.8      0.133      2.990E-02  1.598E-03
  155.      4.660E+03  2.174E+03   63.4      0.241      8.863E-02  1.138E-02
  156.      4.987E+03  2.591E+03   88.4      0.349      0.135      1.842E-02
  157.      5.329E+03  3.074E+03   122.      0.478      0.169      2.437E-02
  158.      5.685E+03  3.635E+03   168.      0.767      0.294      4.026E-02
  158.      6.054E+03  4.283E+03   231.       1.31      0.790      0.259    
  159.      6.437E+03  5.031E+03   315.       1.85       1.13      0.385    
  160.      6.832E+03  5.891E+03   429.       2.54       1.35      0.469    
  160.      7.238E+03  6.878E+03   579.       4.02       2.23      0.740    
  161.      7.655E+03  8.007E+03   778.       6.74       5.50       4.30    
  162.      8.082E+03  9.295E+03  1.041E+03   9.65       7.73       5.98    
  162.      8.516E+03  1.076E+04  1.390E+03   12.5       8.79       7.24    
  163.      8.958E+03  1.241E+04  1.857E+03   16.8       9.50       7.95    
  164.      9.405E+03  1.428E+04  2.479E+03   26.8       14.6       11.9    
  165.      9.856E+03  1.637E+04  3.293E+03   45.7       31.8       59.9    
  165.      1.031E+04  1.871E+04  4.331E+03   72.2       41.7       73.9    
  166.      1.076E+04  2.131E+04  5.624E+03   108.       44.8       78.4    
  167.      1.121E+04  2.419E+04  7.211E+03   159.       45.6       80.5    
  167.      1.166E+04  2.736E+04  9.150E+03   235.       46.3       81.0    
  168.      1.210E+04  3.083E+04  1.153E+04   352.       48.5       79.9    
  169.      1.254E+04  3.462E+04  1.448E+04   534.       54.4       77.0    
  169.      1.296E+04  3.871E+04  1.818E+04   823.       67.7       72.1    
  170.      1.337E+04  4.309E+04  2.291E+04  1.286E+03   96.1       65.2    
  171.      1.377E+04  4.775E+04  2.901E+04  2.023E+03   156.       56.6    
  172.      1.415E+04  5.265E+04  3.697E+04  3.154E+03   277.       47.2    
  172.      1.451E+04  5.774E+04  4.732E+04  4.822E+03   504.       40.3    
  173.      1.485E+04  6.296E+04  6.069E+04  7.295E+03   891.       42.9    
  174.      1.517E+04  6.822E+04  7.763E+04  1.129E+04  1.550E+03   63.5    
  174.      1.547E+04  7.343E+04  9.851E+04  1.854E+04  2.758E+03   123.    
  174.      1.573E+04  7.849E+04  1.233E+05  3.249E+04  5.607E+03   292.    
  175.      1.578E+04  7.948E+04  1.287E+05  3.674E+04  6.822E+03   394.    
  175.      1.583E+04  8.045E+04  1.342E+05  4.151E+04  8.303E+03   531.    
  175.      1.588E+04  8.141E+04  1.399E+05  4.686E+04  1.011E+04   718.    
  175.      1.593E+04  8.236E+04  1.456E+05  5.281E+04  1.231E+04   975.    
  175.      1.597E+04  8.329E+04  1.515E+05  5.941E+04  1.498E+04  1.332E+03
  175.      1.601E+04  8.420E+04  1.574E+05  6.670E+04  1.819E+04  1.829E+03
  175.      1.606E+04  8.510E+04  1.635E+05  7.469E+04  2.202E+04  2.520E+03
  176.      1.610E+04  8.598E+04  1.695E+05  8.343E+04  2.657E+04  3.478E+03
  176.      1.614E+04  8.684E+04  1.757E+05  9.291E+04  3.191E+04  4.796E+03
  176.      1.618E+04  8.769E+04  1.818E+05  1.031E+05  3.811E+04  6.585E+03
  176.      1.622E+04  8.851E+04  1.880E+05  1.141E+05  4.526E+04  8.980E+03
  176.      1.625E+04  8.931E+04  1.941E+05  1.259E+05  5.339E+04  1.213E+04
  176.      1.629E+04  9.009E+04  2.003E+05  1.383E+05  6.255E+04  1.617E+04
  176.      1.632E+04  9.084E+04  2.064E+05  1.514E+05  7.275E+04  2.126E+04
  177.      1.635E+04  9.157E+04  2.124E+05  1.652E+05  8.398E+04  2.749E+04
  177.      1.639E+04  9.227E+04  2.184E+05  1.795E+05  9.622E+04  3.492E+04
  177.      1.641E+04  9.295E+04  2.242E+05  1.942E+05  1.094E+05  4.352E+04
  177.      1.644E+04  9.359E+04  2.299E+05  2.094E+05  1.234E+05  5.322E+04
  177.      1.647E+04  9.421E+04  2.355E+05  2.248E+05  1.381E+05  6.384E+04
  178.      1.650E+04  9.480E+04  2.409E+05  2.405E+05  1.534E+05  7.512E+04
  178.      1.658E+04  9.686E+04  2.606E+05  3.033E+05  2.185E+05  1.241E+05
  179.      1.665E+04  9.836E+04  2.756E+05  3.571E+05  2.753E+05  1.556E+05
  179.      1.668E+04  9.921E+04  2.844E+05  3.906E+05  3.102E+05  1.692E+05
  180.      1.668E+04  9.921E+04  2.844E+05  3.906E+05  3.102E+05  1.692E+05

