Filename: ubcmaBpai.001
Emin,Emax,Jo,IJ: 0.5000     1.0000E+0410000    1
L,Iono,Io,B1,BO:  4.60       34   80 0.393     3.185E-03
Idate,UT,time,delt: 86079      0.0  0.00     1.000E+05
Knum1-4,Ko:   5  20  90  20 135
Ne(Iono,Itop,Iono+Ip): 6.584E+04  21.2     6.584E+04
F107,F107A,MLAT,MLONG:  150.      150.      60.4      0.00    
Iono1: STL,GLAT,GLONG,SZA:  0.00      60.4      0.00      120.    
Iono2: STL,GLAT,GLONG,SZA:  0.00      60.4      0.00      120.    
AP vector:  17.0      3.00      3.00      5.00      5.00      4.50      8.00    
Photoelectrons allowed in Iono1,Iono2: No  No 
Primary electron beam(E,Mu): No primary beam     , No Mu function
 Pitch angle distributions at several KE and S
 First ionosphere
 ALTITUDE (cm):   10000000.000000000     
   Theta     1.00       2.00       5.00       10.0       15.0       20.0       30.0       50.0    
  0.00      1.113E+04   388.      2.567E+03   298.       72.0       40.3       15.1       4.67    
  11.6      1.113E+04   388.      2.567E+03   298.       72.0       40.3       15.1       4.67    
  23.6      1.113E+04   388.      2.566E+03   298.       72.0       40.3       15.1       4.67    
  36.9      1.111E+04   387.      2.562E+03   297.       72.0       40.2       15.1       4.66    
  90.0      1.108E+04   387.      2.553E+03   297.       71.9       40.1       15.1       4.66    
  143.      1.119E+04   389.      2.580E+03   299.       72.3       40.4       15.2       4.68    
  156.      1.122E+04   390.      2.585E+03   300.       72.4       40.5       15.2       4.69    
  168.      1.123E+04   390.      2.587E+03   300.       72.4       40.5       15.2       4.69    
  180.      1.123E+04   390.      2.587E+03   300.       72.4       40.5       15.2       4.69    
 ALTITUDE (cm):   15000000.000000000     
   Theta     1.00       2.00       5.00       10.0       15.0       20.0       30.0       50.0    
  0.00      1.198E+08  4.805E+06  2.353E+07  2.999E+06  7.250E+05  3.900E+05  1.451E+05  4.584E+04
  11.6      1.198E+08  4.805E+06  2.353E+07  2.999E+06  7.250E+05  3.900E+05  1.451E+05  4.584E+04
  23.6      1.198E+08  4.805E+06  2.353E+07  3.000E+06  7.253E+05  3.901E+05  1.452E+05  4.589E+04
  36.9      1.199E+08  4.806E+06  2.355E+07  3.001E+06  7.260E+05  3.904E+05  1.454E+05  4.600E+04
  90.0      1.202E+08  4.806E+06  2.358E+07  3.003E+06  7.274E+05  3.910E+05  1.458E+05  4.624E+04
  143.      1.220E+08  4.855E+06  2.385E+07  3.042E+06  7.352E+05  3.956E+05  1.474E+05  4.677E+04
  156.      1.225E+08  4.867E+06  2.392E+07  3.052E+06  7.374E+05  3.969E+05  1.479E+05  4.694E+04
  168.      1.227E+08  4.873E+06  2.395E+07  3.057E+06  7.384E+05  3.975E+05  1.481E+05  4.702E+04
  180.      1.227E+08  4.873E+06  2.395E+07  3.057E+06  7.384E+05  3.975E+05  1.481E+05  4.702E+04
 ALTITUDE (cm):   20000000.000000000     
   Theta     1.00       2.00       5.00       10.0       15.0       20.0       30.0       50.0    
  0.00      3.476E+08  2.467E+07  8.042E+07  1.260E+07  3.170E+06  1.650E+06  6.092E+05  1.960E+05
  11.6      3.476E+08  2.467E+07  8.042E+07  1.260E+07  3.170E+06  1.650E+06  6.092E+05  1.960E+05
  23.6      3.475E+08  2.469E+07  8.047E+07  1.261E+07  3.173E+06  1.652E+06  6.101E+05  1.965E+05
  36.9      3.473E+08  2.473E+07  8.058E+07  1.263E+07  3.182E+06  1.656E+06  6.122E+05  1.975E+05
  90.0      3.466E+08  2.481E+07  8.082E+07  1.269E+07  3.201E+06  1.666E+06  6.170E+05  1.998E+05
  143.      3.476E+08  2.517E+07  8.143E+07  1.288E+07  3.249E+06  1.692E+06  6.261E+05  2.032E+05
  156.      3.475E+08  2.528E+07  8.160E+07  1.294E+07  3.265E+06  1.700E+06  6.291E+05  2.045E+05
  168.      3.474E+08  2.532E+07  8.168E+07  1.297E+07  3.271E+06  1.703E+06  6.304E+05  2.050E+05
  180.      3.474E+08  2.532E+07  8.168E+07  1.297E+07  3.271E+06  1.703E+06  6.304E+05  2.050E+05
 ALTITUDE (cm):   30000000.000000000     
   Theta     1.00       2.00       5.00       10.0       15.0       20.0       30.0       50.0    
  0.00      5.459E+07  3.289E+07  5.258E+07  1.548E+07  5.106E+06  2.619E+06  9.866E+05  3.328E+05
  11.6      5.459E+07  3.289E+07  5.258E+07  1.548E+07  5.106E+06  2.619E+06  9.866E+05  3.328E+05
  23.6      5.245E+07  3.259E+07  5.178E+07  1.536E+07  5.092E+06  2.615E+06  9.864E+05  3.334E+05
  36.9      4.775E+07  3.189E+07  4.997E+07  1.509E+07  5.058E+06  2.603E+06  9.857E+05  3.349E+05
  90.0      3.706E+07  3.018E+07  4.560E+07  1.442E+07  4.968E+06  2.571E+06  9.826E+05  3.378E+05
  143.      3.103E+07  2.824E+07  4.135E+07  1.365E+07  4.832E+06  2.520E+06  9.732E+05  3.390E+05
  156.      2.866E+07  2.737E+07  3.952E+07  1.329E+07  4.762E+06  2.492E+06  9.670E+05  3.388E+05
  168.      2.765E+07  2.698E+07  3.870E+07  1.313E+07  4.729E+06  2.479E+06  9.639E+05  3.386E+05
  180.      2.765E+07  2.698E+07  3.870E+07  1.313E+07  4.729E+06  2.479E+06  9.639E+05  3.386E+05
 ALTITUDE (cm):   40000000.000000000     
   Theta     1.00       2.00       5.00       10.0       15.0       20.0       30.0       50.0    
  0.00      5.253E+06  1.094E+07  1.821E+07  8.323E+06  3.784E+06  2.136E+06  9.091E+05  3.382E+05
  11.6      5.253E+06  1.094E+07  1.821E+07  8.323E+06  3.784E+06  2.136E+06  9.091E+05  3.382E+05
  23.6      5.116E+06  1.050E+07  1.731E+07  8.011E+06  3.683E+06  2.091E+06  8.974E+05  3.367E+05
  36.9      4.819E+06  9.558E+06  1.530E+07  7.302E+06  3.447E+06  1.983E+06  8.691E+05  3.328E+05
  90.0      4.175E+06  7.445E+06  1.071E+07  5.583E+06  2.846E+06  1.703E+06  7.915E+05  3.204E+05
  143.      3.695E+06  5.930E+06  7.457E+06  4.025E+06  2.167E+06  1.358E+06  6.823E+05  2.973E+05
  156.      3.490E+06  5.308E+06  6.168E+06  3.375E+06  1.873E+06  1.208E+06  6.363E+05  2.896E+05
  168.      3.398E+06  5.037E+06  5.613E+06  3.089E+06  1.742E+06  1.142E+06  6.166E+05  2.872E+05
  180.      3.398E+06  5.037E+06  5.613E+06  3.089E+06  1.742E+06  1.142E+06  6.166E+05  2.872E+05
 ALTITUDE (cm):   80000000.000000000     
   Theta     1.00       2.00       5.00       10.0       15.0       20.0       30.0       50.0    
  0.00      8.191E+05  2.060E+06  5.822E+06  4.613E+06  2.770E+06  1.730E+06  8.226E+05  3.297E+05
  11.6      8.191E+05  2.060E+06  5.822E+06  4.613E+06  2.770E+06  1.730E+06  8.226E+05  3.297E+05
  23.6      7.934E+05  1.940E+06  5.293E+06  4.253E+06  2.606E+06  1.650E+06  7.991E+05  3.258E+05
  36.9      7.388E+05  1.685E+06  4.169E+06  3.421E+06  2.200E+06  1.442E+06  7.338E+05  3.134E+05
  90.0      6.269E+05  1.166E+06  1.833E+06  1.279E+06  8.733E+05  6.254E+05  3.789E+05  2.005E+05
  143.      5.453E+05  8.465E+05  8.682E+05  6.394E+05  6.127E+05  5.496E+05  4.006E+05  2.302E+05
  156.      5.096E+05  7.186E+05  5.946E+05  5.561E+05  6.385E+05  6.210E+05  4.861E+05  2.759E+05
  168.      4.936E+05  6.637E+05  4.972E+05  5.440E+05  6.669E+05  6.688E+05  5.378E+05  2.953E+05
  180.      4.936E+05  6.637E+05  4.972E+05  5.440E+05  6.669E+05  6.688E+05  5.378E+05  2.953E+05
 Second ionosphere
 ALTITUDE (cm):   10000000.000000000     
   Theta     1.00       2.00       5.00       10.0       15.0       20.0       30.0       50.0    
  0.00      1.120E+04   389.      2.580E+03   299.       72.4       40.5       15.2       4.69    
  11.6      1.120E+04   389.      2.580E+03   299.       72.4       40.5       15.2       4.69    
  23.6      1.119E+04   389.      2.577E+03   299.       72.3       40.5       15.2       4.69    
  36.9      1.116E+04   389.      2.572E+03   298.       72.2       40.4       15.2       4.69    
  90.0      1.110E+04   387.      2.559E+03   297.       72.0       40.2       15.1       4.67    
  143.      1.119E+04   389.      2.580E+03   299.       72.3       40.5       15.2       4.68    
  156.      1.120E+04   390.      2.584E+03   300.       72.3       40.5       15.2       4.68    
  168.      1.121E+04   390.      2.585E+03   300.       72.4       40.5       15.2       4.68    
  180.      1.121E+04   390.      2.585E+03   300.       72.4       40.5       15.2       4.68    
 ALTITUDE (cm):   15000000.000000000     
   Theta     1.00       2.00       5.00       10.0       15.0       20.0       30.0       50.0    
  0.00      1.223E+08  4.863E+06  2.391E+07  3.049E+06  7.374E+05  3.967E+05  1.480E+05  4.702E+04
  11.6      1.223E+08  4.863E+06  2.391E+07  3.049E+06  7.374E+05  3.967E+05  1.480E+05  4.702E+04
  23.6      1.221E+08  4.858E+06  2.387E+07  3.044E+06  7.364E+05  3.961E+05  1.477E+05  4.694E+04
  36.9      1.216E+08  4.845E+06  2.380E+07  3.033E+06  7.341E+05  3.948E+05  1.473E+05  4.676E+04
  90.0      1.204E+08  4.814E+06  2.362E+07  3.008E+06  7.286E+05  3.916E+05  1.461E+05  4.632E+04
  143.      1.207E+08  4.832E+06  2.367E+07  3.020E+06  7.295E+05  3.925E+05  1.460E+05  4.616E+04
  156.      1.206E+08  4.831E+06  2.366E+07  3.018E+06  7.288E+05  3.922E+05  1.458E+05  4.605E+04
  168.      1.205E+08  4.831E+06  2.365E+07  3.018E+06  7.285E+05  3.920E+05  1.457E+05  4.600E+04
  180.      1.205E+08  4.831E+06  2.365E+07  3.018E+06  7.285E+05  3.920E+05  1.457E+05  4.600E+04
 ALTITUDE (cm):   20000000.000000000     
   Theta     1.00       2.00       5.00       10.0       15.0       20.0       30.0       50.0    
  0.00      3.468E+08  2.525E+07  8.159E+07  1.293E+07  3.263E+06  1.699E+06  6.295E+05  2.048E+05
  11.6      3.468E+08  2.525E+07  8.159E+07  1.293E+07  3.263E+06  1.699E+06  6.295E+05  2.048E+05
  23.6      3.469E+08  2.520E+07  8.152E+07  1.290E+07  3.257E+06  1.695E+06  6.281E+05  2.043E+05
  36.9      3.470E+08  2.509E+07  8.134E+07  1.284E+07  3.241E+06  1.687E+06  6.251E+05  2.030E+05
  90.0      3.470E+08  2.484E+07  8.092E+07  1.270E+07  3.204E+06  1.668E+06  6.178E+05  2.001E+05
  143.      3.488E+08  2.487E+07  8.087E+07  1.271E+07  3.197E+06  1.665E+06  6.147E+05  1.982E+05
  156.      3.490E+08  2.483E+07  8.076E+07  1.268E+07  3.189E+06  1.661E+06  6.125E+05  1.971E+05
  168.      3.491E+08  2.481E+07  8.071E+07  1.267E+07  3.185E+06  1.659E+06  6.116E+05  1.967E+05
  180.      3.491E+08  2.481E+07  8.071E+07  1.267E+07  3.185E+06  1.659E+06  6.116E+05  1.967E+05
 ALTITUDE (cm):   30000000.000000000     
   Theta     1.00       2.00       5.00       10.0       15.0       20.0       30.0       50.0    
  0.00      2.766E+07  2.699E+07  3.872E+07  1.312E+07  4.723E+06  2.475E+06  9.628E+05  3.382E+05
  11.6      2.766E+07  2.699E+07  3.872E+07  1.312E+07  4.723E+06  2.475E+06  9.628E+05  3.382E+05
  23.6      2.867E+07  2.738E+07  3.954E+07  1.328E+07  4.755E+06  2.488E+06  9.658E+05  3.384E+05
  36.9      3.104E+07  2.824E+07  4.137E+07  1.364E+07  4.825E+06  2.516E+06  9.719E+05  3.386E+05
  90.0      3.712E+07  3.022E+07  4.565E+07  1.444E+07  4.973E+06  2.574E+06  9.835E+05  3.381E+05
  143.      4.787E+07  3.198E+07  5.005E+07  1.514E+07  5.075E+06  2.612E+06  9.887E+05  3.359E+05
  156.      5.258E+07  3.268E+07  5.187E+07  1.541E+07  5.109E+06  2.624E+06  9.894E+05  3.344E+05
  168.      5.473E+07  3.298E+07  5.267E+07  1.553E+07  5.124E+06  2.629E+06  9.896E+05  3.337E+05
  180.      5.473E+07  3.298E+07  5.267E+07  1.553E+07  5.124E+06  2.629E+06  9.896E+05  3.337E+05
 ALTITUDE (cm):   40000000.000000000     
   Theta     1.00       2.00       5.00       10.0       15.0       20.0       30.0       50.0    
  0.00      3.402E+06  5.042E+06  5.618E+06  3.090E+06  1.742E+06  1.141E+06  6.162E+05  2.869E+05
  11.6      3.402E+06  5.042E+06  5.618E+06  3.090E+06  1.742E+06  1.141E+06  6.162E+05  2.869E+05
  23.6      3.494E+06  5.314E+06  6.174E+06  3.376E+06  1.873E+06  1.208E+06  6.359E+05  2.893E+05
  36.9      3.700E+06  5.936E+06  7.464E+06  4.027E+06  2.167E+06  1.358E+06  6.819E+05  2.970E+05
  90.0      4.180E+06  7.455E+06  1.072E+07  5.591E+06  2.849E+06  1.704E+06  7.921E+05  3.206E+05
  143.      4.826E+06  9.572E+06  1.532E+07  7.315E+06  3.454E+06  1.987E+06  8.705E+05  3.334E+05
  156.      5.123E+06  1.052E+07  1.733E+07  8.027E+06  3.690E+06  2.095E+06  8.990E+05  3.373E+05
  168.      5.260E+06  1.095E+07  1.824E+07  8.340E+06  3.791E+06  2.141E+06  9.108E+05  3.388E+05
  180.      5.260E+06  1.095E+07  1.824E+07  8.340E+06  3.791E+06  2.141E+06  9.108E+05  3.388E+05
 ALTITUDE (cm):   80000000.000000000     
   Theta     1.00       2.00       5.00       10.0       15.0       20.0       30.0       50.0    
  0.00      4.942E+05  6.644E+05  4.973E+05  5.433E+05  6.661E+05  6.679E+05  5.370E+05  2.949E+05
  11.6      4.942E+05  6.644E+05  4.973E+05  5.433E+05  6.661E+05  6.679E+05  5.370E+05  2.949E+05
  23.6      5.102E+05  7.194E+05  5.948E+05  5.556E+05  6.377E+05  6.202E+05  4.854E+05  2.756E+05
  36.9      5.459E+05  8.475E+05  8.689E+05  6.391E+05  6.121E+05  5.490E+05  4.002E+05  2.300E+05
  90.0      6.277E+05  1.167E+06  1.836E+06  1.280E+06  8.740E+05  6.258E+05  3.791E+05  2.006E+05
  143.      7.397E+05  1.687E+06  4.175E+06  3.427E+06  2.204E+06  1.444E+06  7.347E+05  3.138E+05
  156.      7.944E+05  1.942E+06  5.301E+06  4.260E+06  2.611E+06  1.653E+06  8.002E+05  3.263E+05
  168.      8.201E+05  2.063E+06  5.830E+06  4.621E+06  2.774E+06  1.733E+06  8.239E+05  3.302E+05
  180.      8.201E+05  2.063E+06  5.830E+06  4.621E+06  2.774E+06  1.733E+06  8.239E+05  3.302E+05

