2.16E+05
3.40E+05
3.91E+05
3.93E+05
3.71E+05
3.40E+05
3.09E+05
2.83E+05
2.62E+05
2.46E+05
2.34E+05
2.27E+05
2.22E+05
2.20E+05
2.20E+05
2.19E+05
2.14E+05
2.04E+05
1.88E+05
1.72E+05
1.55E+05
1.40E+05
1.26E+05
1.13E+05
1.05E+05
1.03E+05
1.03E+05
1.02E+05
1.02E+05
1.02E+05
1.02E+05
1.03E+05
1.04E+05
1.07E+05
1.09E+05
1.12E+05
1.11E+05
1.05E+05
1.01E+05
9.79E+04
9.50E+04
9.14E+04
8.70E+04
8.37E+04
8.13E+04
7.95E+04
7.72E+04
7.40E+04
7.17E+04
6.97E+04
6.79E+04
6.63E+04
6.47E+04
6.33E+04
6.17E+04
6.00E+04
5.73E+04
5.27E+04
4.58E+04
4.50E+04
4.43E+04
4.37E+04
4.32E+04
4.27E+04
4.22E+04
4.18E+04
4.14E+04
4.11E+04
4.07E+04
4.04E+04
4.01E+04
3.99E+04
3.97E+04
3.94E+04
3.92E+04
3.90E+04
3.88E+04
3.86E+04
3.84E+04
3.82E+04
3.81E+04
3.80E+04
3.79E+04
3.77E+04
3.76E+04
3.75E+04
3.74E+04
3.72E+04
3.71E+04
3.70E+04
3.69E+04
3.68E+04
3.67E+04
3.66E+04
3.65E+04
3.65E+04
3.64E+04
3.63E+04
3.63E+04
3.62E+04
3.60E+04
3.56E+04
3.46E+04
3.45E+04
3.43E+04
3.42E+04
3.39E+04
3.39E+04
3.39E+04
3.40E+04
3.39E+04
3.39E+04
3.39E+04
3.38E+04
3.38E+04
3.38E+04
3.37E+04
3.37E+04
3.37E+04
3.35E+04
3.31E+04
3.27E+04
3.23E+04
3.19E+04
3.16E+04
3.13E+04
3.10E+04
3.07E+04
3.05E+04
3.02E+04
3.00E+04
2.98E+04
2.96E+04
2.94E+04
2.92E+04
2.90E+04
2.88E+04
2.86E+04
2.85E+04
2.83E+04
2.82E+04
2.80E+04
2.78E+04
2.77E+04
2.76E+04
2.74E+04
2.73E+04
2.72E+04
2.71E+04
2.70E+04
2.69E+04
2.68E+04
2.67E+04
2.66E+04
2.65E+04
2.64E+04
2.63E+04
2.63E+04
2.62E+04
2.62E+04
2.61E+04
2.61E+04
2.60E+04
2.60E+04
2.60E+04
2.60E+04
2.60E+04
2.61E+04
2.60E+04
2.58E+04
2.56E+04
2.54E+04
2.52E+04
2.51E+04
2.49E+04
2.48E+04
2.47E+04
2.46E+04
2.45E+04
2.44E+04
2.44E+04
2.43E+04
2.42E+04
2.42E+04
2.41E+04
2.41E+04
2.40E+04
2.39E+04
2.39E+04
2.39E+04
2.38E+04
2.38E+04
2.37E+04
2.37E+04
2.37E+04
2.36E+04
2.36E+04
2.36E+04
2.35E+04
2.35E+04
2.35E+04
2.35E+04
2.34E+04
2.34E+04
2.34E+04
2.34E+04
2.34E+04
2.33E+04
2.33E+04
2.33E+04
2.33E+04
2.33E+04
2.33E+04
2.33E+04
2.33E+04
2.33E+04
2.32E+04
2.32E+04
2.32E+04
2.32E+04
2.32E+04
2.32E+04
2.32E+04
2.32E+04
2.32E+04
2.32E+04
2.32E+04
2.32E+04
2.32E+04
2.32E+04
2.32E+04
2.32E+04
2.32E+04
2.31E+04
2.28E+04
2.28E+04
2.28E+04
2.28E+04
2.29E+04
2.29E+04
2.29E+04
2.29E+04
2.29E+04
2.29E+04
2.27E+04
2.27E+04
2.27E+04
2.28E+04
2.28E+04
2.29E+04
2.29E+04
2.30E+04
2.30E+04
2.31E+04
2.31E+04
2.31E+04
2.32E+04
2.32E+04
2.33E+04
2.33E+04
2.34E+04
2.34E+04
2.35E+04
2.35E+04
2.36E+04
2.36E+04
2.37E+04
2.37E+04
2.38E+04
2.38E+04
2.39E+04
2.39E+04
2.40E+04
2.40E+04
2.41E+04
2.41E+04
2.42E+04
2.42E+04
2.43E+04
2.43E+04
2.44E+04
2.45E+04
2.45E+04
2.46E+04
2.46E+04
2.47E+04
2.48E+04
2.48E+04
2.49E+04
2.49E+04
2.50E+04
2.50E+04
2.51E+04
2.51E+04
2.52E+04
2.52E+04
2.53E+04
2.53E+04
2.54E+04
2.54E+04
2.55E+04
2.56E+04
2.56E+04
2.57E+04
2.57E+04
2.58E+04
2.58E+04
2.59E+04
2.59E+04
2.60E+04
2.61E+04
2.61E+04
2.62E+04
2.62E+04
2.63E+04
2.63E+04
2.64E+04
2.65E+04
2.65E+04
2.66E+04
2.66E+04
2.67E+04
2.67E+04
2.68E+04
2.68E+04
2.69E+04
2.69E+04
2.70E+04
2.70E+04
2.71E+04
2.71E+04
2.72E+04
2.73E+04
2.73E+04
2.74E+04
2.74E+04
2.75E+04
2.76E+04
2.76E+04
2.77E+04
2.77E+04
2.78E+04
2.78E+04
2.79E+04
2.80E+04
2.80E+04
2.81E+04
2.81E+04
2.82E+04
2.83E+04
2.83E+04
2.84E+04
2.84E+04
2.85E+04
2.86E+04
2.86E+04
2.87E+04
2.87E+04
2.88E+04
2.89E+04
2.89E+04
2.90E+04
2.90E+04
2.91E+04
2.92E+04
2.92E+04
2.93E+04
2.93E+04
2.94E+04
2.95E+04
2.95E+04
2.95E+04
2.96E+04
2.97E+04
2.97E+04
2.98E+04
2.98E+04
2.99E+04
3.00E+04
3.00E+04
3.01E+04
3.01E+04
3.02E+04
3.03E+04
3.03E+04
3.04E+04
3.04E+04
3.05E+04
3.05E+04
3.06E+04
3.07E+04
3.07E+04
3.08E+04
3.08E+04
3.09E+04
3.10E+04
3.10E+04
3.11E+04
3.12E+04
3.12E+04
3.13E+04
3.14E+04
3.15E+04
3.15E+04
3.16E+04
3.17E+04
3.18E+04
3.18E+04
3.19E+04
3.20E+04
3.20E+04
3.21E+04
3.22E+04
3.23E+04
3.23E+04
3.24E+04
3.25E+04
3.26E+04
3.26E+04
3.27E+04
3.28E+04
3.29E+04
3.30E+04
3.30E+04
3.31E+04
3.32E+04
3.33E+04
3.33E+04
3.35E+04
3.36E+04
3.37E+04
3.38E+04
3.39E+04
3.40E+04
3.41E+04
3.42E+04
3.43E+04
3.44E+04
3.45E+04
3.46E+04
3.47E+04
3.48E+04
3.49E+04
3.50E+04
3.51E+04
3.52E+04
3.53E+04
3.54E+04
3.56E+04
3.57E+04
3.58E+04
3.59E+04
3.60E+04
3.61E+04
3.62E+04
3.63E+04
3.65E+04
3.66E+04
3.67E+04
3.68E+04
3.69E+04
3.70E+04
3.71E+04
3.73E+04
3.74E+04
3.75E+04
3.76E+04
3.77E+04
3.79E+04
3.80E+04
3.81E+04
3.82E+04
3.83E+04
3.84E+04
3.86E+04
3.87E+04
3.89E+04
3.90E+04
3.92E+04
3.93E+04
3.95E+04
3.96E+04
3.98E+04
3.99E+04
4.00E+04
4.02E+04
4.03E+04
4.05E+04
4.06E+04
4.08E+04
4.10E+04
4.11E+04
4.13E+04
4.14E+04
4.16E+04
4.17E+04
4.19E+04
4.20E+04
4.22E+04
4.24E+04
4.25E+04
4.27E+04
4.28E+04
4.30E+04
4.32E+04
4.34E+04
4.35E+04
4.37E+04
4.39E+04
4.44E+04
4.51E+04
4.48E+04
4.51E+04
4.58E+04
4.59E+04
4.60E+04
4.62E+04
4.64E+04
4.66E+04
4.68E+04
4.70E+04
4.72E+04
4.74E+04
4.76E+04
4.78E+04
4.80E+04
4.82E+04
4.84E+04
4.86E+04
4.88E+04
4.89E+04
4.91E+04
4.94E+04
4.95E+04
4.98E+04
5.00E+04
5.02E+04
5.05E+04
5.07E+04
5.09E+04
5.12E+04
5.14E+04
5.17E+04
5.19E+04
5.21E+04
5.24E+04
5.26E+04
5.29E+04
5.31E+04
5.34E+04
5.37E+04
5.39E+04
5.42E+04
5.45E+04
5.47E+04
5.50E+04
5.53E+04
5.56E+04
5.58E+04
5.61E+04
5.64E+04
5.67E+04
5.70E+04
5.72E+04
5.75E+04
5.78E+04
5.81E+04
5.84E+04
5.87E+04
5.90E+04
5.93E+04
5.96E+04
5.99E+04
6.02E+04
6.05E+04
6.09E+04
6.12E+04
6.15E+04
6.18E+04
6.22E+04
6.25E+04
6.28E+04
6.31E+04
6.35E+04
6.38E+04
6.42E+04
6.47E+04
6.52E+04
6.56E+04
6.60E+04
6.65E+04
6.70E+04
6.75E+04
6.82E+04
6.89E+04
6.98E+04
7.09E+04
7.22E+04
7.41E+04
8.06E+04
1.18E+05
1.18E+05
1.18E+05
1.18E+05
1.18E+05
1.18E+05
1.18E+05
1.18E+05
1.17E+05
1.17E+05
1.17E+05
1.17E+05
1.17E+05
1.17E+05
1.16E+05
1.16E+05
1.16E+05
1.16E+05
1.16E+05
1.15E+05
1.15E+05
1.15E+05
1.15E+05
1.15E+05
1.14E+05
1.14E+05
1.14E+05
1.14E+05
1.13E+05
1.13E+05
1.13E+05
1.12E+05
1.12E+05
1.10E+05
1.09E+05
1.09E+05
1.08E+05
9.73E+04
9.40E+04
9.39E+04
9.38E+04
9.37E+04
9.38E+04
9.38E+04
9.38E+04
9.37E+04
9.37E+04
9.32E+04
9.47E+04
9.46E+04
9.45E+04
9.43E+04
9.41E+04
9.40E+04
9.38E+04
9.36E+04
9.35E+04
9.33E+04
9.32E+04
9.30E+04
9.28E+04
9.27E+04
9.25E+04
9.23E+04
9.21E+04
9.20E+04
9.18E+04
9.16E+04
9.15E+04
9.13E+04
9.11E+04
9.09E+04
9.08E+04
9.06E+04
9.04E+04
9.02E+04
9.01E+04
8.99E+04
8.97E+04
8.95E+04
8.93E+04
8.91E+04
8.90E+04
8.88E+04
8.86E+04
8.84E+04
8.82E+04
8.80E+04
8.79E+04
8.77E+04
8.75E+04
8.73E+04
8.71E+04
8.69E+04
8.67E+04
8.65E+04
8.63E+04
8.61E+04
8.59E+04
8.57E+04
8.55E+04
8.53E+04
8.51E+04
8.49E+04
8.47E+04
8.45E+04
8.43E+04
8.41E+04
8.39E+04
8.37E+04
8.34E+04
8.32E+04
8.30E+04
8.28E+04
8.26E+04
8.23E+04
8.21E+04
8.19E+04
8.16E+04
8.14E+04
8.12E+04
8.09E+04
8.07E+04
8.07E+04
8.07E+04
8.08E+04
8.08E+04
8.09E+04
8.09E+04
8.10E+04
8.10E+04
8.11E+04
8.11E+04
8.11E+04
8.11E+04
8.11E+04
8.12E+04
8.12E+04
8.12E+04
8.12E+04
8.12E+04
8.12E+04
8.12E+04
8.12E+04
8.11E+04
8.11E+04
8.11E+04
8.11E+04
8.11E+04
8.11E+04
8.10E+04
8.10E+04
8.10E+04
8.09E+04
8.09E+04
8.09E+04
8.08E+04
8.08E+04
8.08E+04
8.07E+04
8.07E+04
8.06E+04
8.06E+04
8.05E+04
8.05E+04
8.04E+04
8.04E+04
8.03E+04
8.03E+04
8.02E+04
8.02E+04
8.01E+04
8.00E+04
8.00E+04
7.99E+04
7.99E+04
7.98E+04
7.97E+04
7.97E+04
7.96E+04
7.95E+04
7.95E+04
7.94E+04
7.93E+04
7.93E+04
7.92E+04
7.91E+04
7.91E+04
7.90E+04
7.89E+04
7.88E+04
7.87E+04
7.87E+04
7.86E+04
7.85E+04
7.84E+04
7.84E+04
7.83E+04
7.82E+04
7.81E+04
7.81E+04
7.80E+04
7.79E+04
7.78E+04
7.77E+04
7.76E+04
7.75E+04
7.75E+04
7.74E+04
7.73E+04
7.72E+04
7.71E+04
7.70E+04
7.69E+04
7.68E+04
7.67E+04
7.66E+04
7.66E+04
7.65E+04
7.64E+04
7.63E+04
7.62E+04
7.61E+04
7.60E+04
7.59E+04
7.58E+04
7.57E+04
7.56E+04
7.55E+04
7.54E+04
7.53E+04
7.52E+04
7.51E+04
7.50E+04
7.49E+04
7.48E+04
7.47E+04
7.46E+04
7.45E+04
7.44E+04
7.43E+04
7.42E+04
7.41E+04
7.39E+04
7.39E+04
7.37E+04
7.36E+04
7.35E+04
7.34E+04
7.33E+04
7.32E+04
7.31E+04
7.30E+04
7.28E+04
7.27E+04
7.26E+04
7.25E+04
7.24E+04
7.23E+04
7.21E+04
7.20E+04
7.19E+04
7.18E+04
7.17E+04
7.15E+04
7.14E+04
7.13E+04
7.12E+04
7.10E+04
7.09E+04
7.08E+04
7.07E+04
7.06E+04
7.05E+04
7.03E+04
7.02E+04
7.01E+04
6.99E+04
6.98E+04
6.96E+04
6.95E+04
6.94E+04
6.92E+04
6.91E+04
6.90E+04
6.88E+04
6.87E+04
6.85E+04
6.84E+04
6.82E+04
6.81E+04
6.79E+04
6.78E+04
6.76E+04
6.75E+04
6.73E+04
6.72E+04
6.70E+04
6.68E+04
6.67E+04
6.65E+04
6.63E+04
6.61E+04
6.53E+04
6.51E+04
6.45E+04
6.43E+04
6.41E+04
6.39E+04
6.37E+04
6.35E+04
6.33E+04
6.31E+04
6.29E+04
6.27E+04
6.25E+04
6.23E+04
6.20E+04
6.18E+04
6.16E+04
6.14E+04
6.11E+04
6.09E+04
6.07E+04
6.04E+04
6.02E+04
6.00E+04
5.97E+04
5.95E+04
5.92E+04
5.90E+04
5.87E+04
5.85E+04
5.82E+04
5.79E+04
5.77E+04
5.74E+04
5.72E+04
5.87E+04
5.84E+04
5.86E+04
5.82E+04
5.78E+04
5.73E+04
5.68E+04
5.66E+04
5.73E+04
4.97E+04
4.79E+04
4.79E+04
4.78E+04
4.78E+04
4.77E+04
4.77E+04
4.76E+04
4.76E+04
4.75E+04
4.74E+04
4.73E+04
4.72E+04
4.71E+04
4.70E+04
4.69E+04
4.68E+04
4.67E+04
4.66E+04
4.64E+04
4.63E+04
4.62E+04
4.60E+04
4.59E+04
4.58E+04
4.56E+04
4.55E+04
4.55E+04
4.55E+04
4.55E+04
4.55E+04
4.55E+04
4.55E+04
4.55E+04
4.55E+04
4.55E+04
4.55E+04
4.55E+04
4.54E+04
4.54E+04
4.54E+04
4.54E+04
4.53E+04
4.53E+04
4.53E+04
4.52E+04
4.52E+04
4.52E+04
4.51E+04
4.51E+04
4.50E+04
4.50E+04
4.50E+04
4.49E+04
4.48E+04
4.48E+04
4.48E+04
4.47E+04
4.46E+04
4.46E+04
4.45E+04
4.45E+04
4.44E+04
4.44E+04
4.43E+04
4.42E+04
4.42E+04
4.41E+04
4.40E+04
4.40E+04
4.39E+04
4.38E+04
4.38E+04
4.37E+04
4.36E+04
4.35E+04
4.35E+04
4.34E+04
4.33E+04
4.33E+04
4.32E+04
4.31E+04
4.30E+04
4.29E+04
4.28E+04
4.28E+04
4.27E+04
4.26E+04
4.25E+04
4.24E+04
4.24E+04
4.23E+04
4.22E+04
4.21E+04
4.20E+04
4.19E+04
4.19E+04
4.18E+04
4.17E+04
4.16E+04
4.15E+04
4.14E+04
4.13E+04
4.12E+04
4.11E+04
4.10E+04
4.09E+04
4.08E+04
4.07E+04
4.06E+04
4.05E+04
4.04E+04
4.03E+04
4.02E+04
4.01E+04
4.01E+04
4.01E+04
4.02E+04
4.02E+04
4.03E+04
4.03E+04
4.05E+04
4.05E+04
4.06E+04
4.06E+04
4.07E+04
4.07E+04
4.08E+04
4.08E+04
4.08E+04
4.09E+04
4.09E+04
4.10E+04
4.11E+04
4.12E+04
4.12E+04
4.13E+04
4.14E+04
4.14E+04
4.15E+04
4.15E+04
4.16E+04
4.17E+04
4.17E+04
4.18E+04
4.18E+04
4.19E+04
4.19E+04
4.20E+04
4.20E+04
4.20E+04
4.21E+04
4.21E+04
4.21E+04
4.22E+04
4.22E+04
4.22E+04
4.23E+04
4.23E+04
4.23E+04
4.23E+04
4.24E+04
4.24E+04
4.24E+04
4.24E+04
4.24E+04
4.24E+04
4.24E+04
4.24E+04
4.23E+04
4.24E+04
4.25E+04
4.25E+04
4.25E+04
4.26E+04
4.26E+04
4.26E+04
4.26E+04
4.26E+04
4.26E+04
4.26E+04
4.27E+04
4.27E+04
4.27E+04
4.27E+04
4.27E+04
4.27E+04
4.27E+04
4.27E+04
4.27E+04
4.27E+04
4.26E+04
4.26E+04
4.26E+04
4.26E+04
4.26E+04
4.26E+04
4.26E+04
4.26E+04
4.26E+04
4.25E+04
4.25E+04
4.25E+04
4.25E+04
4.25E+04
4.24E+04
4.24E+04
4.24E+04
4.24E+04
4.23E+04
4.23E+04
4.23E+04
4.23E+04
4.22E+04
4.22E+04
4.22E+04
4.21E+04
4.21E+04
4.21E+04
4.20E+04
4.20E+04
4.20E+04
4.19E+04
4.19E+04
4.19E+04
4.18E+04
4.18E+04
4.18E+04
4.17E+04
4.17E+04
4.16E+04
4.16E+04
4.16E+04
4.15E+04
4.15E+04
4.14E+04
4.14E+04
4.13E+04
4.13E+04
4.12E+04
4.11E+04
4.11E+04
4.10E+04
4.09E+04
4.08E+04
3.88E+04
3.87E+04
3.77E+04
3.77E+04
3.76E+04
3.76E+04
3.75E+04
3.75E+04
3.74E+04
3.74E+04
3.73E+04
3.73E+04
3.72E+04
3.72E+04
3.71E+04
3.71E+04
3.70E+04
3.70E+04
3.69E+04
3.69E+04
3.68E+04
3.68E+04
3.67E+04
3.67E+04
3.66E+04
3.66E+04
3.65E+04
3.64E+04
3.64E+04
3.63E+04
3.63E+04
3.62E+04
3.62E+04
3.61E+04
3.61E+04
3.60E+04
3.60E+04
3.59E+04
3.59E+04
3.58E+04
3.57E+04
3.57E+04
3.56E+04
3.56E+04
3.55E+04
3.55E+04
3.54E+04
3.53E+04
3.53E+04
3.52E+04
3.52E+04
3.51E+04
3.51E+04
3.50E+04
3.50E+04
3.49E+04
3.48E+04
3.48E+04
3.47E+04
3.46E+04
3.46E+04
3.45E+04
3.45E+04
3.44E+04
3.43E+04
3.43E+04
3.42E+04
3.42E+04
3.41E+04
3.40E+04
3.40E+04
3.39E+04
3.39E+04
3.38E+04
3.37E+04
3.37E+04
3.36E+04
3.35E+04
3.35E+04
3.34E+04
3.33E+04
3.33E+04
3.32E+04
3.31E+04
3.24E+04
3.23E+04
3.21E+04
3.20E+04
3.19E+04
3.19E+04
3.18E+04
3.17E+04
3.16E+04
3.15E+04
3.14E+04
3.14E+04
3.13E+04
3.12E+04
3.11E+04
3.10E+04
3.09E+04
3.09E+04
3.08E+04
3.07E+04
3.06E+04
3.05E+04
3.05E+04
3.04E+04
3.03E+04
3.03E+04
3.03E+04
3.02E+04
3.01E+04
3.01E+04
3.00E+04
3.00E+04
2.99E+04
2.99E+04
2.98E+04
2.98E+04
2.97E+04
2.97E+04
2.96E+04
2.96E+04
2.95E+04
2.94E+04
2.94E+04
2.93E+04
2.93E+04
2.92E+04
2.92E+04
2.91E+04
2.91E+04
2.90E+04
2.89E+04
2.89E+04
2.88E+04
2.88E+04
2.87E+04
2.87E+04
2.86E+04
2.85E+04
2.85E+04
2.84E+04
2.84E+04
2.83E+04
2.83E+04
2.82E+04
2.82E+04
2.81E+04
2.80E+04
2.80E+04
2.79E+04
2.79E+04
2.78E+04
2.78E+04
2.77E+04
2.77E+04
2.76E+04
2.75E+04
2.75E+04
2.75E+04
2.74E+04
2.74E+04
2.74E+04
2.74E+04
2.74E+04
2.74E+04
2.73E+04
2.73E+04
2.73E+04
2.73E+04
2.73E+04
2.73E+04
2.72E+04
2.72E+04
2.72E+04
2.72E+04
2.72E+04
2.71E+04
2.71E+04
2.71E+04
2.71E+04
2.70E+04
2.70E+04
2.70E+04
2.69E+04
2.68E+04
2.68E+04
2.67E+04
2.67E+04
2.66E+04
2.66E+04
2.65E+04
2.65E+04
2.65E+04
2.64E+04
2.64E+04
2.63E+04
2.63E+04
2.62E+04
2.62E+04
2.62E+04
2.61E+04
2.61E+04
2.60E+04
2.60E+04
2.59E+04
2.59E+04
2.59E+04
2.58E+04
2.58E+04
2.57E+04
2.57E+04
2.56E+04
2.56E+04
2.55E+04
2.55E+04
2.54E+04
2.54E+04
2.53E+04
2.53E+04
2.53E+04
2.52E+04
2.52E+04
2.51E+04
2.51E+04
2.50E+04
2.50E+04
2.49E+04
2.49E+04
2.48E+04
2.48E+04
2.47E+04
2.47E+04
2.46E+04
2.46E+04
2.45E+04
2.45E+04
2.45E+04
2.44E+04
2.44E+04
2.43E+04
2.35E+04
2.34E+04
2.31E+04
2.31E+04
2.31E+04
2.30E+04
2.30E+04
2.29E+04
2.29E+04
2.29E+04
2.28E+04
2.28E+04
2.27E+04
2.27E+04
2.26E+04
2.26E+04
2.26E+04
2.25E+04
2.25E+04
2.24E+04
2.24E+04
2.24E+04
2.24E+04
2.23E+04
2.23E+04
2.23E+04
2.22E+04
2.15E+04
2.14E+04
2.14E+04
2.10E+04
2.10E+04
2.09E+04
2.09E+04
2.09E+04
2.08E+04
2.08E+04
2.07E+04
2.07E+04
2.07E+04
2.06E+04
2.06E+04
2.05E+04
2.05E+04
2.05E+04
2.04E+04
2.04E+04
2.03E+04
2.03E+04
2.03E+04
2.02E+04
2.02E+04
2.01E+04
2.01E+04
2.01E+04
2.00E+04
2.00E+04
2.00E+04
1.99E+04
1.99E+04
1.98E+04
1.98E+04
1.98E+04
1.97E+04
1.97E+04
1.97E+04
1.96E+04
1.96E+04
1.95E+04
1.95E+04
1.95E+04
1.94E+04
1.94E+04
1.94E+04
1.93E+04
1.93E+04
1.93E+04
1.92E+04
1.92E+04
1.92E+04
1.91E+04
1.91E+04
1.90E+04
1.90E+04
1.90E+04
1.89E+04
1.89E+04
1.89E+04
1.88E+04
1.88E+04
1.88E+04
1.87E+04
1.87E+04
1.87E+04
1.86E+04
1.86E+04
1.86E+04
1.85E+04
1.85E+04
1.85E+04
1.84E+04
1.84E+04
1.84E+04
1.83E+04
1.83E+04
1.83E+04
1.82E+04
1.82E+04
1.82E+04
1.81E+04
1.81E+04
1.81E+04
1.80E+04
1.80E+04
1.80E+04
1.79E+04
1.79E+04
1.79E+04
1.79E+04
1.78E+04
1.78E+04
1.78E+04
1.77E+04
1.77E+04
1.77E+04
1.76E+04
1.76E+04
1.76E+04
1.75E+04
1.75E+04
1.75E+04
1.75E+04
1.74E+04
1.74E+04
1.74E+04
1.73E+04
1.73E+04
1.73E+04
1.73E+04
1.72E+04
1.72E+04
1.72E+04
1.71E+04
1.71E+04
1.71E+04
1.71E+04
1.70E+04
1.70E+04
1.70E+04
1.70E+04
1.69E+04
1.69E+04
1.69E+04
1.69E+04
1.68E+04
1.68E+04
1.68E+04
1.68E+04
1.67E+04
1.67E+04
1.67E+04
1.66E+04
1.66E+04
1.66E+04
1.66E+04
1.66E+04
1.66E+04
1.66E+04
1.65E+04
1.65E+04
1.65E+04
1.65E+04
1.65E+04
1.65E+04
1.65E+04
1.64E+04
1.64E+04
1.64E+04
1.64E+04
1.64E+04
1.64E+04
1.64E+04
1.63E+04
1.63E+04
1.63E+04
1.63E+04
1.62E+04
1.62E+04
1.68E+04
1.68E+04
1.69E+04
1.69E+04
1.68E+04
1.68E+04
1.68E+04
1.68E+04
1.68E+04
1.68E+04
1.67E+04
1.67E+04
1.67E+04
1.67E+04
1.67E+04
1.66E+04
1.66E+04
1.66E+04
1.66E+04
1.66E+04
1.65E+04
1.65E+04
1.65E+04
1.65E+04
1.65E+04
1.65E+04
1.64E+04
1.64E+04
1.64E+04
1.64E+04
1.64E+04
1.63E+04
1.63E+04
1.63E+04
1.63E+04
1.63E+04
1.62E+04
1.62E+04
1.62E+04
1.62E+04
1.62E+04
1.62E+04
1.61E+04
1.61E+04
1.61E+04
1.61E+04
1.61E+04
1.60E+04
1.60E+04
1.60E+04
1.60E+04
1.60E+04
1.60E+04
1.59E+04
1.59E+04
1.59E+04
1.59E+04
1.59E+04
1.59E+04
1.58E+04
1.58E+04
1.58E+04
1.58E+04
1.58E+04
1.57E+04
1.57E+04
1.57E+04
1.57E+04
1.57E+04
1.57E+04
1.56E+04
1.56E+04
1.56E+04
1.56E+04
1.56E+04
1.56E+04
1.55E+04
1.55E+04
1.55E+04
1.55E+04
1.55E+04
1.54E+04
1.54E+04
1.54E+04
1.54E+04
1.54E+04
1.54E+04
1.53E+04
1.53E+04
1.53E+04
1.53E+04
1.53E+04
1.53E+04
1.52E+04
1.52E+04
1.52E+04
1.52E+04
1.52E+04
1.52E+04
1.51E+04
1.51E+04
1.51E+04
1.51E+04
1.51E+04
1.51E+04
1.50E+04
1.50E+04
1.50E+04
1.50E+04
1.50E+04
1.50E+04
1.49E+04
1.49E+04
1.49E+04
1.49E+04
1.49E+04
1.49E+04
1.48E+04
1.48E+04
1.48E+04
1.48E+04
1.48E+04
1.48E+04
1.48E+04
1.47E+04
1.47E+04
1.47E+04
1.47E+04
1.47E+04
1.47E+04
1.46E+04
1.46E+04
1.46E+04
1.46E+04
1.46E+04
1.46E+04
1.45E+04
1.45E+04
1.45E+04
1.45E+04
1.45E+04
1.45E+04
1.45E+04
1.44E+04
1.44E+04
1.44E+04
1.44E+04
1.44E+04
1.44E+04
1.43E+04
1.43E+04
1.43E+04
1.43E+04
1.43E+04
1.43E+04
1.43E+04
1.42E+04
1.42E+04
1.42E+04
1.42E+04
1.42E+04
1.42E+04
1.42E+04
1.41E+04
1.41E+04
1.41E+04
1.41E+04
1.41E+04
1.41E+04
1.40E+04
1.40E+04
1.40E+04
1.40E+04
1.40E+04
1.40E+04
1.40E+04
1.39E+04
1.39E+04
1.39E+04
1.39E+04
1.39E+04
1.39E+04
1.38E+04
1.38E+04
1.38E+04
1.38E+04
1.38E+04
1.38E+04
1.38E+04
1.37E+04
1.37E+04
1.37E+04
1.37E+04
1.37E+04
1.37E+04
1.37E+04
1.36E+04
1.36E+04
1.36E+04
1.36E+04
1.36E+04
1.36E+04
1.36E+04
1.35E+04
1.35E+04
1.35E+04
1.35E+04
1.35E+04
1.35E+04
1.35E+04
1.34E+04
1.34E+04
1.34E+04
1.34E+04
1.34E+04
1.34E+04
1.34E+04
1.34E+04
1.33E+04
1.33E+04
1.33E+04
1.33E+04
1.33E+04
1.33E+04
1.33E+04
1.32E+04
1.32E+04
1.32E+04
1.32E+04
1.32E+04
1.32E+04
1.32E+04
1.31E+04
1.31E+04
1.31E+04
1.31E+04
1.31E+04
1.31E+04
1.31E+04
1.31E+04
1.30E+04
1.30E+04
1.30E+04
1.30E+04
1.30E+04
1.30E+04
1.30E+04
1.29E+04
1.29E+04
1.29E+04
1.29E+04
1.29E+04
1.29E+04
1.29E+04
1.29E+04
1.28E+04
1.28E+04
1.28E+04
1.28E+04
1.28E+04
1.28E+04
1.28E+04
1.28E+04
1.27E+04
1.27E+04
1.27E+04
1.27E+04
1.27E+04
1.27E+04
1.27E+04
1.27E+04
1.26E+04
1.26E+04
1.26E+04
1.26E+04
1.26E+04
1.26E+04
1.26E+04
1.26E+04
1.25E+04
1.25E+04
1.25E+04
1.25E+04
1.25E+04
1.25E+04
1.25E+04
1.25E+04
1.24E+04
1.24E+04
1.24E+04
1.24E+04
1.24E+04
1.24E+04
1.24E+04
1.24E+04
1.24E+04
1.23E+04
1.23E+04
1.23E+04
1.23E+04
1.23E+04
1.23E+04
1.23E+04
1.23E+04
1.22E+04
1.22E+04
1.22E+04
1.22E+04
1.22E+04
1.22E+04
1.22E+04
1.22E+04
1.22E+04
1.22E+04
1.22E+04
1.21E+04
1.21E+04
1.21E+04
1.21E+04
1.21E+04
1.21E+04
1.21E+04
1.21E+04
1.20E+04
1.20E+04
1.20E+04
1.20E+04
1.20E+04
1.20E+04
1.20E+04
1.20E+04
1.19E+04
1.19E+04
1.19E+04
1.19E+04
1.19E+04
1.19E+04
1.19E+04
1.19E+04
1.18E+04
1.18E+04
1.18E+04
1.18E+04
1.18E+04
1.18E+04
1.18E+04
1.18E+04
1.17E+04
1.17E+04
1.17E+04
1.17E+04
1.17E+04
1.17E+04
1.17E+04
1.16E+04
1.16E+04
1.16E+04
1.16E+04
1.16E+04
1.16E+04
1.16E+04
1.15E+04
1.15E+04
1.15E+04
1.15E+04
1.15E+04
1.15E+04
1.16E+04
1.16E+04
1.16E+04
1.17E+04
1.17E+04
1.17E+04
1.18E+04
1.18E+04
1.18E+04
1.19E+04
1.19E+04
1.19E+04
1.19E+04
1.20E+04
1.20E+04
1.20E+04
1.21E+04
1.21E+04
1.21E+04
1.21E+04
1.22E+04
1.22E+04
1.22E+04
1.23E+04
1.23E+04
1.23E+04
1.23E+04
1.23E+04
1.23E+04
1.24E+04
1.24E+04
1.24E+04
1.24E+04
1.25E+04
1.25E+04
1.25E+04
1.25E+04
1.26E+04
1.26E+04
1.26E+04
1.27E+04
1.28E+04
1.27E+04
1.30E+04
1.64E+04
1.64E+04
1.65E+04
1.80E+04
1.80E+04
1.80E+04
1.79E+04
1.79E+04
1.79E+04
1.79E+04
1.78E+04
1.78E+04
1.78E+04
1.78E+04
1.77E+04
1.77E+04
1.77E+04
1.76E+04
1.76E+04
1.76E+04
1.76E+04
1.75E+04
1.75E+04
1.75E+04
1.74E+04
1.74E+04
1.74E+04
1.74E+04
1.73E+04
1.73E+04
1.73E+04
1.72E+04
1.72E+04
1.72E+04
1.72E+04
1.71E+04
1.71E+04
1.71E+04
1.71E+04
1.70E+04
1.70E+04
1.70E+04
1.69E+04
1.69E+04
1.69E+04
1.69E+04
1.68E+04
1.68E+04
1.68E+04
1.67E+04
1.67E+04
1.67E+04
1.67E+04
1.66E+04
1.66E+04
1.66E+04
1.65E+04
1.65E+04
1.65E+04
1.65E+04
1.64E+04
1.64E+04
1.64E+04
1.63E+04
1.63E+04
1.63E+04
1.63E+04
1.62E+04
1.62E+04
1.62E+04
1.61E+04
1.61E+04
1.61E+04
1.61E+04
1.60E+04
1.60E+04
1.60E+04
1.60E+04
1.59E+04
1.59E+04
1.59E+04
1.58E+04
1.58E+04
1.58E+04
1.58E+04
1.57E+04
1.57E+04
1.57E+04
1.57E+04
1.56E+04
1.56E+04
1.56E+04
1.55E+04
1.55E+04
1.55E+04
1.55E+04
1.54E+04
1.54E+04
1.54E+04
1.54E+04
1.53E+04
1.53E+04
1.52E+04
1.52E+04
1.52E+04
1.52E+04
1.52E+04
1.52E+04
1.52E+04
1.52E+04
1.52E+04
1.52E+04
1.51E+04
1.51E+04
1.51E+04
1.51E+04
1.51E+04
1.51E+04
1.51E+04
1.51E+04
1.51E+04
1.50E+04
1.50E+04
1.50E+04
1.50E+04
1.50E+04
1.50E+04
1.50E+04
1.50E+04
1.50E+04
1.49E+04
1.49E+04
1.49E+04
1.49E+04
1.49E+04
1.49E+04
1.49E+04
1.49E+04
1.49E+04
1.48E+04
1.48E+04
1.48E+04
1.48E+04
1.48E+04
1.48E+04
1.48E+04
1.48E+04
1.47E+04
1.47E+04
1.47E+04
1.47E+04
1.47E+04
1.47E+04
1.47E+04
1.47E+04
1.46E+04
1.46E+04
1.46E+04
1.46E+04
1.46E+04
1.46E+04
1.46E+04
1.46E+04
1.45E+04
1.45E+04
1.45E+04
1.45E+04
1.45E+04
1.45E+04
1.45E+04
1.44E+04
1.44E+04
1.44E+04
1.44E+04
1.44E+04
1.44E+04
1.44E+04
1.44E+04
1.43E+04
1.43E+04
1.43E+04
1.43E+04
1.43E+04
1.43E+04
1.43E+04
1.42E+04
1.42E+04
1.42E+04
1.42E+04
1.42E+04
1.42E+04
1.42E+04
1.41E+04
1.41E+04
1.41E+04
1.41E+04
1.41E+04
1.41E+04
1.41E+04
1.40E+04
1.40E+04
1.40E+04
1.40E+04
1.40E+04
1.40E+04
1.40E+04
1.39E+04
1.39E+04
1.39E+04
1.39E+04
1.39E+04
1.39E+04
1.39E+04
1.38E+04
1.38E+04
1.38E+04
1.38E+04
1.38E+04
1.38E+04
1.38E+04
1.37E+04
1.37E+04
1.37E+04
1.37E+04
1.37E+04
1.37E+04
1.36E+04
1.36E+04
1.36E+04
1.36E+04
1.36E+04
1.36E+04
1.36E+04
1.35E+04
1.35E+04
1.35E+04
1.35E+04
1.35E+04
1.35E+04
1.35E+04
1.34E+04
1.34E+04
1.34E+04
1.34E+04
1.34E+04
1.34E+04
1.33E+04
1.33E+04
1.33E+04
1.33E+04
1.33E+04
1.33E+04
1.33E+04
1.32E+04
1.32E+04
1.32E+04
1.32E+04
1.32E+04
1.32E+04
1.31E+04
1.31E+04
1.31E+04
1.31E+04
1.31E+04
1.31E+04
1.30E+04
1.30E+04
1.30E+04
1.30E+04
1.30E+04
1.30E+04
1.30E+04
1.29E+04
1.29E+04
1.29E+04
1.29E+04
1.29E+04
1.29E+04
1.28E+04
1.28E+04
1.28E+04
1.28E+04
1.28E+04
1.28E+04
1.27E+04
1.27E+04
1.27E+04
1.27E+04
1.27E+04
1.27E+04
1.26E+04
1.26E+04
1.26E+04
1.26E+04
1.26E+04
1.26E+04
1.26E+04
1.25E+04
1.25E+04
1.25E+04
1.25E+04
1.25E+04
1.25E+04
1.24E+04
1.24E+04
1.24E+04
1.24E+04
1.24E+04
1.24E+04
1.23E+04
1.23E+04
1.23E+04
1.23E+04
1.23E+04
1.23E+04
1.22E+04
1.22E+04
1.22E+04
1.22E+04
1.22E+04
1.22E+04
1.21E+04
1.21E+04
1.21E+04
1.21E+04
1.21E+04
1.21E+04
1.20E+04
1.20E+04
1.20E+04
1.20E+04
1.20E+04
1.20E+04
1.19E+04
1.19E+04
1.19E+04
1.19E+04
1.19E+04
1.19E+04
1.18E+04
1.18E+04
1.18E+04
1.18E+04
1.18E+04
1.18E+04
1.17E+04
1.17E+04
1.17E+04
1.17E+04
1.17E+04
1.17E+04
1.16E+04
1.16E+04
1.16E+04
1.16E+04
1.16E+04
1.16E+04
1.15E+04
1.15E+04
1.15E+04
1.15E+04
1.15E+04
1.14E+04
1.14E+04
1.14E+04
1.14E+04
1.13E+04
1.13E+04
1.13E+04
1.12E+04
1.11E+04
1.12E+04
1.12E+04
1.12E+04
1.12E+04
1.12E+04
1.12E+04
1.12E+04
1.12E+04
1.12E+04
1.12E+04
1.11E+04
1.11E+04
1.11E+04
1.11E+04
1.11E+04
1.11E+04
1.11E+04
1.10E+04
1.10E+04
1.10E+04
1.10E+04
1.10E+04
1.10E+04
1.09E+04
1.09E+04
1.09E+04
1.09E+04
1.09E+04
1.09E+04
1.09E+04
1.08E+04
1.08E+04
1.08E+04
1.08E+04
1.08E+04
1.08E+04
1.07E+04
1.07E+04
1.07E+04
1.07E+04
1.07E+04
1.07E+04
1.06E+04
1.06E+04
1.06E+04
1.06E+04
1.06E+04
1.06E+04
1.05E+04
1.05E+04
1.05E+04
1.05E+04
1.05E+04
1.05E+04
1.04E+04
1.04E+04
1.04E+04
1.04E+04
1.04E+04
1.03E+04
1.03E+04
1.03E+04
1.03E+04
1.03E+04
1.03E+04
1.02E+04
1.02E+04
1.02E+04
1.02E+04
1.02E+04
1.02E+04
1.01E+04
1.01E+04
1.01E+04
1.01E+04
1.01E+04
1.01E+04
1.00E+04
1.00E+04
1.00E+04
9.98E+03
9.96E+03
9.95E+03
9.93E+03
9.91E+03
9.89E+03
9.87E+03
9.86E+03
9.84E+03
9.82E+03
9.80E+03
9.78E+03
9.77E+03
9.75E+03
9.73E+03
9.71E+03
9.69E+03
9.67E+03
9.66E+03
9.64E+03
9.62E+03
9.60E+03
9.58E+03
9.56E+03
9.54E+03
9.52E+03
9.50E+03
9.49E+03
9.47E+03
9.45E+03
9.43E+03
9.41E+03
9.39E+03
9.37E+03
9.35E+03
9.33E+03
9.31E+03
9.29E+03
9.27E+03
9.25E+03
9.23E+03
9.21E+03
9.19E+03
9.17E+03
9.15E+03
9.12E+03
9.10E+03
9.08E+03
9.06E+03
9.04E+03
9.01E+03
8.99E+03
8.97E+03
8.95E+03
8.93E+03
8.91E+03
8.89E+03
8.87E+03
8.85E+03
8.84E+03
8.82E+03
8.79E+03
8.76E+03
8.74E+03
8.72E+03
8.70E+03
8.68E+03
8.66E+03
8.64E+03
8.62E+03
8.59E+03
8.56E+03
8.54E+03
9.09E+03
8.96E+03
7.06E+03
7.05E+03
7.03E+03
7.01E+03
6.80E+03
6.79E+03
6.77E+03
6.76E+03
6.75E+03
6.74E+03
6.73E+03
6.72E+03
6.71E+03
6.70E+03
6.69E+03
6.68E+03
6.67E+03
6.65E+03
6.64E+03
6.63E+03
6.62E+03
6.61E+03
6.60E+03
6.59E+03
6.58E+03
6.57E+03
6.56E+03
6.55E+03
6.54E+03
6.52E+03
6.51E+03
6.50E+03
6.49E+03
6.48E+03
6.47E+03
6.46E+03
6.45E+03
6.44E+03
6.43E+03
6.42E+03
6.41E+03
6.40E+03
6.39E+03
6.38E+03
6.37E+03
6.36E+03
6.35E+03
6.34E+03
6.33E+03
6.31E+03
6.30E+03
6.29E+03
6.28E+03
6.27E+03
6.26E+03
6.25E+03
6.24E+03
6.23E+03
6.22E+03
6.21E+03
6.20E+03
6.19E+03
6.18E+03
6.17E+03
6.16E+03
6.15E+03
6.14E+03
6.13E+03
6.12E+03
6.11E+03
6.10E+03
6.09E+03
6.08E+03
6.07E+03
6.06E+03
6.05E+03
6.04E+03
6.03E+03
6.03E+03
6.02E+03
6.01E+03
6.00E+03
5.99E+03
5.98E+03
5.97E+03
5.96E+03
5.95E+03
5.94E+03
5.93E+03
5.92E+03
5.91E+03
5.90E+03
5.89E+03
5.88E+03
5.87E+03
5.86E+03
5.85E+03
5.85E+03
5.84E+03
5.83E+03
5.82E+03
5.81E+03
5.80E+03
5.79E+03
5.78E+03
5.77E+03
5.76E+03
5.75E+03
5.74E+03
5.74E+03
5.73E+03
5.72E+03
5.71E+03
5.70E+03
5.69E+03
5.68E+03
5.67E+03
5.66E+03
5.66E+03
5.65E+03
5.64E+03
5.63E+03
5.62E+03
5.61E+03
5.60E+03
5.59E+03
5.59E+03
5.58E+03
5.57E+03
5.56E+03
5.55E+03
5.54E+03
5.53E+03
5.53E+03
5.52E+03
5.51E+03
5.50E+03
5.49E+03
5.48E+03
5.48E+03
5.47E+03
5.46E+03
5.45E+03
5.44E+03
5.44E+03
5.43E+03
5.42E+03
5.41E+03
5.40E+03
5.39E+03
5.39E+03
5.38E+03
5.37E+03
5.36E+03
5.35E+03
5.35E+03
5.34E+03
5.33E+03
5.32E+03
5.32E+03
5.31E+03
5.30E+03
5.29E+03
5.28E+03
5.28E+03
5.27E+03
5.26E+03
5.25E+03
5.25E+03
5.24E+03
5.23E+03
5.22E+03
5.22E+03
5.21E+03
5.20E+03
5.20E+03
5.19E+03
5.18E+03
5.17E+03
5.17E+03
5.16E+03
5.15E+03
5.14E+03
5.14E+03
5.13E+03
5.12E+03
5.12E+03
5.11E+03
5.10E+03
5.10E+03
5.09E+03
5.08E+03
5.08E+03
5.07E+03
5.06E+03
5.05E+03
5.05E+03
5.04E+03
5.03E+03
5.03E+03
5.02E+03
5.01E+03
5.01E+03
5.00E+03
5.00E+03
4.99E+03
4.98E+03
4.98E+03
4.97E+03
4.96E+03
4.96E+03
4.95E+03
4.95E+03
4.94E+03
4.93E+03
4.93E+03
4.92E+03
4.92E+03
4.91E+03
4.90E+03
4.90E+03
4.89E+03
4.89E+03
4.88E+03
4.88E+03
4.87E+03
4.86E+03
4.86E+03
4.85E+03
4.85E+03
4.84E+03
4.84E+03
4.83E+03
4.83E+03
4.82E+03
4.82E+03
4.81E+03
4.80E+03
4.80E+03
4.79E+03
4.79E+03
4.78E+03
4.78E+03
4.78E+03
4.77E+03
4.77E+03
4.76E+03
4.76E+03
4.75E+03
4.75E+03
4.74E+03
4.74E+03
4.74E+03
4.73E+03
4.73E+03
4.72E+03
4.72E+03
4.72E+03
4.71E+03
4.71E+03
4.70E+03
4.70E+03
4.70E+03
4.69E+03
4.69E+03
4.69E+03
4.68E+03
4.68E+03
4.68E+03
4.67E+03
4.67E+03
4.67E+03
4.66E+03
4.66E+03
4.66E+03
4.66E+03
4.65E+03
4.65E+03
4.65E+03
4.65E+03
4.64E+03
4.64E+03
4.64E+03
4.64E+03
4.64E+03
4.64E+03
4.63E+03
4.63E+03
4.63E+03
4.63E+03
4.63E+03
4.63E+03
4.63E+03
4.63E+03
4.63E+03
4.63E+03
4.63E+03
4.63E+03
4.63E+03
4.63E+03
4.63E+03
4.63E+03
4.63E+03
4.63E+03
4.63E+03
4.63E+03
4.63E+03
4.63E+03
4.62E+03
4.62E+03
4.62E+03
4.63E+03
4.63E+03
4.63E+03
4.63E+03
4.63E+03
4.63E+03
4.63E+03
4.63E+03
4.63E+03
4.63E+03
4.63E+03
4.32E+03
4.36E+03
4.43E+03
5.68E+03
5.68E+03
5.68E+03
5.68E+03
5.69E+03
5.88E+03
5.87E+03
5.87E+03
5.87E+03
5.86E+03
5.86E+03
5.86E+03
5.86E+03
5.85E+03
5.85E+03
5.85E+03
5.84E+03
5.84E+03
5.84E+03
5.84E+03
5.83E+03
5.83E+03
5.83E+03
5.82E+03
5.82E+03
5.82E+03
5.82E+03
5.81E+03
5.81E+03
5.81E+03
5.80E+03
5.80E+03
5.80E+03
5.80E+03
5.79E+03
5.79E+03
5.79E+03
5.78E+03
5.78E+03
5.78E+03
5.77E+03
5.77E+03
5.77E+03
5.77E+03
5.76E+03
5.76E+03
5.76E+03
5.75E+03
5.75E+03
5.75E+03
5.74E+03
5.74E+03
5.74E+03
5.74E+03
5.73E+03
5.73E+03
5.73E+03
5.72E+03
5.72E+03
5.72E+03
5.71E+03
5.71E+03
5.71E+03
5.70E+03
5.70E+03
5.70E+03
5.69E+03
5.69E+03
5.69E+03
5.69E+03
5.68E+03
5.68E+03
5.68E+03
5.67E+03
5.67E+03
5.67E+03
5.66E+03
5.66E+03
5.66E+03
5.65E+03
5.65E+03
5.65E+03
5.64E+03
5.64E+03
5.64E+03
5.63E+03
5.63E+03
5.63E+03
5.62E+03
5.62E+03
5.62E+03
5.61E+03
5.61E+03
5.61E+03
5.60E+03
5.60E+03
5.60E+03
5.59E+03
5.59E+03
5.59E+03
5.58E+03
5.58E+03
5.58E+03
5.57E+03
5.57E+03
5.57E+03
5.56E+03
5.56E+03
5.56E+03
5.55E+03
5.55E+03
5.55E+03
5.54E+03
5.54E+03
5.54E+03
5.53E+03
5.53E+03
5.53E+03
5.52E+03
5.52E+03
5.52E+03
5.51E+03
5.51E+03
5.50E+03
5.50E+03
5.50E+03
5.49E+03
5.49E+03
5.49E+03
5.48E+03
5.48E+03
5.48E+03
5.47E+03
5.47E+03
5.47E+03
5.46E+03
5.46E+03
5.46E+03
5.45E+03
5.45E+03
5.44E+03
5.44E+03
5.44E+03
5.43E+03
5.43E+03
5.43E+03
5.42E+03
5.42E+03
5.41E+03
5.41E+03
5.41E+03
5.40E+03
5.40E+03
5.40E+03
5.39E+03
5.39E+03
5.38E+03
5.38E+03
5.38E+03
5.37E+03
5.37E+03
5.36E+03
5.36E+03
5.36E+03
5.35E+03
5.35E+03
5.35E+03
5.34E+03
5.34E+03
5.33E+03
5.33E+03
5.33E+03
5.32E+03
5.32E+03
5.31E+03
5.31E+03
5.31E+03
5.30E+03
5.30E+03
5.29E+03
5.29E+03
5.28E+03
5.28E+03
5.28E+03
5.27E+03
5.27E+03
5.26E+03
5.26E+03
5.25E+03
5.25E+03
5.25E+03
5.24E+03
5.24E+03
5.23E+03
5.23E+03
5.22E+03
5.22E+03
5.21E+03
5.21E+03
5.21E+03
5.20E+03
5.20E+03
5.19E+03
5.19E+03
5.18E+03
5.18E+03
5.18E+03
5.17E+03
5.17E+03
5.16E+03
5.16E+03
5.15E+03
5.15E+03
5.14E+03
5.17E+03
5.16E+03
5.15E+03
4.96E+03
4.96E+03
4.96E+03
4.95E+03
4.95E+03
4.90E+03
4.90E+03
4.90E+03
4.89E+03
4.89E+03
4.89E+03
4.88E+03
4.88E+03
4.88E+03
4.87E+03
4.87E+03
4.87E+03
4.86E+03
4.86E+03
4.86E+03
4.85E+03
4.85E+03
4.85E+03
4.84E+03
4.84E+03
4.84E+03
4.83E+03
4.83E+03
4.83E+03
4.82E+03
4.82E+03
4.82E+03
4.81E+03
4.81E+03
4.81E+03
4.80E+03
4.80E+03
4.80E+03
4.79E+03
4.79E+03
4.79E+03
4.78E+03
4.78E+03
4.78E+03
4.77E+03
4.77E+03
4.77E+03
4.76E+03
4.76E+03
4.76E+03
4.75E+03
4.75E+03
4.75E+03
4.74E+03
4.74E+03
4.74E+03
4.73E+03
4.73E+03
4.73E+03
4.72E+03
4.72E+03
4.72E+03
4.71E+03
4.71E+03
4.71E+03
4.70E+03
4.70E+03
4.70E+03
4.69E+03
4.69E+03
4.69E+03
4.68E+03
4.68E+03
4.68E+03
4.67E+03
4.67E+03
4.67E+03
4.66E+03
4.66E+03
4.66E+03
4.65E+03
4.65E+03
4.65E+03
4.64E+03
4.64E+03
4.64E+03
4.63E+03
4.63E+03
4.63E+03
4.62E+03
4.62E+03
4.62E+03
4.61E+03
4.61E+03
4.60E+03
4.60E+03
4.60E+03
4.59E+03
4.59E+03
4.59E+03
4.58E+03
4.58E+03
4.58E+03
4.57E+03
4.57E+03
4.57E+03
4.56E+03
4.56E+03
4.56E+03
4.55E+03
4.55E+03
4.55E+03
4.54E+03
4.54E+03
4.54E+03
4.53E+03
4.53E+03
4.53E+03
4.52E+03
4.52E+03
4.51E+03
4.51E+03
4.51E+03
4.50E+03
4.50E+03
4.50E+03
4.49E+03
4.49E+03
4.49E+03
4.48E+03
4.48E+03
4.48E+03
4.47E+03
4.47E+03
4.47E+03
4.46E+03
4.46E+03
4.45E+03
4.45E+03
4.45E+03
4.44E+03
4.44E+03
4.44E+03
4.43E+03
4.43E+03
4.43E+03
4.42E+03
4.42E+03
4.42E+03
4.41E+03
4.41E+03
4.41E+03
4.40E+03
4.40E+03
4.39E+03
4.39E+03
4.39E+03
4.38E+03
4.38E+03
4.38E+03
4.37E+03
4.37E+03
4.37E+03
4.36E+03
4.36E+03
4.36E+03
4.35E+03
4.35E+03
4.34E+03
4.34E+03
4.34E+03
4.33E+03
4.33E+03
4.33E+03
4.32E+03
4.32E+03
4.32E+03
4.31E+03
4.31E+03
4.30E+03
4.30E+03
4.30E+03
4.29E+03
4.29E+03
4.29E+03
4.28E+03
4.28E+03
4.28E+03
4.27E+03
4.27E+03
4.26E+03
4.26E+03
4.26E+03
4.25E+03
4.25E+03
4.25E+03
4.24E+03
4.24E+03
4.24E+03
4.23E+03
4.23E+03
4.22E+03
4.22E+03
4.22E+03
4.21E+03
4.21E+03
4.21E+03
4.20E+03
4.20E+03
4.19E+03
4.19E+03
4.19E+03
4.18E+03
4.18E+03
4.18E+03
4.17E+03
4.17E+03
4.16E+03
4.16E+03
4.16E+03
4.15E+03
4.15E+03
4.15E+03
4.14E+03
4.14E+03
4.13E+03
4.13E+03
4.13E+03
4.12E+03
4.12E+03
4.12E+03
4.11E+03
4.11E+03
4.10E+03
4.10E+03
4.10E+03
4.09E+03
4.09E+03
4.09E+03
4.08E+03
4.08E+03
4.07E+03
4.07E+03
4.07E+03
4.06E+03
4.06E+03
4.06E+03
4.05E+03
4.05E+03
4.04E+03
4.04E+03
4.04E+03
4.03E+03
4.03E+03
4.02E+03
4.02E+03
4.02E+03
4.01E+03
4.01E+03
4.00E+03
4.00E+03
4.00E+03
3.99E+03
3.99E+03
3.99E+03
3.98E+03
3.98E+03
3.97E+03
3.97E+03
3.97E+03
3.96E+03
3.96E+03
3.95E+03
3.95E+03
3.95E+03
3.94E+03
3.94E+03
3.93E+03
3.93E+03
3.93E+03
3.92E+03
3.92E+03
3.91E+03
3.91E+03
3.91E+03
3.90E+03
3.90E+03
3.89E+03
3.89E+03
3.89E+03
3.88E+03
3.88E+03
3.87E+03
3.87E+03
3.87E+03
3.86E+03
3.86E+03
3.85E+03
3.85E+03
3.85E+03
3.84E+03
3.84E+03
3.83E+03
3.83E+03
3.83E+03
3.82E+03
3.82E+03
3.81E+03
3.81E+03
3.80E+03
3.80E+03
3.80E+03
3.79E+03
3.79E+03
3.78E+03
3.78E+03
3.78E+03
3.77E+03
3.77E+03
3.76E+03
3.76E+03
3.75E+03
3.75E+03
3.75E+03
3.74E+03
3.74E+03
3.73E+03
3.73E+03
3.73E+03
3.72E+03
3.72E+03
3.71E+03
3.71E+03
3.70E+03
3.70E+03
3.70E+03
3.69E+03
3.69E+03
3.68E+03
3.68E+03
3.67E+03
3.67E+03
3.66E+03
3.66E+03
3.66E+03
3.65E+03
3.65E+03
3.64E+03
3.64E+03
3.63E+03
3.63E+03
3.62E+03
3.62E+03
3.62E+03
3.61E+03
3.61E+03
3.60E+03
3.60E+03
3.59E+03
3.59E+03
3.58E+03
3.58E+03
3.58E+03
3.57E+03
3.57E+03
3.56E+03
3.56E+03
3.55E+03
3.55E+03
3.54E+03
3.54E+03
3.53E+03
3.53E+03
3.52E+03
3.52E+03
3.51E+03
3.51E+03
3.50E+03
3.50E+03
3.50E+03
3.49E+03
3.49E+03
3.48E+03
3.48E+03
3.47E+03
3.47E+03
3.46E+03
3.46E+03
3.45E+03
3.45E+03
3.44E+03
3.44E+03
3.43E+03
3.42E+03
3.42E+03
3.41E+03
3.41E+03
3.40E+03
3.40E+03
3.39E+03
3.39E+03
3.38E+03
3.38E+03
3.37E+03
3.37E+03
3.36E+03
3.36E+03
3.35E+03
3.34E+03
3.34E+03
3.33E+03
3.33E+03
3.32E+03
3.32E+03
3.31E+03
3.31E+03
3.30E+03
3.30E+03
3.29E+03
3.28E+03
3.28E+03
3.27E+03
3.27E+03
3.26E+03
3.26E+03
3.25E+03
3.24E+03
3.23E+03
3.22E+03
3.18E+03
3.16E+03
2.89E+03
2.97E+03
2.97E+03
2.96E+03
2.96E+03
2.96E+03
2.95E+03
2.95E+03
2.95E+03
2.94E+03
2.94E+03
2.93E+03
2.93E+03
2.93E+03
2.92E+03
2.92E+03
2.91E+03
2.91E+03
2.90E+03
2.90E+03
2.90E+03
2.89E+03
2.89E+03
2.88E+03
2.88E+03
2.87E+03
2.87E+03
2.87E+03
2.86E+03
2.86E+03
2.85E+03
2.85E+03
2.84E+03
2.84E+03
2.84E+03
2.83E+03
2.83E+03
2.82E+03
2.82E+03
2.81E+03
2.81E+03
2.80E+03
2.80E+03
2.79E+03
2.79E+03
2.78E+03
2.78E+03
2.77E+03
2.77E+03
2.76E+03
2.76E+03
2.75E+03
2.75E+03
2.74E+03
2.74E+03
2.73E+03
2.72E+03
2.72E+03
2.71E+03
2.71E+03
2.70E+03
2.70E+03
2.70E+03
2.69E+03
2.68E+03
2.68E+03
2.67E+03
2.67E+03
2.66E+03
2.66E+03
2.65E+03
2.64E+03
2.64E+03
2.63E+03
2.62E+03
2.63E+03
2.61E+03
2.59E+03
2.32E+03
2.31E+03
2.31E+03
2.30E+03
2.29E+03
2.28E+03
2.13E+03
2.12E+03
2.12E+03
2.11E+03
2.11E+03
2.11E+03
2.10E+03
2.09E+03
2.09E+03
2.10E+03
2.09E+03
2.09E+03
2.08E+03
2.08E+03
2.07E+03
2.07E+03
2.07E+03
2.06E+03
2.06E+03
2.05E+03
2.05E+03
2.05E+03
2.04E+03
2.04E+03
2.03E+03
2.03E+03
2.02E+03
2.02E+03
2.02E+03
2.01E+03
2.01E+03
2.00E+03
2.00E+03
2.00E+03
1.99E+03
1.99E+03
1.98E+03
1.98E+03
1.98E+03
1.97E+03
1.97E+03
1.96E+03
1.96E+03
1.96E+03
1.95E+03
1.95E+03
1.94E+03
1.94E+03
1.94E+03
1.93E+03
1.93E+03
1.92E+03
1.92E+03
1.92E+03
1.91E+03
1.91E+03
1.90E+03
1.90E+03
1.90E+03
1.89E+03
1.89E+03
1.89E+03
1.88E+03
1.88E+03
1.87E+03
1.87E+03
1.87E+03
1.86E+03
1.86E+03
1.85E+03
1.85E+03
1.85E+03
1.84E+03
1.84E+03
1.83E+03
1.83E+03
1.83E+03
1.82E+03
1.82E+03
1.82E+03
1.81E+03
1.81E+03
1.80E+03
1.80E+03
1.80E+03
1.79E+03
1.79E+03
1.79E+03
1.78E+03
1.78E+03
1.77E+03
1.77E+03
1.77E+03
1.76E+03
1.76E+03
1.76E+03
1.75E+03
1.75E+03
1.74E+03
1.74E+03
1.74E+03
1.73E+03
1.73E+03
1.73E+03
1.72E+03
1.72E+03
1.71E+03
1.71E+03
1.71E+03
1.70E+03
1.70E+03
1.70E+03
1.69E+03
1.69E+03
1.69E+03
1.68E+03
1.68E+03
1.67E+03
1.67E+03
1.67E+03
1.66E+03
1.66E+03
1.66E+03
1.65E+03
1.65E+03
1.65E+03
1.64E+03
1.64E+03
1.63E+03
1.63E+03
1.63E+03
1.62E+03
1.62E+03
1.62E+03
1.61E+03
1.61E+03
1.61E+03
1.60E+03
1.60E+03
1.60E+03
1.59E+03
1.59E+03
1.58E+03
1.58E+03
1.58E+03
1.57E+03
1.57E+03
1.57E+03
1.56E+03
1.56E+03
1.56E+03
1.55E+03
1.55E+03
1.55E+03
1.54E+03
1.54E+03
1.54E+03
1.53E+03
1.53E+03
1.52E+03
1.52E+03
1.52E+03
1.51E+03
1.51E+03
1.51E+03
1.50E+03
1.50E+03
1.50E+03
1.49E+03
1.49E+03
1.49E+03
1.48E+03
1.48E+03
1.48E+03
1.47E+03
1.47E+03
1.47E+03
1.46E+03
1.46E+03
1.46E+03
1.45E+03
1.45E+03
1.44E+03
1.44E+03
1.44E+03
1.43E+03
1.43E+03
1.43E+03
1.42E+03
1.42E+03
1.42E+03
1.41E+03
1.41E+03
1.41E+03
1.40E+03
1.40E+03
1.40E+03
1.39E+03
1.39E+03
1.39E+03
1.38E+03
1.38E+03
1.38E+03
1.37E+03
1.37E+03
1.37E+03
1.36E+03
1.36E+03
1.36E+03
1.35E+03
1.35E+03
1.34E+03
1.33E+03
1.34E+03
1.33E+03
1.33E+03
1.33E+03
1.32E+03
1.32E+03
1.32E+03
1.31E+03
1.31E+03
1.31E+03
1.30E+03
1.30E+03
1.30E+03
1.29E+03
1.29E+03
1.29E+03
1.28E+03
1.28E+03
1.28E+03
1.27E+03
1.27E+03
1.27E+03
1.26E+03
1.26E+03
1.26E+03
1.25E+03
1.25E+03
1.25E+03
1.24E+03
1.24E+03
1.24E+03
1.23E+03
1.23E+03
1.22E+03
1.22E+03
1.22E+03
1.21E+03
1.21E+03
1.21E+03
1.20E+03
1.20E+03
1.20E+03
1.19E+03
1.19E+03
1.18E+03
1.18E+03
1.18E+03
1.17E+03
1.17E+03
1.17E+03
1.16E+03
1.16E+03
1.16E+03
1.15E+03
1.15E+03
1.15E+03
1.14E+03
1.14E+03
1.13E+03
1.13E+03
1.13E+03
1.12E+03
1.11E+03
1.06E+03
1.05E+03
1.04E+03
1.04E+03
9.05E+02
904
910
909
907
906
904
903
901
900
898
897
895
894
892
891
889
888
886
885
883
882
880
879
877
876
874
873
871
870
868
867
865
864
863
861
860
858
857
855
854
852
851
849
848
846
845
843
842
840
839
837
836
835
833
832
830
829
827
826
824
823
821
820
819
817
816
814
813
811
810
808
807
805
804
803
801
800
798
797
795
794
792
791
790
788
787
785
784
782
781
779
778
776
775
774
772
771
769
768
766
765
764
762
761
759
758
756
755
753
752
751
749
748
746
745
743
742
740
739
738
736
735
733
732
730
729
728
726
725
723
722
720
719
717
716
715
713
712
710
709
707
706
704
703
701
700
699
697
696
694
693
691
690
689
687
686
684
683
681
680
678
677
676
674
673
671
670
668
667
665
664
662
661
660
658
657
655
654
652
651
649
648
646
645
643
642
640
639
637
636
634
633
631
630
628
627
625
624
622
621
619
618
616
615
613
612
610
609
607
606
604
603
601
600
598
597
595
594
592
591
589
587
586
584
583
581
580
578
577
575
573
572
570
569
567
566
564
562
561
559
558
556
554
553
551
549
548
546
545
543
541
540
538
536
535
533
531
530
528
526
525
523
521
520
518
516
514
513
511
509
508
506
504
502
500
499
497
495
493
492
490
488
486
484
482
481
479
477
475
473
471
469
467
466
464
462
460
458
456
454
452
450
448
446
444
442
440
438
436
434
432
430
428
425
423
421
419
417
415
413
410
408
406
404
401
399
397
394
392
390
387
385
383
380
378
375
373
370
368
365
363
360
358
355
352
350
347
344
341
338
335
332
329
326
323
320
317
312
307
301
296
291
295
299
302
305
308
312
315
319
323
327
331
335
339
343
346
349
353
356
359
362
365
368
371
374
376
379
381
384
386
389
391
393
395
397
400
401
404
405
407
409
411
412
414
416
417
419
420
422
423
425
426
428
429
430
431
433
434
435
436
437
438
439
440
441
442
443
444
445
446
447
448
448
449
450
451
452
452
453
454
454
455
456
456
457
457
458
458
459
460
460
460
461
461
462
462
463
463
463
464
464
465
465
465
466
466
466
466
467
467
467
467
468
468
468
468
468
469
469
469
469
469
469
470
470
470
470
470
470
470
470
470
470
470
470
471
471
471
471
471
471
471
471
471
471
471
471
471
471
470
470
470
470
470
470
470
470
470
470
470
470
470
470
469
469
469
469
469
469
469
469
468
468
468
468
468
468
468
467
467
467
467
467
467
466
466
466
466
466
465
465
465
465
464
464
464
464
464
463
463
463
463
462
462
462
462
461
461
461
461
460
460
460
460
459
459
459
459
458
458
458
457
457
457
457
456
456
456
456
455
455
455
454
454
454
453
453
453
452
452
452
451
451
451
451
450
450
450
449
449
449
448
448
448
447
447
447
446
446
446
445
445
445
444
444
444
443
443
443
442
442
441
441
441
440
440
440
439
439
439
438
438
438
437
437
436
436
436
435
435
435
434
434
434
433
433
432
432
432
431
431
431
430
430
429
429
429
428
428
428
427
427
426
426
426
425
425
424
424
424
423
423
423
422
422
421
421
421
420
420
419
419
419
418
418
418
417
417
416
416
416
415
415
414
414
414
413
413
412
412
412
411
411
410
410
410
409
409
408
408
408
407
407
406
406
406
405
405
404
404
404
403
403
402
402
402
401
401
400
400
400
399
399
398
398
398
397
397
396
396
396
395
395
394
394
394
393
393
392
392
392
391
391
390
390
390
389
389
388
388
388
387
387
386
386
386
385
385
384
384
384
383
383
382
382
382
381
381
380
380
380
379
379
378
378
378
377
377
376
376
376
375
375
374
374
374
373
373
372
372
372
371
371
370
370
370
369
369
368
368
368
367
367
366
366
366
365
365
364
364
364
363
363
362
362
362
361
361
360
360
360
359
359
358
358
358
357
357
356
356
356
355
355
355
354
354
353
353
353
352
352
351
351
351
350
350
349
349
349
348
348
347
347
347
346
346
346
345
345
344
344
344
343
343
342
342
342
341
341
340
340
340
339
339
339
338
338
337
337
337
336
336
335
335
335
334
334
334
333
333
332
332
332
331
331
331
330
330
329
329
329
328
328
328
327
327
326
326
326
325
325
324
324
324
323
323
323
322
322
321
321
321
320
320
320
319
319
318
318
318
317
317
317
316
316
316
315
315
314
314
314
313
313
313
312
312
311
311
311
310
310
310
309
309
309
308
308
307
307
307
306
306
306
305
305
305
304
304
303
303
303
302
302
302
301
301
301
300
300
300
299
299
298
298
298
297
297
297
296
296
296
295
295
294
294
294
293
293
293
292
292
292
291
291
291
290
290
290
289
289
289
288
288
287
287
287
286
286
286
285
285
285
284
284
284
283
283
283
282
282
282
281
281
281
280
280
280
279
279
279
278
278
278
277
277
277
276
276
275
275
275
274
274
274
273
273
273
272
272
272
271
271
271
270
270
270
269
269
269
268
268
268
267
267
267
266
266
266
265
265
265
264
264
264
263
263
263
262
262
262
262
261
261
261
260
260
260
259
259
259
258
258
258
257
257
257
256
256
256
255
255
255
254
254
254
253
253
253
252
252
252
252
251
251
251
250
250
250
249
249
249
248
248
248
247
247
247
247
246
246
246
245
245
245
244
244
244
243
243
243
242
242
242
242
241
241
241
240
240
240
239
239
239
238
238
238
238
237
237
237
236
236
236
235
235
235
235
234
234
234
233
233
233
232
232
232
232
231
231
231
230
230
230
229
229
229
229
228
228
228
227
227
227
226
226
226
226
225
225
225
224
224
224
223
223
223
223
222
222
222
222
221
221
221
220
220
220
219
219
219
219
218
218
218
217
217
217
217
216
216
216
215
215
215
215
214
214
214
213
213
213
213
212
212
212
211
211
211
211
210
210
210
210
209
209
209
208
208
208
208
207
207
207
206
206
206
206
205
205
205
205
204
204
204
203
203
203
203
202
202
202
202
201
201
201
200
200
200
200
199
199
199
199
198
198
198
197
197
197
197
196
196
196
196
195
195
195
195
194
194
194
193
193
193
193
192
192
192
192
191
191
191
191
190
190
190
189
189
189
189
188
188
188
188
187
187
187
187
186
186
186
186
185
185
185
185
184
184
184
184
183
183
183
183
182
182
182
181
181
181
181
180
180
180
180
179
179
179
179
178
178
178
178
177
177
177
177
176
176
176
176
175
175
175
175
174
174
174
174
173
173
173
173
172
172
172
172
171
171
171
171
170
170
170
170
169
169
169
169
169
168
168
168
168
167
167
167
167
166
166
166
166
165
165
165
165
164
164
164
164
163
163
163
163
162
162
162
162
162
161
161
161
161
160
160
160
160
159
159
159
159
158
158
158
158
157
157
157
157
157
156
156
156
156
155
155
155
155
154
154
154
154
154
153
153
153
153
152
152
152
152
151
151
151
151
151
150
150
150
150
149
149
149
149
148
148
148
148
147
147
147
147
147
146
146
146
146
145
145
145
145
145
144
144
144
144
143
143
143
143
143
142
142
142
142
141
141
141
141
140
140
140
140
140
139
139
139
139
138
138
138
138
138
137
137
137
137
136
136
136
136
136
135
135
135
135
135
134
134
134
134
133
133
133
133
133
132
132
132
132
131
131
131
131
131
130
130
130
130
129
129
129
129
129
128
128
128
128
127
127
127
127
127
126
126
126
126
125
125
125
125
125
124
124
124
124
124
123
123
123
123
122
122
122
122
122
121
121
121
121
120
120
120
120
120
119
119
119
119
119
118
118
118
118
117
117
117
117
117
116
116
116
116
116
115
115
115
115
114
114
114
114
114
113
113
113
113
112
112
112
112
112
111
111
111
111
111
110
110
110
110
109
109
109
109
109
108
108
108
108
108
107
107
107
107
106
106
106
106
106
105
105
105
105
104
104
104
104
104
103
103
103
103
102
102
102
102
102
101
101
101
101
100
100
100
99.8
99.5
99.3
99.1
98.8
98.6
98.4
98.2
97.9
97.7
97.5
97.3
97
96.8
96.6
96.3
96.1
95.9
95.6
95.4
95.2
95
94.7
94.5
94.3
94
93.8
93.5
93.3
93.1
92.8
92.6
92.4
92.1
91.9
91.7
91.4
91.2
91
90.7
90.5
90.2
90
89.7
89.5
89.2
89
88.7
88.5
88.2
88
87.7
87.5
87.2
87
86.7
86.5
86.2
86
85.7
85.4
85.2
84.9
84.7
84.4
84.1
83.9
83.6
83.3
83.1
82.8
82.5
82.2
82
81.7
81.4
81.1
80.8
80.6
80.3
80
79.7
79.4
79.1
78.8
78.5
78.2
77.9
77.6
77.3
77
76.7
76.4
76.1
75.7
75.4
75.1
74.8
74.4
74.1
73.7
73.4
73.1
72.7
72.3
72
71.6
71.3
70.9
70.5
70.1
69.8
69.4
69.1
68.8
68.5
68.1
67.8
67.5
67.2
67
66.7
66
65.4
65.1
64.8
64.4
63.9
63.3
62.5
54.6
54
53.2
52.2
51
49
9.1
9.25
9.5
14.8
14.8
14.7
14.7
14.7
14.7
14.7
14.6
14.6
14.6
14.6
14.6
14.5
14.5
14.5
14.5
14.5
14.4
14.4
14.4
14.4
14.4
14.3
14.3
14.3
14.3
14.3
14.2
14.2
14.2
14.2
14.2
14.1
14.1
14.1
14.1
14.1
14
14
14
14
13.9
13.9
13.9
13.9
13.9
13.8
13.8
13.8
13.8
13.8
13.7
13.7
13.7
13.7
13.7
13.6
13.6
13.6
13.6
13.5
13.5
13.5
13.5
13.5
13.4
13.4
13.4
13.4
13.3
13.3
13.3
13.3
13.3
13.2
13.2
13.2
13.2
13.1
13.1
13.1
13.1
13
13
13
12.9
12.9
12.9
12.9
12.8
12.8
12.8
12.7
12.7
12.7
12.7
12.6
12.6
12.6
12.5
12.5
12.5
12.5
12.4
12.4
12.3
12.3
12.2
12.2
12.1
12.1
12.1
12
12
12
11.9
12
11.7
11.1
10.5
9.9
9.11
8.02
8.63
9.48
10
10.4
10.6
10.8
10.9
10.9
10.9
10.8
11.1
11.3
11.5
11.6
11.7
11.7
11.8
11.9
11.9
11.9
12
12
12
12
12.1
12.1
12.1
12.1
12.1
12.1
12.1
12.1
12.1
12.1
12.1
12.1
12.1
12.1
12.1
12.1
12.1
12.1
12.1
12.1
12.1
12.1
12.1
12.1
12.1
12.1
12.1
12
12
12
12
12
12
12
12
12
12
12
12
11.9
11.9
11.9
11.9
11.9
11.9
11.9
11.9
11.9
11.9
11.8
11.8
11.8
11.8
11.8
11.8
11.8
11.8
11.8
11.7
11.7
11.7
11.7
11.7
11.7
11.7
11.7
11.7
11.6
11.6
11.6
11.6
11.6
11.6
11.6
11.6
11.6
11.5
11.5
11.5
11.5
11.5
11.5
11.5
11.5
11.4
11.4
11.4
11.4
11.4
11.4
11.4
11.4
11.3
11.3
11.3
11.3
11.3
11.3
11.3
11.3
11.3
11.2
11.2
11.2
11.2
11.2
11.2
11.2
11.2
11.1
11.1
11.1
11.1
11.1
11.1
11.1
11.1
11
11
11
11
11
11
11
11
10.9
10.9
10.9
10.9
10.9
10.9
10.9
10.9
10.9
10.8
10.8
10.8
10.8
10.8
10.8
10.8
10.8
10.7
10.7
10.7
10.7
10.7
10.7
10.7
10.7
10.6
10.6
10.6
10.6
10.6
10.6
10.6
10.6
10.6
10.5
10.5
10.5
10.5
10.5
10.5
10.5
10.5
10.4
10.4
10.4
10.4
10.4
10.4
10.4
10.4
10.3
10.3
10.3
10.3
10.3
10.3
10.3
10.3
10.3
10.2
10.2
10.2
10.2
10.2
10.2
10.2
10.2
10.2
10.1
10.1
10.1
10.1
10.1
10.1
10.1
10.1
10
10
10
10
10
9.99
9.98
9.97
9.95
9.94
9.93
9.92
9.91
9.9
9.89
9.87
9.86
9.85
9.84
9.83
9.82
9.81
9.8
9.78
9.77
9.76
9.75
9.74
9.73
9.72
9.7
9.69
9.68
9.67
9.66
9.65
9.64
9.63
9.62
9.6
9.59
9.58
9.57
9.56
9.55
9.54
9.52
9.51
9.5
9.49
9.48
9.47
9.46
9.45
9.44
9.43
9.41
9.4
9.39
9.38
9.37
9.36
9.35
9.34
9.33
9.32
9.31
9.3
9.29
9.27
9.26
9.25
9.24
9.23
9.22
9.21
9.2
9.19
9.18
9.17
9.16
9.14
9.13
9.12
9.11
9.1
9.09
9.08
9.07
9.06
9.05
9.04
9.03
9.02
9.01
9
8.99
8.97
8.96
8.95
8.94
8.93
8.92
8.91
8.9
8.89
8.88
8.87
8.86
8.85
8.84
8.83
8.82
8.81
8.8
8.79
8.78
8.77
8.76
8.75
8.74
8.72
8.72
8.71
8.69
8.68
8.67
8.66
8.65
8.64
8.63
8.62
8.61
8.6
8.59
8.58
8.57
8.56
8.55
8.54
8.53
8.52
8.51
8.5
8.49
8.48
8.47
8.46
8.45
8.44
8.43
8.42
8.41
8.4
8.39
8.38
8.37
8.36
8.35
8.34
8.33
8.32
8.31
8.3
8.29
8.28
8.27
8.26
8.26
8.24
8.24
8.23
8.22
8.21
8.2
8.19
8.18
8.17
8.16
8.15
8.14
8.13
8.12
8.11
8.1
8.09
8.08
8.07
8.06
8.05
8.04
8.03
8.02
8.01
8
8
7.99
7.98
7.97
7.96
7.95
7.94
7.93
7.92
7.91
7.9
7.89
7.88
7.87
7.86
7.85
7.84
7.84
7.83
7.82
7.81
7.8
7.79
7.78
7.77
7.76
7.75
7.74
7.73
7.72
7.71
7.71
7.7
7.69
7.68
7.67
7.66
7.65
7.64
7.63
7.62
7.62
7.6
7.6
7.59
7.58
7.57
7.56
7.55
7.54
7.53
7.52
7.52
7.51
7.5
7.49
7.48
7.47
7.46
7.45
7.44
7.44
7.43
7.42
7.41
7.4
7.39
7.38
7.37
7.36
7.36
7.35
7.34
7.33
7.32
7.31
7.3
7.3
7.29
7.28
7.27
7.26
7.25
7.24
7.23
7.23
7.22
7.21
7.2
7.19
7.18
7.17
7.16
7.16
7.15
7.14
7.13
7.12
7.11
7.11
7.1
7.09
7.08
7.07
7.06
7.05
7.05
7.04
7.03
7.02
7.01
7
7
6.99
6.98
6.97
6.96
6.95
6.95
6.94
6.93
6.92
6.91
6.9
6.9
6.89
6.88
6.87
6.86
6.85
6.85
6.84
6.83
6.82
6.81
6.81
6.8
6.79
6.78
6.77
6.76
6.76
6.75
6.74
6.73
6.72
6.72
6.71
6.7
6.69
6.68
6.67
6.67
6.66
6.65
6.64
6.64
6.63
6.62
6.61
6.6
6.6
6.59
6.58
6.57
6.56
6.55
6.55
6.54
6.53
6.52
6.52
6.51
6.5
6.49
6.48
6.48
6.47
6.46
6.45
6.45
6.44
6.43
6.42
6.41
6.41
6.4
6.39
6.38
6.38
6.37
6.36
6.35
6.34
6.34
6.33
6.32
6.31
6.31
6.3
6.29
6.28
6.28
6.27
6.26
6.25
6.25
6.24
6.23
6.22
6.22
6.21
6.2
6.19
6.19
6.18
6.17
6.16
6.16
6.15
6.14
6.13
6.13
6.12
6.11
6.1
6.1
6.09
6.08
6.07
6.07
6.06
6.05
6.04
6.04
6.03
6.02
6.01
6.01
6
5.99
5.99
5.98
5.97
5.96
5.96
5.95
5.94
5.94
5.93
5.92
5.91
5.91
5.9
5.89
5.88
5.88
5.87
5.86
5.86
5.85
5.84
5.83
5.83
5.82
5.81
5.81
5.8
5.79
5.79
5.78
5.77
5.76
5.76
5.75
5.74
5.73
5.73
5.72
5.71
5.71
5.7
5.69
5.69
5.68
5.67
5.67
5.66
5.65
5.64
5.64
5.63
5.62
5.62
5.61
5.6
5.6
5.59
5.58
5.58
5.57
5.56
5.56
5.55
5.54
5.54
5.53
5.52
5.51
5.51
5.5
5.49
5.49
5.48
5.47
5.47
5.46
5.45
5.45
5.44
5.43
5.43
5.42
5.41
5.41
5.4
5.39
5.39
5.38
5.37
5.37
5.36
5.35
5.35
5.34
5.33
5.33
5.32
5.31
5.31
5.3
5.29
5.29
5.28
5.27
5.27
5.26
5.25
5.25
5.24
5.23
5.23
5.22
5.21
5.21
5.2
5.2
5.19
5.18
5.18
5.17
5.16
5.16
5.15
5.14
5.14
5.13
5.12
5.12
5.11
5.1
5.1
5.09
5.08
5.08
5.07
5.07
5.06
5.05
5.05
5.04
5.03
5.03
5.02
5.02
5.02
5.01
5.01
5
4.99
4.98
4.94
4.93
4.92
4.92
4.91
4.91
4.9
4.89
4.89
4.88
4.88
4.86
4.86
4.85
4.84
4.84
4.83
4.83
4.82
4.81
4.81
4.8
4.8
4.79
4.78
4.78
4.77
4.77
4.76
4.75
4.75
4.74
4.74
4.73
4.73
4.72
4.71
4.71
4.7
4.7
4.69
4.69
4.68
4.67
4.67
4.66
4.66
4.65
4.65
4.64
4.63
4.63
4.62
4.62
4.61
4.61
4.6
4.6
4.59
4.58
4.58
4.57
4.57
4.56
4.55
4.55
4.54
4.54
4.53
4.53
4.52
4.52
4.51
4.5
4.5
4.49
4.49
4.48
4.48
4.47
4.47
4.46
4.46
4.45
4.44
4.44
4.43
4.43
4.42
4.42
4.41
4.41
4.4
4.4
4.39
4.39
4.38
4.37
4.37
4.36
4.36
4.35
4.35
4.34
4.34
4.33
4.33
4.32
4.31
4.31
4.3
4.3
4.29
4.29
4.28
4.28
4.27
4.27
4.26
4.26
4.25
4.25
4.24
4.24
4.23
4.23
4.22
4.21
4.21
4.2
4.2
4.19
4.19
4.18
4.18
4.17
4.17
4.16
4.16
4.15
4.15
4.14
4.14
4.13
4.13
4.12
4.12
4.11
4.11
4.1
4.1
4.09
4.09
4.08
4.08
4.07
4.07
4.06
4.06
4.05
4.05
4.04
4.04
4.03
4.03
4.02
4.02
4.01
4.01
4
4
3.99
3.99
3.98
3.98
3.97
3.97
3.96
3.96
3.95
3.95
3.94
3.94
3.93
3.93
3.92
3.92
3.91
3.91
3.9
3.9
3.89
3.89
3.88
3.88
3.87
3.87
3.86
3.86
3.85
3.85
3.84
3.84
3.83
3.83
3.82
3.82
3.82
3.81
3.81
3.8
3.8
3.79
3.79
3.78
3.78
3.77
3.77
3.76
3.76
3.75
3.75
3.74
3.74
3.73
3.73
3.73
3.72
3.72
3.71
3.71
3.7
3.7
3.69
3.69
3.68
3.68
3.67
3.67
3.67
3.66
3.66
3.65
3.65
3.64
3.64
3.63
3.63
3.62
3.62
3.61
3.61
3.61
3.6
3.6
3.59
3.59
3.58
3.58
3.57
3.57
3.56
3.56
3.56
3.55
3.55
3.54
3.54
3.53
3.53
3.52
3.52
3.52
3.51
3.51
3.5
3.5
3.49
3.49
3.49
3.48
3.48
3.47
3.47
3.46
3.46
3.45
3.45
3.45
3.44
3.44
3.43
3.43
3.42
3.42
3.41
3.41
3.41
3.4
3.4
3.39
3.39
3.38
3.38
3.38
3.37
3.37
3.36
3.36
3.35
3.35
3.35
3.34
3.34
3.33
3.33
3.32
3.32
3.32
3.31
3.31
3.3
3.3
3.29
3.29
3.29
3.28
3.28
3.27
3.27
3.27
3.26
3.26
3.25
3.25
3.25
3.24
3.24
3.23
3.23
3.22
3.22
3.22
3.21
3.21
3.2
3.2
3.2
3.19
3.19
3.18
3.18
3.18
3.17
3.17
3.16
3.16
3.15
3.15
3.15
3.14
3.14
3.13
3.13
3.13
3.12
3.12
3.11
3.11
3.11
3.1
3.1
3.09
3.09
3.09
3.08
3.08
3.07
3.07
3.07
3.06
3.06
3.05
3.05
3.05
3.04
3.04
3.03
3.03
3.03
3.02
3.02
3.02
3.01
3.01
3
3
3
2.99
2.99
2.98
2.98
2.98
2.97
2.97
2.96
2.96
2.96
2.95
2.95
2.94
2.94
2.94
2.93
2.93
2.93
2.92
2.92
2.91
2.91
2.91
2.9
2.9
2.9
2.89
2.89
2.88
2.88
2.88
2.87
2.87
2.87
2.86
2.86
2.85
2.85
2.85
2.84
2.84
2.84
2.83
2.83
2.82
2.82
2.82
2.81
2.81
2.81
2.8
2.8
2.8
2.79
2.79
2.78
2.78
2.78
2.77
2.77
2.77
2.76
2.76
2.75
2.75
2.75
2.74
2.74
2.74
2.73
2.73
2.73
2.72
2.72
2.71
2.71
2.71
2.7
2.7
2.7
2.69
2.69
2.69
2.68
2.68
2.68
2.67
2.67
2.66
2.66
2.66
2.65
2.65
2.65
2.64
2.64
2.64
2.63
2.63
2.63
2.62
2.62
2.62
2.61
2.61
2.61
2.6
2.6
2.59
2.59
2.59
2.58
2.58
2.58
2.57
2.57
2.57
2.56
2.56
2.56
2.55
2.55
2.55
2.54
2.54
2.54
2.53
2.53
2.53
2.52
2.52
2.52
2.51
2.51
2.51
2.5
2.5
2.5
2.49
2.49
2.49
2.48
2.48
2.48
2.47
2.47
2.47
2.46
2.46
2.46
2.45
2.45
2.45
2.44
2.44
2.44
2.43
2.43
2.43
2.42
2.42
2.42
2.41
2.41
2.41
2.4
2.4
2.4
2.39
2.39
2.39
2.38
2.38
2.38
2.37
2.37
2.37
2.37
2.36
2.36
2.36
2.36
2.35
2.35
2.35
2.34
2.34
2.34
2.33
2.33
2.33
2.32
2.32
2.32
2.31
2.31
2.31
2.3
2.3
2.3
2.29
2.29
2.29
2.29
2.28
2.28
2.28
2.27
2.27
2.27
2.26
2.26
2.26
2.25
2.25
2.25
2.24
2.24
2.24
2.23
2.23
2.23
2.23
2.22
2.22
2.22
2.21
2.21
2.21
2.2
2.2
2.2
2.19
2.19
2.19
2.18
2.18
2.18
2.18
2.17
2.17
2.17
2.16
2.16
2.16
2.15
2.15
2.15
2.15
2.14
2.14
2.14
2.13
2.13
2.13
2.12
2.12
2.12
2.11
2.11
2.11
2.11
2.1
2.1
2.1
2.09
2.09
2.09
2.08
2.08
2.08
2.08
2.07
2.07
2.07
2.06
2.06
2.06
2.05
2.05
2.05
2.05
2.04
2.04
2.04
2.03
2.03
2.03
2.03
2.02
2.02
2.02
2.01
2.01
2.01
2
2
2
2
1.99
1.99
1.99
1.98
1.98
1.98
1.98
1.97
1.97
1.97
1.96
1.96
1.96
1.96
1.95
1.95
1.95
1.94
1.94
1.94
1.94
1.93
1.93
1.93
1.92
1.92
1.92
1.92
1.91
1.91
1.91
1.9
1.9
1.9
1.9
1.89
1.89
1.89
1.88
1.88
1.88
1.88
1.87
1.87
1.87
1.86
1.86
1.86
1.86
1.85
1.85
1.85
1.84
1.84
1.84
1.84
1.83
1.83
1.83
1.83
1.82
1.82
1.82
1.81
1.81
1.81
1.81
1.8
1.8
1.8
1.79
1.79
1.79
1.79
1.78
1.78
1.78
1.78
1.77
1.77
1.77
1.76
1.76
1.76
1.76
1.75
1.75
1.75
1.75
1.74
1.74
1.74
1.73
1.73
1.73
1.73
1.72
1.72
1.72
1.72
1.71
1.71
1.71
1.7
1.7
1.7
1.7
1.69
1.69
1.69
1.69
1.68
1.68
1.68
1.67
1.67
1.67
1.67
1.66
1.66
1.66
1.66
1.65
1.65
1.65
1.65
1.64
1.64
1.64
1.63
1.63
1.63
1.63
1.62
1.62
1.62
1.62
1.61
1.61
1.61
1.61
1.6
1.6
1.6
1.59
1.59
1.59
1.59
1.58
1.58
1.58
1.58
1.57
1.57
1.57
1.57
1.56
1.56
1.56
1.55
1.55
1.55
1.55
1.54
1.54
1.54
1.54
1.53
1.53
1.53
1.53
1.52
1.52
1.52
1.52
1.51
1.51
1.51
1.5
1.5
1.5
1.5
1.49
1.49
1.49
1.49
1.48
1.48
1.48
1.48
1.47
1.47
1.47
1.47
1.46
1.46
1.46
1.46
1.45
1.45
1.45
1.44
1.44
1.44
1.44
1.43
1.43
1.43
1.43
1.42
1.42
1.42
1.42
1.41
1.41
1.41
1.41
1.4
1.4
1.4
1.4
1.39
1.39
1.39
1.38
1.38
1.38
1.38
1.37
1.37
1.37
1.37
1.36
1.36
1.36
1.36
1.35
1.35
1.35
1.35
1.34
1.34
1.34
1.33
1.33
1.33
1.33
1.32
1.32
1.32
1.32
1.31
1.31
1.31
1.31
1.3
1.3
1.3
1.3
1.29
1.29
1.29
1.28
1.28
1.28
1.28
1.27
1.27
1.27
1.27
1.26
1.26
1.26
1.26
1.25
1.25
1.25
1.24
1.24
1.24
1.24
1.23
1.23
1.23
1.23
1.22
1.22
1.22
1.21
1.21
1.21
1.21
1.2
1.2
1.2
1.2
1.19
1.19
1.19
1.18
1.18
1.18
1.18
1.17
1.17
1.17
1.17
1.16
1.16
1.16
1.15
1.15
1.15
1.15
1.14
1.14
1.14
1.13
1.13
1.13
1.12
1.12
1.12
1.12
1.11
1.11
1.11
1.1
1.1
1.1
1.09
1.09
1.09
1.09
1.08
1.08
1.08
1.07
1.07
1.07
1.06
1.06
1.06
1.05
1.05
1.05
1.05
1.04
1.04
1.04
1.03
1.03
1.03
1.02
1.02
1.02
1.01
1.01
1.01
1
0.999
0.996
0.992
0.988
0.985
0.982
0.978
0.974
0.971
0.967
0.963
0.959
0.955
0.952
0.947
0.944
0.94
0.936
0.931
0.927
0.923
0.919
0.915
0.911
0.907
0.903
0.898
0.894
0.89
0.886
0.882
0.879
0.874
0.87
0.866
0.863
0.86
0.857
0.854
0.845
0.839
0.834
0.83
0.825
0.818
0.81
0.712
0.707
0.701
0.693
0.682
0.669
0.65
0.247
0.247
0.247
0.25
0.25
0.249
0.249
0.249
0.249
0.248
0.248
0.248
0.247
0.247
0.247
0.247
0.246
0.246
0.246
0.246
0.245
0.245
0.245
0.244
0.244
0.244
0.244
0.243
0.243
0.243
0.242
0.242
0.242
0.242
0.241
0.241
0.241
0.241
0.24
0.24
0.24
0.239
0.239
0.239
0.239
0.238
0.238
0.238
0.238
0.237
0.237
0.237
0.236
0.236
0.236
0.236
0.235
0.235
0.235
0.235
0.234
0.234
0.234
0.233
0.233
0.233
0.233
0.232
0.232
0.232
0.232
0.231
0.231
0.231
0.231
0.23
0.23
0.23
0.23
0.229
0.229
0.229
0.228
0.228
0.228
0.228
0.227
0.227
0.227
0.227
0.226
0.226
0.226
0.226
0.225
0.225
0.225
0.225
0.224
0.224
0.224
0.224
0.223
0.223
0.223
0.223
0.222
0.222
0.222
0.222
0.221
0.221
0.221
0.221
0.22
0.22
0.22
0.22
0.219
0.219
0.219
0.219
0.218
0.218
0.218
0.218
0.217
0.217
0.217
0.217
0.216
0.216
0.216
0.216
0.215
0.215
0.215
0.215
0.214
0.214
0.214
0.214
0.213
0.213
0.213
0.213
0.212
0.212
0.212
0.212
0.211
0.211
0.211
0.211
0.21
0.21
0.21
0.21
0.209
0.209
0.209
0.209
0.209
0.208
0.208
0.208
0.208
0.207
0.207
0.207
0.207
0.206
0.206
0.206
0.206
0.205
0.205
0.205
0.205
0.205
0.204
0.204
0.204
0.204
0.203
0.203
0.203
0.203
0.202
0.202
0.202
0.202
0.201
0.201
0.201
0.201
0.201
0.2
0.2
0.2
0.2
0.199
0.199
0.199
0.199
0.199
0.198
0.198
0.198
0.198
0.197
0.197
0.197
0.197
0.196
0.196
0.196
0.196
0.196
0.195
0.195
0.195
0.195
0.194
0.194
0.194
0.194
0.194
0.193
0.193
0.193
0.193
0.192
0.192
0.192
0.192
0.192
0.191
0.191
0.191
0.191
0.191
0.19
0.19
0.19
0.19
0.189
0.189
0.189
0.189
0.189
0.188
0.188
0.188
0.188
0.187
0.187
0.187
0.187
0.187
0.186
0.186
0.186
0.186
0.186
0.185
0.185
0.185
0.185
0.185
0.184
0.184
0.184
0.184
0.183
0.183
0.183
0.183
0.183
0.182
0.182
0.182
0.182
0.182
0.181
0.181
0.181
0.181
0.181
0.18
0.18
0.18
0.18
0.18
0.179
0.179
0.179
0.179
0.178
0.178
0.178
0.178
0.178
0.177
0.177
0.177
0.177
0.177
0.176
0.176
0.176
0.176
0.176
0.175
0.175
0.175
0.175
0.175
0.174
0.174
0.174
0.174
0.174
0.173
0.173
0.173
0.173
0.173
0.172
0.172
0.172
0.172
0.172
0.171
0.171
0.171
0.171
0.171
0.171
0.17
0.17
0.17
0.17
0.17
0.169
0.169
0.169
0.169
0.169
0.168
0.168
0.168
0.168
0.168
0.167
0.167
0.167
0.167
0.167
0.166
0.166
0.166
0.166
0.166
0.165
0.165
0.165
0.165
0.165
0.165
0.164
0.164
0.164
0.164
0.164
0.163
0.163
0.163
0.163
0.163
0.162
0.162
0.162
0.162
0.162
0.162
0.161
0.161
0.161
0.161
0.161
0.16
0.16
0.16
0.16
0.16
0.16
0.159
0.159
0.159
0.159
0.159
0.158
0.158
0.158
0.158
0.158
0.158
0.157
0.157
0.157
0.157
0.157
0.156
0.156
0.156
0.156
0.156
0.156
0.155
0.155
0.155
0.155
0.155
0.154
0.154
0.154
0.154
0.154
0.154
0.153
0.153
0.153
0.153
0.153
0.153
0.152
0.152
0.152
0.152
0.152
0.152
0.151
0.151
0.151
0.151
0.151
0.15
0.15
0.15
0.15
0.15
0.15
0.149
0.149
0.149
0.149
0.149
0.149
0.148
0.148
0.148
0.148
0.148
0.148
0.147
0.147
0.147
0.147
0.147
0.147
0.146
0.146
0.146
0.146
0.146
0.146
0.145
0.145
0.145
0.145
0.145
0.145
0.144
0.144
0.144
0.144
0.144
0.144
0.143
0.143
0.143
0.143
0.143
0.143
0.142
0.142
0.142
0.142
0.142
0.142
0.141
0.141
0.141
0.141
0.141
0.141
0.14
0.14
0.14
0.14
0.14
0.14
0.139
0.139
0.139
0.139
0.139
0.139
0.139
0.138
0.138
0.138
0.138
0.138
0.138
0.137
0.137
0.137
0.137
0.137
0.137
0.136
0.136
0.136
0.136
0.136
0.136
0.136
0.135
0.135
0.135
0.135
0.135
0.135
0.134
0.134
0.134
0.134
0.134
0.134
0.134
0.133
0.133
0.133
0.133
0.133
0.133
0.132
0.132
0.132
0.132
0.132
0.132
0.132
0.131
0.131
0.131
0.131
0.131
0.131
0.13
0.13
0.13
0.13
0.13
0.13
0.13
0.129
0.129
0.129
0.129
0.129
0.129
0.129
0.128
0.128
0.128
0.128
0.128
0.128
0.128
0.127
0.127
0.127
0.127
0.127
0.127
0.126
0.126
0.126
0.126
0.126
0.126
0.126
0.125
0.125
0.125
0.125
0.125
0.125
0.125
0.124
0.124
0.124
0.124
0.124
0.124
0.124
0.123
0.123
0.123
0.123
0.123
0.123
0.123
0.122
0.122
0.122
0.122
0.122
0.122
0.122
0.121
0.121
0.121
0.121
0.121
0.121
0.121
0.12
0.12
0.12
0.12
0.12
0.12
0.12
0.12
0.119
0.119
0.119
0.119
0.119
0.119
0.119
0.118
0.118
0.118
0.118
0.118
0.118
0.118
0.117
0.117
0.117
0.117
0.117
0.117
0.117
0.117
0.116
0.116
0.116
0.116
0.116
0.116
0.116
0.115
0.115
0.115
0.115
0.115
0.115
0.115
0.115
0.114
0.114
0.114
0.114
0.114
0.114
0.114
0.113
0.113
0.113
0.113
0.113
0.113
0.113
0.113
0.112
0.112
0.112
0.112
0.112
0.112
0.112
0.112
0.111
0.111
0.111
0.111
0.111
0.111
0.111
0.11
0.11
0.11
0.11
0.11
0.11
0.11
0.11
0.109
0.109
0.109
0.109
0.109
0.109
0.109
0.109
0.108
0.108
0.108
0.108
0.108
0.108
0.108
0.108
0.107
0.107
0.107
0.107
0.107
0.107
0.107
0.107
0.106
0.106
0.106
0.106
0.106
0.106
0.106
0.106
0.105
0.105
0.105
0.105
0.105
0.105
0.105
0.105
0.104
0.104
0.104
0.104
0.104
0.104
0.104
0.104
0.104
0.103
0.103
0.103
0.103
0.103
0.103
0.103
0.103
0.102
0.102
0.102
0.102
0.102
0.102
0.102
0.102
0.102
0.101
0.101
0.101
0.101
0.101
0.101
0.101
0.101
0.1
0.1
0.1
0.1
0.1
9.99E-02
9.98E-02
9.96E-02
9.95E-02
9.94E-02
9.93E-02
9.92E-02
9.91E-02
9.89E-02
9.88E-02
9.87E-02
9.86E-02
9.85E-02
9.84E-02
9.83E-02
9.81E-02
9.80E-02
9.79E-02
9.78E-02
9.77E-02
9.76E-02
9.75E-02
9.73E-02
9.72E-02
9.71E-02
9.70E-02
9.69E-02
9.68E-02
9.67E-02
9.66E-02
9.64E-02
9.63E-02
9.62E-02
9.61E-02
9.60E-02
9.59E-02
9.58E-02
9.57E-02
9.55E-02
9.54E-02
9.53E-02
9.52E-02
9.51E-02
9.50E-02
9.49E-02
9.48E-02
9.47E-02
9.45E-02
9.44E-02
9.43E-02
9.42E-02
9.41E-02
9.40E-02
9.39E-02
9.38E-02
9.37E-02
9.36E-02
9.34E-02
9.33E-02
9.32E-02
9.31E-02
9.30E-02
9.29E-02
9.28E-02
9.27E-02
9.26E-02
9.25E-02
9.24E-02
9.23E-02
9.21E-02
9.20E-02
9.19E-02
9.18E-02
9.17E-02
9.16E-02
9.15E-02
9.14E-02
9.13E-02
9.12E-02
9.11E-02
9.10E-02
9.09E-02
9.08E-02
9.06E-02
9.05E-02
9.04E-02
9.03E-02
9.02E-02
9.01E-02
9.00E-02
8.99E-02
8.98E-02
8.97E-02
8.96E-02
8.95E-02
8.94E-02
8.93E-02
8.92E-02
8.91E-02
8.90E-02
8.89E-02
8.88E-02
8.87E-02
8.86E-02
8.84E-02
8.83E-02
8.82E-02
8.81E-02
8.80E-02
8.79E-02
8.78E-02
8.77E-02
8.76E-02
8.75E-02
8.74E-02
8.73E-02
8.72E-02
8.71E-02
8.70E-02
8.69E-02
8.68E-02
8.67E-02
8.66E-02
8.65E-02
8.64E-02
8.63E-02
8.62E-02
8.61E-02
8.60E-02
8.59E-02
8.58E-02
8.57E-02
8.56E-02
8.55E-02
8.54E-02
8.53E-02
8.52E-02
8.51E-02
8.50E-02
8.49E-02
8.48E-02
8.47E-02
8.46E-02
8.45E-02
8.44E-02
8.43E-02
8.42E-02
8.41E-02
8.40E-02
8.39E-02
8.38E-02
8.37E-02
8.36E-02
8.35E-02
8.34E-02
8.33E-02
8.32E-02
8.31E-02
8.30E-02
8.29E-02
8.28E-02
8.27E-02
8.26E-02
8.25E-02
8.24E-02
8.23E-02
8.22E-02
8.21E-02
8.20E-02
8.19E-02
8.18E-02
8.17E-02
8.17E-02
8.16E-02
8.15E-02
8.14E-02
8.13E-02
8.12E-02
8.11E-02
8.10E-02
8.09E-02
8.08E-02
8.07E-02
8.06E-02
8.05E-02
8.04E-02
8.03E-02
8.02E-02
8.01E-02
8.00E-02
7.99E-02
7.98E-02
7.97E-02
7.97E-02
7.96E-02
7.95E-02
7.94E-02
7.93E-02
7.92E-02
7.91E-02
7.90E-02
7.89E-02
7.88E-02
7.87E-02
7.86E-02
7.85E-02
7.84E-02
7.83E-02
7.83E-02
7.82E-02
7.81E-02
7.80E-02
7.79E-02
7.78E-02
7.77E-02
7.76E-02
7.75E-02
7.74E-02
7.73E-02
7.72E-02
7.71E-02
7.71E-02
7.70E-02
7.69E-02
7.68E-02
7.67E-02
7.66E-02
7.65E-02
7.64E-02
7.63E-02
7.62E-02
7.62E-02
7.61E-02
7.60E-02
7.59E-02
7.58E-02
7.57E-02
7.56E-02
7.55E-02
7.54E-02
7.53E-02
7.53E-02
7.52E-02
7.51E-02
7.50E-02
7.49E-02
7.48E-02
7.47E-02
7.46E-02
7.45E-02
7.45E-02
7.44E-02
7.43E-02
7.42E-02
7.41E-02
7.40E-02
7.39E-02
7.38E-02
7.37E-02
7.37E-02
7.36E-02
7.35E-02
7.34E-02
7.33E-02
7.32E-02
7.31E-02
7.30E-02
7.30E-02
7.29E-02
7.28E-02
7.27E-02
7.26E-02
7.25E-02
7.24E-02
7.24E-02
7.23E-02
7.22E-02
7.21E-02
7.20E-02
7.19E-02
7.18E-02
7.18E-02
7.17E-02
7.16E-02
7.15E-02
7.14E-02
7.13E-02
7.12E-02
7.12E-02
7.11E-02
7.10E-02
7.09E-02
7.08E-02
7.07E-02
7.07E-02
7.06E-02
7.05E-02
7.04E-02
7.03E-02
7.02E-02
7.01E-02
7.01E-02
7.00E-02
6.99E-02
6.98E-02
6.97E-02
6.96E-02
6.96E-02
6.95E-02
6.94E-02
6.93E-02
6.92E-02
6.91E-02
6.91E-02
6.90E-02
6.89E-02
6.88E-02
6.87E-02
6.87E-02
6.86E-02
6.85E-02
6.84E-02
6.83E-02
6.82E-02
6.82E-02
6.81E-02
6.80E-02
6.79E-02
6.78E-02
6.78E-02
6.77E-02
6.76E-02
6.75E-02
6.74E-02
6.73E-02
6.73E-02
6.72E-02
6.71E-02
6.70E-02
6.69E-02
6.69E-02
6.68E-02
6.67E-02
6.66E-02
6.65E-02
6.65E-02
6.64E-02
6.63E-02
6.62E-02
6.61E-02
6.61E-02
6.60E-02
6.59E-02
6.58E-02
6.58E-02
6.57E-02
6.56E-02
6.55E-02
6.54E-02
6.54E-02
6.53E-02
6.52E-02
6.51E-02
6.50E-02
6.50E-02
6.49E-02
6.48E-02
6.47E-02
6.47E-02
6.46E-02
6.45E-02
6.44E-02
6.43E-02
6.43E-02
6.42E-02
6.41E-02
6.40E-02
6.40E-02
6.39E-02
6.38E-02
6.37E-02
6.36E-02
6.36E-02
6.35E-02
6.34E-02
6.33E-02
6.33E-02
6.32E-02
6.31E-02
6.30E-02
6.30E-02
6.29E-02
6.28E-02
6.27E-02
6.27E-02
6.26E-02
6.25E-02
6.24E-02
6.23E-02
6.23E-02
6.22E-02
6.21E-02
6.20E-02
6.20E-02
6.19E-02
6.18E-02
6.17E-02
6.17E-02
6.16E-02
6.15E-02
6.14E-02
6.14E-02
6.13E-02
6.12E-02
6.12E-02
6.11E-02
6.10E-02
6.09E-02
6.09E-02
6.08E-02
6.07E-02
6.06E-02
6.06E-02
6.05E-02
6.04E-02
6.03E-02
6.03E-02
6.02E-02
6.01E-02
6.00E-02
6.00E-02
5.99E-02
5.98E-02
5.98E-02
5.97E-02
5.96E-02
5.95E-02
5.95E-02
5.94E-02
5.93E-02
5.92E-02
5.92E-02
5.91E-02
5.90E-02
5.90E-02
5.89E-02
5.88E-02
5.87E-02
5.87E-02
5.86E-02
5.85E-02
5.85E-02
5.84E-02
5.83E-02
5.82E-02
5.82E-02
5.81E-02
5.80E-02
5.80E-02
5.79E-02
5.78E-02
5.77E-02
5.77E-02
5.76E-02
5.75E-02
5.75E-02
5.74E-02
5.73E-02
5.73E-02
5.72E-02
5.71E-02
5.70E-02
5.70E-02
5.69E-02
5.68E-02
5.68E-02
5.67E-02
5.66E-02
5.66E-02
5.65E-02
5.64E-02
5.63E-02
5.63E-02
5.62E-02
5.61E-02
5.61E-02
5.60E-02
5.59E-02
5.59E-02
5.58E-02
5.57E-02
5.57E-02
5.56E-02
5.55E-02
5.55E-02
5.54E-02
5.53E-02
5.53E-02
5.52E-02
5.51E-02
5.50E-02
5.50E-02
5.49E-02
5.48E-02
5.48E-02
5.47E-02
5.46E-02
5.46E-02
5.45E-02
5.44E-02
5.44E-02
5.43E-02
5.42E-02
5.42E-02
5.41E-02
5.40E-02
5.40E-02
5.39E-02
5.38E-02
5.38E-02
5.37E-02
5.36E-02
5.36E-02
5.35E-02
5.34E-02
5.34E-02
5.33E-02
5.32E-02
5.32E-02
5.31E-02
5.30E-02
5.30E-02
5.29E-02
5.28E-02
5.28E-02
5.27E-02
5.27E-02
5.26E-02
5.25E-02
5.25E-02
5.24E-02
5.23E-02
5.23E-02
5.22E-02
5.21E-02
5.21E-02
5.20E-02
5.19E-02
5.19E-02
5.18E-02
5.17E-02
5.17E-02
5.16E-02
5.15E-02
5.15E-02
5.14E-02
5.14E-02
5.13E-02
5.12E-02
5.12E-02
5.11E-02
5.10E-02
5.10E-02
5.09E-02
5.08E-02
5.08E-02
5.07E-02
5.07E-02
5.06E-02
5.05E-02
5.05E-02
5.04E-02
5.03E-02
5.03E-02
5.02E-02
5.02E-02
5.01E-02
5.00E-02
5.00E-02
4.99E-02
4.98E-02
4.98E-02
4.97E-02
4.97E-02
4.96E-02
4.95E-02
4.95E-02
4.94E-02
4.93E-02
4.93E-02
4.92E-02
4.92E-02
4.91E-02
4.90E-02
4.90E-02
4.89E-02
4.88E-02
4.88E-02
4.87E-02
4.87E-02
4.86E-02
4.85E-02
4.85E-02
4.84E-02
4.84E-02
4.83E-02
4.82E-02
4.82E-02
4.81E-02
4.81E-02
4.80E-02
4.79E-02
4.79E-02
4.78E-02
4.77E-02
4.77E-02
4.76E-02
4.76E-02
4.75E-02
4.74E-02
4.74E-02
4.73E-02
4.73E-02
4.72E-02
4.71E-02
4.71E-02
4.70E-02
4.70E-02
4.69E-02
4.68E-02
4.68E-02
4.67E-02
4.67E-02
4.66E-02
4.66E-02
4.65E-02
4.64E-02
4.64E-02
4.63E-02
4.63E-02
4.62E-02
4.61E-02
4.61E-02
4.60E-02
4.60E-02
4.59E-02
4.58E-02
4.58E-02
4.57E-02
4.57E-02
4.56E-02
4.56E-02
4.55E-02
4.54E-02
4.54E-02
4.53E-02
4.53E-02
4.52E-02
4.51E-02
4.51E-02
4.50E-02
4.50E-02
4.49E-02
4.49E-02
4.48E-02
4.47E-02
4.47E-02
4.46E-02
4.46E-02
4.45E-02
4.45E-02
4.44E-02
4.43E-02
4.43E-02
4.42E-02
4.42E-02
4.41E-02
4.41E-02
4.40E-02
4.39E-02
4.39E-02
4.38E-02
4.38E-02
4.37E-02
4.37E-02
4.36E-02
4.35E-02
4.35E-02
4.34E-02
4.34E-02
4.33E-02
4.33E-02
4.32E-02
4.32E-02
4.31E-02
4.30E-02
4.30E-02
4.29E-02
4.29E-02
4.28E-02
4.28E-02
4.27E-02
4.27E-02
4.26E-02
4.25E-02
4.25E-02
4.24E-02
4.24E-02
4.23E-02
4.23E-02
4.22E-02
4.22E-02
4.21E-02
4.20E-02
4.20E-02
4.19E-02
4.19E-02
4.18E-02
4.18E-02
4.17E-02
4.17E-02
4.16E-02
4.16E-02
4.15E-02
4.14E-02
4.14E-02
4.13E-02
4.13E-02
4.12E-02
4.12E-02
4.11E-02
4.11E-02
4.10E-02
4.10E-02
4.09E-02
4.09E-02
4.08E-02
4.07E-02
4.07E-02
4.06E-02
4.06E-02
4.05E-02
4.05E-02
4.04E-02
4.04E-02
4.03E-02
4.03E-02
4.02E-02
4.02E-02
4.01E-02
4.01E-02
4.00E-02
3.99E-02
3.99E-02
3.98E-02
3.98E-02
3.97E-02
3.97E-02
3.96E-02
3.96E-02
3.95E-02
3.95E-02
3.94E-02
3.94E-02
3.93E-02
3.93E-02
3.92E-02
3.92E-02
3.91E-02
3.91E-02
3.90E-02
3.90E-02
3.89E-02
3.88E-02
3.88E-02
3.87E-02
3.87E-02
3.86E-02
3.86E-02
3.85E-02
3.85E-02
3.84E-02
3.84E-02
3.83E-02
3.83E-02
3.82E-02
3.82E-02
3.81E-02
3.81E-02
3.80E-02
3.80E-02
3.79E-02
3.79E-02
3.78E-02
3.78E-02
3.77E-02
3.77E-02
3.76E-02
3.76E-02
3.75E-02
3.75E-02
3.74E-02
3.74E-02
3.73E-02
3.73E-02
3.72E-02
3.72E-02
3.71E-02
3.71E-02
3.70E-02
3.70E-02
3.69E-02
3.69E-02
3.68E-02
3.68E-02
3.67E-02
3.67E-02
3.66E-02
3.66E-02
3.65E-02
3.65E-02
3.64E-02
3.64E-02
3.63E-02
3.63E-02
3.62E-02
3.62E-02
3.61E-02
3.61E-02
3.60E-02
3.60E-02
3.59E-02
3.59E-02
3.58E-02
3.58E-02
3.57E-02
3.57E-02
3.56E-02
3.56E-02
3.55E-02
3.55E-02
3.54E-02
3.54E-02
3.53E-02
3.53E-02
3.52E-02
3.52E-02
3.51E-02
3.51E-02
3.50E-02
3.50E-02
3.49E-02
3.49E-02
3.48E-02
3.48E-02
3.47E-02
3.47E-02
3.47E-02
3.46E-02
3.46E-02
3.45E-02
3.45E-02
3.44E-02
3.44E-02
3.43E-02
3.43E-02
3.42E-02
3.42E-02
3.41E-02
3.41E-02
3.40E-02
3.40E-02
3.39E-02
3.39E-02
3.38E-02
3.38E-02
3.37E-02
3.37E-02
3.37E-02
3.36E-02
3.36E-02
3.35E-02
3.35E-02
3.34E-02
3.34E-02
3.33E-02
3.33E-02
3.32E-02
3.32E-02
3.31E-02
3.31E-02
3.30E-02
3.30E-02
3.29E-02
3.29E-02
3.29E-02
3.28E-02
3.28E-02
3.27E-02
3.27E-02
3.26E-02
3.26E-02
3.25E-02
3.25E-02
3.24E-02
3.24E-02
3.23E-02
3.23E-02
3.22E-02
3.22E-02
3.22E-02
3.21E-02
3.21E-02
3.20E-02
3.20E-02
3.19E-02
3.19E-02
3.18E-02
3.18E-02
3.17E-02
3.17E-02
3.16E-02
3.16E-02
3.16E-02
3.15E-02
3.15E-02
3.14E-02
3.14E-02
3.13E-02
3.13E-02
3.12E-02
3.12E-02
3.11E-02
3.11E-02
3.11E-02
3.10E-02
3.10E-02
3.09E-02
3.09E-02
3.08E-02
3.08E-02
3.07E-02
3.07E-02
3.07E-02
3.06E-02
3.06E-02
3.05E-02
3.05E-02
3.04E-02
3.04E-02
3.03E-02
3.03E-02
3.02E-02
3.02E-02
3.02E-02
3.01E-02
3.01E-02
3.00E-02
3.00E-02
2.99E-02
2.99E-02
2.98E-02
2.98E-02
2.98E-02
2.97E-02
2.97E-02
2.96E-02
2.96E-02
2.95E-02
2.95E-02
2.94E-02
2.94E-02
2.94E-02
2.93E-02
2.93E-02
2.92E-02
2.92E-02
2.91E-02
2.91E-02
2.91E-02
2.90E-02
2.90E-02
2.89E-02
2.89E-02
2.88E-02
2.88E-02
2.87E-02
2.87E-02
2.87E-02
2.86E-02
2.86E-02
2.85E-02
2.85E-02
2.84E-02
2.84E-02
2.84E-02
2.83E-02
2.83E-02
2.82E-02
2.82E-02
2.81E-02
2.81E-02
2.80E-02
2.80E-02
2.80E-02
2.79E-02
2.79E-02
2.78E-02
2.78E-02
2.77E-02
2.77E-02
2.77E-02
2.76E-02
2.76E-02
2.75E-02
2.75E-02
2.74E-02
2.74E-02
2.74E-02
2.73E-02
2.73E-02
2.72E-02
2.72E-02
2.71E-02
2.71E-02
2.71E-02
2.70E-02
2.70E-02
2.69E-02
2.69E-02
2.68E-02
2.68E-02
2.68E-02
2.67E-02
2.67E-02
2.66E-02
2.66E-02
2.65E-02
2.65E-02
2.65E-02
2.64E-02
2.64E-02
2.63E-02
2.63E-02
2.62E-02
2.62E-02
2.62E-02
2.61E-02
2.61E-02
2.60E-02
2.60E-02
2.60E-02
2.59E-02
2.59E-02
2.58E-02
2.58E-02
2.57E-02
2.57E-02
2.57E-02
2.56E-02
2.56E-02
2.55E-02
2.55E-02
2.54E-02
2.54E-02
2.54E-02
2.53E-02
2.53E-02
2.52E-02
2.52E-02
2.52E-02
2.51E-02
2.51E-02
2.50E-02
2.50E-02
2.49E-02
2.49E-02
2.49E-02
2.48E-02
2.48E-02
2.47E-02
2.47E-02
2.47E-02
2.46E-02
2.46E-02
2.45E-02
2.45E-02
2.44E-02
2.44E-02
2.44E-02
2.43E-02
2.43E-02
2.42E-02
2.42E-02
2.42E-02
2.41E-02
2.41E-02
2.40E-02
2.40E-02
2.39E-02
2.39E-02
2.39E-02
2.38E-02
2.38E-02
2.37E-02
2.37E-02
2.37E-02
2.36E-02
2.36E-02
2.35E-02
2.35E-02
2.34E-02
2.34E-02
2.34E-02
2.33E-02
2.33E-02
2.32E-02
2.32E-02
2.32E-02
2.31E-02
2.31E-02
2.30E-02
2.30E-02
2.29E-02
2.29E-02
2.29E-02
2.28E-02
2.28E-02
2.27E-02
2.27E-02
2.27E-02
2.26E-02
2.26E-02
2.25E-02
2.25E-02
2.25E-02
2.24E-02
2.24E-02
2.23E-02
2.23E-02
2.22E-02
2.22E-02
2.22E-02
2.21E-02
2.21E-02
2.20E-02
2.20E-02
2.20E-02
2.19E-02
2.19E-02
2.18E-02
2.18E-02
2.17E-02
2.17E-02
2.17E-02
2.16E-02
2.16E-02
2.15E-02
2.15E-02
2.15E-02
2.14E-02
2.14E-02
2.13E-02
2.13E-02
2.12E-02
2.12E-02
2.12E-02
2.11E-02
2.11E-02
2.10E-02
2.10E-02
2.10E-02
2.09E-02
2.09E-02
2.08E-02
2.08E-02
2.08E-02
2.07E-02
2.07E-02
2.06E-02
2.06E-02
2.05E-02
2.05E-02
2.05E-02
2.04E-02
2.04E-02
2.03E-02
2.03E-02
2.02E-02
2.02E-02
2.02E-02
2.01E-02
2.01E-02
2.00E-02
2.00E-02
2.00E-02
1.99E-02
1.99E-02
1.98E-02
1.98E-02
1.97E-02
1.97E-02
1.97E-02
1.96E-02
1.96E-02
1.95E-02
1.95E-02
1.94E-02
1.94E-02
1.94E-02
1.93E-02
1.93E-02
1.92E-02
1.92E-02
1.91E-02
1.91E-02
1.91E-02
1.90E-02
1.90E-02
1.89E-02
1.89E-02
1.88E-02
1.88E-02
1.88E-02
1.87E-02
1.87E-02
1.86E-02
1.86E-02
1.85E-02
1.85E-02
1.85E-02
1.84E-02
1.84E-02
1.83E-02
1.83E-02
1.82E-02
1.82E-02
1.81E-02
1.81E-02
1.81E-02
1.80E-02
1.80E-02
1.79E-02
1.79E-02
1.78E-02
1.78E-02
1.77E-02
1.77E-02
1.77E-02
1.76E-02
1.76E-02
1.75E-02
1.75E-02
1.74E-02
1.74E-02
1.73E-02
1.73E-02
1.73E-02
1.72E-02
1.72E-02
1.71E-02
1.71E-02
1.70E-02
1.70E-02
1.69E-02
1.69E-02
1.68E-02
1.68E-02
1.67E-02
1.67E-02
1.66E-02
1.66E-02
1.66E-02
1.65E-02
1.65E-02
1.64E-02
1.64E-02
1.63E-02
1.63E-02
1.62E-02
1.62E-02
1.61E-02
1.61E-02
1.60E-02
1.60E-02
1.59E-02
1.59E-02
1.58E-02
1.58E-02
1.57E-02
1.57E-02
1.56E-02
1.56E-02
1.55E-02
1.55E-02
1.54E-02
1.54E-02
1.53E-02
1.53E-02
1.52E-02
1.51E-02
1.51E-02
1.50E-02
1.50E-02
1.49E-02
1.49E-02
1.48E-02
1.48E-02
1.47E-02
1.47E-02
1.46E-02
1.45E-02
1.45E-02
1.44E-02
1.44E-02
1.43E-02
1.43E-02
1.42E-02
1.41E-02
1.41E-02
1.40E-02
1.40E-02
1.39E-02
1.38E-02
1.38E-02
1.37E-02
1.37E-02
1.36E-02
1.35E-02
1.35E-02
1.34E-02
1.33E-02
1.33E-02
1.32E-02
1.31E-02
1.31E-02
1.30E-02
1.29E-02
1.28E-02
1.28E-02
1.27E-02
1.26E-02
1.26E-02
1.25E-02
1.24E-02
1.23E-02
1.22E-02
1.22E-02
1.21E-02
1.20E-02
1.20E-02
1.19E-02
1.19E-02
1.18E-02
1.18E-02
1.17E-02
1.17E-02
1.15E-02
1.14E-02
1.13E-02
1.12E-02
1.12E-02
1.11E-02
1.10E-02
1.09E-02
1.08E-02
1.07E-02
1.05E-02
1.02E-02
9.94E-03
9.29E-03