7.27E+03
1.16E+04
1.35E+04
1.39E+04
1.34E+04
1.27E+04
1.20E+04
1.14E+04
1.10E+04
1.07E+04
1.05E+04
1.03E+04
1.01E+04
9.95E+03
9.76E+03
9.54E+03
9.31E+03
9.07E+03
8.82E+03
8.57E+03
8.32E+03
8.07E+03
7.82E+03
7.58E+03
7.34E+03
7.11E+03
6.89E+03
6.67E+03
6.46E+03
6.26E+03
6.06E+03
5.87E+03
5.69E+03
5.52E+03
5.35E+03
5.19E+03
5.04E+03
4.89E+03
4.75E+03
4.61E+03
4.48E+03
4.36E+03
4.24E+03
4.12E+03
4.02E+03
3.91E+03
3.81E+03
3.72E+03
3.63E+03
3.54E+03
3.46E+03
3.38E+03
3.30E+03
3.22E+03
3.15E+03
3.09E+03
3.02E+03
2.96E+03
2.90E+03
2.84E+03
2.78E+03
2.73E+03
2.68E+03
2.63E+03
2.58E+03
2.53E+03
2.48E+03
2.44E+03
2.40E+03
2.36E+03
2.32E+03
2.28E+03
2.24E+03
2.21E+03
2.17E+03
2.14E+03
2.11E+03
2.07E+03
2.04E+03
2.01E+03
1.99E+03
1.96E+03
1.93E+03
1.90E+03
1.88E+03
1.85E+03
1.83E+03
1.81E+03
1.78E+03
1.76E+03
1.74E+03
1.72E+03
1.70E+03
1.68E+03
1.66E+03
1.64E+03
1.62E+03
1.61E+03
1.59E+03
1.57E+03
1.55E+03
1.54E+03
1.52E+03
1.51E+03
1.49E+03
1.48E+03
1.46E+03
1.45E+03
1.44E+03
1.42E+03
1.41E+03
1.40E+03
1.39E+03
1.37E+03
1.36E+03
1.35E+03
1.34E+03
1.33E+03
1.32E+03
1.31E+03
1.30E+03
1.29E+03
1.28E+03
1.27E+03
1.26E+03
1.25E+03
1.24E+03
1.23E+03
1.22E+03
1.22E+03
1.21E+03
1.20E+03
1.19E+03
1.18E+03
1.18E+03
1.17E+03
1.16E+03
1.16E+03
1.15E+03
1.14E+03
1.14E+03
1.13E+03
1.12E+03
1.12E+03
1.11E+03
1.11E+03
1.10E+03
1.09E+03
1.09E+03
1.08E+03
1.08E+03
1.07E+03
1.07E+03
1.06E+03
1.06E+03
1.05E+03
1.05E+03
1.04E+03
1.04E+03
1.03E+03
1.03E+03
1.02E+03
1.02E+03
1.02E+03
1.01E+03
1.01E+03
1.00E+03
1.00E+03
997
993
989
986
983
979
976
973
969
966
963
960
957
954
952
949
946
944
941
938
936
933
931
929
926
924
922
920
918
916
914
912
910
908
906
904
903
901
899
898
896
894
893
891
890
888
887
886
884
883
882
881
879
878
877
876
875
874
873
872
871
870
869
868
867
866
866
865
864
863
863
862
861
861
860
860
859
858
858
857
857
857
856
856
855
855
855
854
854
854
853
853
853
853
853
852
852
852
852
852
852
852
852
852
852
852
852
852
852
852
852
852
852
852
853
853
853
853
853
854
854
854
854
855
855
855
856
856
856
857
857
857
858
858
859
859
860
860
861
861
862
862
863
863
864
864
865
866
866
867
868
868
869
870
870
871
872
873
873
874
875
876
877
877
878
879
880
881
882
883
883
884
885
886
887
888
889
890
891
892
893
894
895
896
897
899
900
901
902
903
904
905
907
908
909
910
911
913
914
915
916
917
918
920
921
922
924
925
927
928
929
931
932
934
935
937
938
940
941
943
944
946
947
949
950
952
954
955
957
958
960
962
963
965
967
969
970
972
974
975
977
979
981
983
984
986
988
990
992
994
996
998
1.00E+03
1.00E+03
1.00E+03
1.01E+03
1.01E+03
1.01E+03
1.01E+03
1.01E+03
1.02E+03
1.02E+03
1.02E+03
1.02E+03
1.02E+03
1.03E+03
1.03E+03
1.03E+03
1.03E+03
1.04E+03
1.04E+03
1.04E+03
1.04E+03
1.04E+03
1.05E+03
1.05E+03
1.05E+03
1.05E+03
1.06E+03
1.06E+03
1.06E+03
1.06E+03
1.06E+03
1.07E+03
1.07E+03
1.07E+03
1.07E+03
1.08E+03
1.08E+03
1.08E+03
1.08E+03
1.09E+03
1.09E+03
1.09E+03
1.09E+03
1.10E+03
1.10E+03
1.10E+03
1.11E+03
1.11E+03
1.11E+03
1.11E+03
1.12E+03
1.12E+03
1.12E+03
1.13E+03
1.13E+03
1.13E+03
1.13E+03
1.14E+03
1.14E+03
1.14E+03
1.15E+03
1.15E+03
1.15E+03
1.16E+03
1.16E+03
1.16E+03
1.16E+03
1.17E+03
1.17E+03
1.17E+03
1.18E+03
1.18E+03
1.18E+03
1.19E+03
1.19E+03
1.19E+03
1.20E+03
1.20E+03
1.20E+03
1.21E+03
1.21E+03
1.22E+03
1.22E+03
1.22E+03
1.23E+03
1.23E+03
1.23E+03
1.24E+03
1.24E+03
1.25E+03
1.25E+03
1.25E+03
1.26E+03
1.26E+03
1.27E+03
1.27E+03
1.27E+03
1.28E+03
1.28E+03
1.29E+03
1.29E+03
1.30E+03
1.30E+03
1.31E+03
1.31E+03
1.32E+03
1.32E+03
1.32E+03
1.33E+03
1.33E+03
1.34E+03
1.34E+03
1.35E+03
1.35E+03
1.36E+03
1.37E+03
1.37E+03
1.38E+03
1.38E+03
1.39E+03
1.39E+03
1.40E+03
1.40E+03
1.41E+03
1.42E+03
1.42E+03
1.43E+03
1.43E+03
1.44E+03
1.45E+03
1.45E+03
1.46E+03
1.47E+03
1.47E+03
1.48E+03
1.49E+03
1.50E+03
1.50E+03
1.51E+03
1.52E+03
1.53E+03
1.53E+03
1.54E+03
1.55E+03
1.56E+03
1.57E+03
1.58E+03
1.58E+03
1.59E+03
1.60E+03
1.61E+03
1.62E+03
1.63E+03
1.64E+03
1.65E+03
1.66E+03
1.67E+03
1.68E+03
1.69E+03
1.71E+03
1.72E+03
1.73E+03
1.73E+03
1.74E+03
1.75E+03
1.76E+03
1.77E+03
1.79E+03
1.80E+03
1.81E+03
1.82E+03
1.83E+03
1.85E+03
1.87E+03
1.89E+03
1.92E+03
1.95E+03
2.00E+03
2.07E+03
2.37E+03
3.96E+03
3.95E+03
3.94E+03
3.93E+03
3.92E+03
3.91E+03
3.90E+03
3.89E+03
3.88E+03
3.87E+03
3.86E+03
3.85E+03
3.84E+03
3.83E+03
3.82E+03
3.81E+03
3.81E+03
3.80E+03
3.79E+03
3.78E+03
3.77E+03
3.76E+03
3.75E+03
3.74E+03
3.73E+03
3.72E+03
3.71E+03
3.71E+03
3.70E+03
3.69E+03
3.68E+03
3.67E+03
3.66E+03
3.65E+03
3.64E+03
3.63E+03
3.63E+03
3.62E+03
3.61E+03
3.60E+03
3.59E+03
3.58E+03
3.57E+03
3.57E+03
3.56E+03
3.55E+03
3.54E+03
3.53E+03
3.52E+03
3.52E+03
3.51E+03
3.50E+03
3.49E+03
3.48E+03
3.48E+03
3.47E+03
3.46E+03
3.45E+03
3.44E+03
3.43E+03
3.43E+03
3.42E+03
3.41E+03
3.40E+03
3.39E+03
3.39E+03
3.38E+03
3.37E+03
3.36E+03
3.36E+03
3.35E+03
3.34E+03
3.33E+03
3.32E+03
3.32E+03
3.31E+03
3.30E+03
3.29E+03
3.29E+03
3.28E+03
3.27E+03
3.26E+03
3.26E+03
3.25E+03
3.24E+03
3.23E+03
3.23E+03
3.22E+03
3.21E+03
3.21E+03
3.20E+03
3.19E+03
3.18E+03
3.18E+03
3.17E+03
3.16E+03
3.15E+03
3.15E+03
3.14E+03
3.13E+03
3.13E+03
3.12E+03
3.11E+03
3.11E+03
3.10E+03
3.09E+03
3.09E+03
3.08E+03
3.07E+03
3.06E+03
3.06E+03
3.05E+03
3.04E+03
3.04E+03
3.03E+03
3.02E+03
3.02E+03
3.01E+03
3.00E+03
3.00E+03
2.99E+03
2.98E+03
2.98E+03
2.97E+03
2.96E+03
2.96E+03
2.95E+03
2.94E+03
2.94E+03
2.93E+03
2.92E+03
2.92E+03
2.91E+03
2.91E+03
2.90E+03
2.89E+03
2.89E+03
2.88E+03
2.87E+03
2.87E+03
2.86E+03
2.85E+03
2.85E+03
2.84E+03
2.84E+03
2.83E+03
2.82E+03
2.82E+03
2.81E+03
2.81E+03
2.80E+03
2.79E+03
2.79E+03
2.78E+03
2.78E+03
2.77E+03
2.76E+03
2.76E+03
2.75E+03
2.75E+03
2.74E+03
2.73E+03
2.73E+03
2.72E+03
2.72E+03
2.71E+03
2.70E+03
2.70E+03
2.69E+03
2.69E+03
2.68E+03
2.68E+03
2.67E+03
2.66E+03
2.66E+03
2.65E+03
2.65E+03
2.64E+03
2.64E+03
2.63E+03
2.62E+03
2.62E+03
2.61E+03
2.61E+03
2.60E+03
2.60E+03
2.59E+03
2.59E+03
2.58E+03
2.57E+03
2.57E+03
2.56E+03
2.56E+03
2.55E+03
2.55E+03
2.54E+03
2.54E+03
2.53E+03
2.53E+03
2.52E+03
2.52E+03
2.51E+03
2.51E+03
2.50E+03
2.49E+03
2.49E+03
2.48E+03
2.48E+03
2.47E+03
2.47E+03
2.46E+03
2.46E+03
2.45E+03
2.45E+03
2.44E+03
2.44E+03
2.43E+03
2.43E+03
2.42E+03
2.42E+03
2.41E+03
2.41E+03
2.40E+03
2.40E+03
2.39E+03
2.39E+03
2.38E+03
2.38E+03
2.37E+03
2.37E+03
2.36E+03
2.36E+03
2.35E+03
2.35E+03
2.34E+03
2.34E+03
2.33E+03
2.33E+03
2.32E+03
2.32E+03
2.32E+03
2.31E+03
2.31E+03
2.30E+03
2.30E+03
2.29E+03
2.29E+03
2.28E+03
2.28E+03
2.27E+03
2.27E+03
2.26E+03
2.26E+03
2.25E+03
2.25E+03
2.25E+03
2.24E+03
2.24E+03
2.23E+03
2.23E+03
2.22E+03
2.22E+03
2.21E+03
2.21E+03
2.21E+03
2.20E+03
2.20E+03
2.19E+03
2.19E+03
2.18E+03
2.18E+03
2.17E+03
2.17E+03
2.17E+03
2.16E+03
2.16E+03
2.15E+03
2.15E+03
2.14E+03
2.14E+03
2.14E+03
2.13E+03
2.13E+03
2.12E+03
2.12E+03
2.11E+03
2.11E+03
2.11E+03
2.10E+03
2.10E+03
2.09E+03
2.09E+03
2.08E+03
2.08E+03
2.08E+03
2.07E+03
2.07E+03
2.06E+03
2.06E+03
2.06E+03
2.05E+03
2.05E+03
2.04E+03
2.04E+03
2.04E+03
2.03E+03
2.03E+03
2.02E+03
2.02E+03
2.02E+03
2.01E+03
2.01E+03
2.00E+03
2.00E+03
2.00E+03
1.99E+03
1.99E+03
1.98E+03
1.98E+03
1.98E+03
1.97E+03
1.97E+03
1.96E+03
1.96E+03
1.96E+03
1.95E+03
1.95E+03
1.95E+03
1.94E+03
1.94E+03
1.93E+03
1.93E+03
1.93E+03
1.92E+03
1.92E+03
1.92E+03
1.91E+03
1.91E+03
1.90E+03
1.90E+03
1.90E+03
1.89E+03
1.89E+03
1.89E+03
1.88E+03
1.88E+03
1.87E+03
1.87E+03
1.87E+03
1.86E+03
1.86E+03
1.86E+03
1.85E+03
1.85E+03
1.85E+03
1.84E+03
1.84E+03
1.84E+03
1.83E+03
1.83E+03
1.82E+03
1.82E+03
1.82E+03
1.81E+03
1.81E+03
1.81E+03
1.80E+03
1.80E+03
1.80E+03
1.79E+03
1.79E+03
1.79E+03
1.78E+03
1.78E+03
1.78E+03
1.77E+03
1.77E+03
1.77E+03
1.76E+03
1.76E+03
1.76E+03
1.75E+03
1.75E+03
1.75E+03
1.74E+03
1.74E+03
1.74E+03
1.73E+03
1.73E+03
1.73E+03
1.72E+03
1.72E+03
1.72E+03
1.71E+03
1.71E+03
1.71E+03
1.70E+03
1.70E+03
1.70E+03
1.69E+03
1.69E+03
1.69E+03
1.68E+03
1.68E+03
1.68E+03
1.67E+03
1.67E+03
1.67E+03
1.66E+03
1.66E+03
1.66E+03
1.66E+03
1.65E+03
1.65E+03
1.65E+03
1.64E+03
1.64E+03
1.64E+03
1.63E+03
1.63E+03
1.63E+03
1.62E+03
1.62E+03
1.62E+03
1.61E+03
1.61E+03
1.61E+03
1.61E+03
1.60E+03
1.60E+03
1.60E+03
1.59E+03
1.59E+03
1.59E+03
1.58E+03
1.58E+03
1.58E+03
1.58E+03
1.57E+03
1.57E+03
1.57E+03
1.56E+03
1.56E+03
1.56E+03
1.55E+03
1.55E+03
1.55E+03
1.55E+03
1.54E+03
1.54E+03
1.54E+03
1.53E+03
1.53E+03
1.53E+03
1.53E+03
1.52E+03
1.52E+03
1.52E+03
1.51E+03
1.51E+03
1.51E+03
1.51E+03
1.50E+03
1.50E+03
1.50E+03
1.50E+03
1.49E+03
1.49E+03
1.49E+03
1.48E+03
1.48E+03
1.48E+03
1.48E+03
1.47E+03
1.47E+03
1.47E+03
1.46E+03
1.46E+03
1.46E+03
1.46E+03
1.45E+03
1.45E+03
1.45E+03
1.45E+03
1.44E+03
1.44E+03
1.44E+03
1.44E+03
1.43E+03
1.43E+03
1.43E+03
1.42E+03
1.42E+03
1.42E+03
1.42E+03
1.41E+03
1.41E+03
1.41E+03
1.41E+03
1.40E+03
1.40E+03
1.40E+03
1.40E+03
1.39E+03
1.39E+03
1.39E+03
1.39E+03
1.38E+03
1.38E+03
1.38E+03
1.38E+03
1.37E+03
1.37E+03
1.37E+03
1.37E+03
1.36E+03
1.36E+03
1.36E+03
1.36E+03
1.35E+03
1.35E+03
1.35E+03
1.35E+03
1.34E+03
1.34E+03
1.34E+03
1.34E+03
1.33E+03
1.33E+03
1.33E+03
1.33E+03
1.32E+03
1.32E+03
1.32E+03
1.32E+03
1.32E+03
1.31E+03
1.31E+03
1.31E+03
1.31E+03
1.30E+03
1.30E+03
1.30E+03
1.30E+03
1.29E+03
1.29E+03
1.29E+03
1.29E+03
1.28E+03
1.28E+03
1.28E+03
1.28E+03
1.28E+03
1.27E+03
1.27E+03
1.27E+03
1.27E+03
1.26E+03
1.26E+03
1.26E+03
1.26E+03
1.25E+03
1.25E+03
1.25E+03
1.25E+03
1.25E+03
1.24E+03
1.24E+03
1.24E+03
1.24E+03
1.23E+03
1.23E+03
1.23E+03
1.23E+03
1.23E+03
1.22E+03
1.22E+03
1.22E+03
1.22E+03
1.22E+03
1.21E+03
1.21E+03
1.21E+03
1.21E+03
1.20E+03
1.20E+03
1.20E+03
1.20E+03
1.20E+03
1.19E+03
1.19E+03
1.19E+03
1.19E+03
1.19E+03
1.18E+03
1.18E+03
1.18E+03
1.18E+03
1.18E+03
1.17E+03
1.17E+03
1.17E+03
1.17E+03
1.16E+03
1.16E+03
1.16E+03
1.16E+03
1.16E+03
1.15E+03
1.15E+03
1.15E+03
1.15E+03
1.15E+03
1.14E+03
1.14E+03
1.14E+03
1.14E+03
1.14E+03
1.13E+03
1.13E+03
1.13E+03
1.13E+03
1.13E+03
1.12E+03
1.12E+03
1.12E+03
1.12E+03
1.12E+03
1.11E+03
1.11E+03
1.11E+03
1.11E+03
1.11E+03
1.11E+03
1.10E+03
1.10E+03
1.10E+03
1.10E+03
1.10E+03
1.09E+03
1.09E+03
1.09E+03
1.09E+03
1.09E+03
1.08E+03
1.08E+03
1.08E+03
1.08E+03
1.08E+03
1.07E+03
1.07E+03
1.07E+03
1.07E+03
1.07E+03
1.07E+03
1.06E+03
1.06E+03
1.06E+03
1.06E+03
1.06E+03
1.05E+03
1.05E+03
1.05E+03
1.05E+03
1.05E+03
1.05E+03
1.04E+03
1.04E+03
1.04E+03
1.04E+03
1.04E+03
1.03E+03
1.03E+03
1.03E+03
1.03E+03
1.03E+03
1.03E+03
1.02E+03
1.02E+03
1.02E+03
1.02E+03
1.02E+03
1.02E+03
1.01E+03
1.01E+03
1.01E+03
1.01E+03
1.01E+03
1.00E+03
1.00E+03
1.00E+03
999
997
996
994
992
991
989
987
986
984
982
981
979
977
976
974
972
971
969
967
966
964
962
961
959
957
956
954
953
951
949
948
946
945
943
941
940
938
937
935
933
932
930
929
927
926
924
922
921
919
918
916
915
913
912
910
909
907
906
904
902
901
899
898
896
895
893
892
890
889
887
886
884
883
882
880
879
877
876
874
873
871
870
868
867
865
864
863
861
860
858
857
855
854
853
851
850
848
847
846
844
843
841
840
839
837
836
834
833
832
830
829
827
826
825
823
822
821
819
818
817
815
814
813
811
810
809
807
806
805
803
802
801
799
798
797
795
794
793
791
790
789
788
786
785
784
782
781
780
779
777
776
775
773
772
771
770
768
767
766
765
763
762
761
760
758
757
756
755
753
752
751
750
749
747
746
745
744
742
741
740
739
738
736
735
734
733
732
731
729
728
727
726
725
723
722
721
720
719
718
716
715
714
713
712
711
710
708
707
706
705
704
703
702
700
699
698
697
696
695
694
693
691
690
689
688
687
686
685
684
683
682
680
679
678
677
676
675
674
673
672
671
670
669
667
666
665
664
663
662
661
660
659
658
657
656
655
654
653
652
651
650
649
647
646
645
644
643
642
641
640
639
638
637
636
635
634
633
632
631
630
629
628
627
626
625
624
623
622
621
620
619
618
617
616
615
614
613
612
612
611
610
609
608
607
606
605
604
603
602
601
600
599
598
597
596
595
594
593
593
592
591
590
589
588
587
586
585
584
583
582
581
581
580
579
578
577
576
575
574
573
572
571
571
570
569
568
567
566
565
564
563
563
562
561
560
559
558
557
556
556
555
554
553
552
551
550
550
549
548
547
546
545
544
544
543
542
541
540
539
539
538
537
536
535
534
534
533
532
531
530
529
529
528
527
526
525
525
524
523
522
521
521
520
519
518
517
516
516
515
514
513
513
512
511
510
509
509
508
507
506
505
505
504
503
502
502
501
500
499
498
498
497
496
495
495
494
493
492
492
491
490
489
489
488
487
486
486
485
484
483
483
482
481
480
480
479
478
478
477
476
475
475
474
473
472
472
471
470
470
469
468
467
467
466
465
465
464
463
462
462
461
460
460
459
458
458
457
456
455
455
454
453
453
452
451
451
450
449
449
448
447
447
446
445
444
444
443
442
442
441
440
440
439
438
438
437
436
436
435
434
434
433
433
432
431
431
430
429
429
428
427
427
426
425
425
424
423
423
422
422
421
420
420
419
418
418
417
416
416
415
415
414
413
413
412
411
411
410
410
409
408
408
407
407
406
405
405
404
404
403
402
402
401
401
400
399
399
398
398
397
396
396
395
395
394
393
393
392
392
391
390
390
389
389
388
388
387
386
386
385
385
384
383
383
382
382
381
381
380
379
379
378
378
377
377
376
376
375
374
374
373
373
372
372
371
371
370
369
369
368
368
367
367
366
366
365
364
364
363
363
362
362
361
361
360
360
359
359
358
358
357
356
356
355
355
354
354
353
353
352
352
351
351
350
350
349
349
348
348
347
347
346
345
345
344
344
343
343
342
342
341
341
340
340
339
339
338
338
337
337
336
336
335
335
334
334
333
333
332
332
331
331
330
330
329
329
328
328
328
327
327
326
326
325
325
324
324
323
323
322
322
321
321
320
320
319
319
318
318
317
317
316
316
315
315
315
314
314
313
313
312
312
311
311
310
310
309
309
309
308
308
307
307
306
306
305
305
304
304
303
303
303
302
302
301
301
300
300
299
299
299
298
298
297
297
296
296
295
295
295
294
294
293
293
292
292
292
291
291
290
290
289
289
289
288
288
287
287
286
286
286
285
285
284
284
283
283
283
282
282
281
281
281
280
280
279
279
278
278
278
277
277
276
276
276
275
275
274
274
274
273
273
272
272
272
271
271
270
270
270
269
269
268
268
268
267
267
266
266
266
265
265
264
264
264
263
263
263
262
262
261
261
261
260
260
260
259
259
258
258
258
257
257
256
256
256
255
255
255
254
254
253
253
253
252
252
252
251
251
251
250
250
249
249
249
248
248
248
247
247
247
246
246
245
245
245
244
244
244
243
243
243
242
242
242
241
241
241
240
240
239
239
239
238
238
238
237
237
237
236
236
236
235
235
235
234
234
234
233
233
233
232
232
232
231
231
231
230
230
230
229
229
229
228
228
228
227
227
227
226
226
226
225
225
225
224
224
224
223
223
223
222
222
222
221
221
221
220
220
220
219
219
219
219
218
218
218
217
217
217
216
216
216
215
215
215
214
214
214
214
213
213
213
212
212
212
211
211
211
210
210
210
210
209
209
209
208
208
208
207
207
207
207
206
206
206
205
205
205
205
204
204
204
203
203
203
202
202
202
202
201
201
201
200
200
200
200
199
199
199
198
198
198
198
197
197
197
196
196
196
196
195
195
195
195
194
194
194
193
193
193
193
192
192
192
191
191
191
191
190
190
190
190
189
189
189
188
188
188
188
187
187
187
187
186
186
186
186
185
185
185
184
184
184
184
183
183
183
183
182
182
182
182
181
181
181
181
180
180
180
180
179
179
179
179
178
178
178
178
177
177
177
177
176
176
176
175
175
175
175
174
174
174
174
174
173
173
173
173
172
172
172
172
171
171
171
171
170
170
170
170
169
169
169
169
168
168
168
168
168
167
167
167
167
166
166
166
166
165
165
165
165
165
164
164
164
164
163
163
163
163
162
162
162
162
162
161
161
161
161
160
160
160
160
160
159
159
159
159
158
158
158
158
158
157
157
157
157
156
156
156
156
156
155
155
155
155
154
154
154
154
154
153
153
153
153
153
152
152
152
152
152
151
151
151
151
150
150
150
150
150
149
149
149
149
149
148
148
148
148
148
147
147
147
147
147
146
146
146
146
146
145
145
145
145
145
144
144
144
144
144
143
143
143
143
143
142
142
142
142
142
141
141
141
141
141
140
140
140
140
140
139
139
139
139
139
138
138
138
138
138
137
137
137
137
137
137
136
136
136
136
136
135
135
135
135
135
134
134
134
134
134
134
133
133
133
133
133
132
132
132
132
132
132
131
131
131
131
131
130
130
130
130
130
130
129
129
129
129
129
129
128
128
128
128
128
127
127
127
127
127
127
126
126
126
126
126
126
125
125
125
125
125
125
124
124
124
124
124
124
123
123
123
123
123
123
122
122
122
122
122
121
121
121
121
121
121
121
120
120
120
120
120
120
119
119
119
119
119
119
118
118
118
118
118
118
117
117
117
117
117
117
116
116
116
116
116
116
116
115
115
115
115
115
115
114
114
114
114
114
114
113
113
113
113
113
113
113
112
112
112
112
112
112
111
111
111
111
111
111
111
110
110
110
110
110
110
110
109
109
109
109
109
109
109
108
108
108
108
108
108
107
107
107
107
107
107
107
106
106
106
106
106
106
106
105
105
105
105
105
105
105
104
104
104
104
104
104
104
103
103
103
103
103
103
103
103
102
102
102
102
102
102
102
101
101
101
101
101
101
101
100
100
100
100
99.9
99.8
99.6
99.5
99.4
99.2
99.1
99
98.8
98.7
98.6
98.4
98.3
98.2
98
97.9
97.8
97.6
97.5
97.4
97.3
97.1
97
96.9
96.7
96.6
96.5
96.3
96.2
96.1
96
95.8
95.7
95.6
95.4
95.3
95.2
95.1
94.9
94.8
94.7
94.5
94.4
94.3
94.2
94
93.9
93.8
93.7
93.5
93.4
93.3
93.2
93
92.9
92.8
92.7
92.5
92.4
92.3
92.2
92
91.9
91.8
91.7
91.5
91.4
91.3
91.2
91.1
90.9
90.8
90.7
90.6
90.4
90.3
90.2
90.1
90
89.8
89.7
89.6
89.5
89.4
89.2
89.1
89
88.9
88.8
88.6
88.5
88.4
88.3
88.2
88.1
87.9
87.8
87.7
87.6
87.5
87.4
87.2
87.1
87
86.9
86.8
86.7
86.5
86.4
86.3
86.2
86.1
86
85.8
85.7
85.6
85.5
85.4
85.3
85.2
85
84.9
84.8
84.7
84.6
84.5
84.4
84.3
84.1
84
83.9
83.8
83.7
83.6
83.5
83.4
83.3
83.1
83
82.9
82.8
82.7
82.6
82.5
82.4
82.3
82.2
82
81.9
81.8
81.7
81.6
81.5
81.4
81.3
81.2
81.1
81
80.8
80.7
80.6
80.5
80.4
80.3
80.2
80.1
80
79.9
79.8
79.7
79.6
79.5
79.4
79.3
79.1
79
78.9
78.8
78.7
78.6
78.5
78.4
78.3
78.2
78.1
78
77.9
77.8
77.7
77.6
77.5
77.4
77.3
77.2
77.1
77
76.9
76.8
76.7
76.6
76.5
76.4
76.3
76.2
76.1
76
75.9
75.8
75.7
75.6
75.5
75.4
75.3
75.2
75.1
75
74.9
74.8
74.7
74.6
74.5
74.4
74.3
74.2
74.1
74
73.9
73.8
73.7
73.6
73.5
73.4
73.3
73.2
73.1
73
72.9
72.8
72.7
72.6
72.5
72.4
72.3
72.2
72.1
72.1
72
71.9
71.8
71.7
71.6
71.5
71.4
71.3
71.2
71.1
71
70.9
70.8
70.7
70.6
70.5
70.5
70.4
70.3
70.2
70.1
70
69.9
69.8
69.7
69.6
69.5
69.4
69.4
69.3
69.2
69.1
69
68.9
68.8
68.7
68.6
68.5
68.4
68.4
68.3
68.2
68.1
68
67.9
67.8
67.7
67.6
67.6
67.5
67.4
67.3
67.2
67.1
67
66.9
66.8
66.8
66.7
66.6
66.5
66.4
66.3
66.2
66.1
66.1
66
65.9
65.8
65.7
65.6
65.5
65.5
65.4
65.3
65.2
65.1
65
64.9
64.9
64.8
64.7
64.6
64.5
64.4
64.3
64.3
64.2
64.1
64
63.9
63.8
63.8
63.7
63.6
63.5
63.4
63.3
63.3
63.2
63.1
63
62.9
62.8
62.8
62.7
62.6
62.5
62.4
62.4
62.3
62.2
62.1
62
62
61.9
61.8
61.7
61.6
61.5
61.5
61.4
61.3
61.2
61.1
61.1
61
60.9
60.8
60.7
60.7
60.6
60.5
60.4
60.4
60.3
60.2
60.1
60
60
59.9
59.8
59.7
59.6
59.6
59.5
59.4
59.3
59.3
59.2
59.1
59
59
58.9
58.8
58.7
58.6
58.6
58.5
58.4
58.3
58.3
58.2
58.1
58
58
57.9
57.8
57.7
57.7
57.6
57.5
57.4
57.4
57.3
57.2
57.1
57.1
57
56.9
56.8
56.8
56.7
56.6
56.5
56.5
56.4
56.3
56.3
56.2
56.1
56
56
55.9
55.8
55.7
55.7
55.6
55.5
55.5
55.4
55.3
55.2
55.2
55.1
55
54.9
54.9
54.8
54.7
54.7
54.6
54.5
54.5
54.4
54.3
54.2
54.2
54.1
54
54
53.9
53.8
53.7
53.7
53.6
53.5
53.5
53.4
53.3
53.3
53.2
53.1
53.1
53
52.9
52.9
52.8
52.7
52.6
52.6
52.5
52.4
52.4
52.3
52.2
52.2
52.1
52
52
51.9
51.8
51.8
51.7
51.6
51.6
51.5
51.4
51.4
51.3
51.2
51.2
51.1
51
51
50.9
50.8
50.8
50.7
50.6
50.6
50.5
50.4
50.4
50.3
50.2
50.2
50.1
50.1
50
49.9
49.9
49.8
49.7
49.7
49.6
49.5
49.5
49.4
49.3
49.3
49.2
49.2
49.1
49
49
48.9
48.8
48.8
48.7
48.6
48.6
48.5
48.5
48.4
48.3
48.3
48.2
48.1
48.1
48
48
47.9
47.8
47.8
47.7
47.7
47.6
47.5
47.5
47.4
47.3
47.3
47.2
47.2
47.1
47
47
46.9
46.9
46.8
46.7
46.7
46.6
46.6
46.5
46.4
46.4
46.3
46.3
46.2
46.1
46.1
46
46
45.9
45.8
45.8
45.7
45.7
45.6
45.6
45.5
45.4
45.4
45.3
45.3
45.2
45.1
45.1
45
45
44.9
44.9
44.8
44.7
44.7
44.6
44.6
44.5
44.5
44.4
44.3
44.3
44.2
44.2
44.1
44.1
44
43.9
43.9
43.8
43.8
43.7
43.7
43.6
43.5
43.5
43.4
43.4
43.3
43.3
43.2
43.2
43.1
43
43
42.9
42.9
42.8
42.8
42.7
42.7
42.6
42.6
42.5
42.4
42.4
42.3
42.3
42.2
42.2
42.1
42.1
42
42
41.9
41.9
41.8
41.7
41.7
41.6
41.6
41.5
41.5
41.4
41.4
41.3
41.3
41.2
41.2
41.1
41.1
41
40.9
40.9
40.8
40.8
40.7
40.7
40.6
40.6
40.5
40.5
40.4
40.4
40.3
40.3
40.2
40.2
40.1
40.1
40
40
39.9
39.9
39.8
39.8
39.7
39.7
39.6
39.6
39.5
39.5
39.4
39.4
39.3
39.3
39.2
39.2
39.1
39.1
39
39
38.9
38.9
38.8
38.8
38.7
38.7
38.6
38.6
38.5
38.5
38.4
38.4
38.3
38.3
38.2
38.2
38.1
38.1
38
38
37.9
37.9
37.8
37.8
37.7
37.7
37.6
37.6
37.5
37.5
37.4
37.4
37.4
37.3
37.3
37.2
37.2
37.1
37.1
37
37
36.9
36.9
36.8
36.8
36.7
36.7
36.6
36.6
36.5
36.5
36.5
36.4
36.4
36.3
36.3
36.2
36.2
36.1
36.1
36
36
35.9
35.9
35.9
35.8
35.8
35.7
35.7
35.6
35.6
35.5
35.5
35.4
35.4
35.4
35.3
35.3
35.2
35.2
35.1
35.1
35
35
35
34.9
34.9
34.8
34.8
34.7
34.7
34.6
34.6
34.6
34.5
34.5
34.4
34.4
34.3
34.3
34.3
34.2
34.2
34.1
34.1
34
34
34
33.9
33.9
33.8
33.8
33.7
33.7
33.7
33.6
33.6
33.5
33.5
33.4
33.4
33.4
33.3
33.3
33.2
33.2
33.1
33.1
33.1
33
33
32.9
32.9
32.8
32.8
32.8
32.7
32.7
32.6
32.6
32.6
32.5
32.5
32.4
32.4
32.4
32.3
32.3
32.2
32.2
32.1
32.1
32.1
32
32
31.9
31.9
31.9
31.8
31.8
31.7
31.7
31.7
31.6
31.6
31.5
31.5
31.5
31.4
31.4
31.3
31.3
31.3
31.2
31.2
31.1
31.1
31.1
31
31
31
30.9
30.9
30.8
30.8
30.8
30.7
30.7
30.6
30.6
30.6
30.5
30.5
30.4
30.4
30.4
30.3
30.3
30.3
30.2
30.2
30.1
30.1
30.1
30
30
30
29.9
29.9
29.8
29.8
29.8
29.7
29.7
29.7
29.6
29.6
29.5
29.5
29.5
29.4
29.4
29.4
29.3
29.3
29.2
29.2
29.2
29.1
29.1
29.1
29
29
28.9
28.9
28.9
28.8
28.8
28.8
28.7
28.7
28.7
28.6
28.6
28.5
28.5
28.5
28.4
28.4
28.4
28.3
28.3
28.3
28.2
28.2
28.2
28.1
28.1
28.1
28
28
27.9
27.9
27.9
27.8
27.8
27.8
27.7
27.7
27.7
27.6
27.6
27.6
27.5
27.5
27.5
27.4
27.4
27.4
27.3
27.3
27.3
27.2
27.2
27.1
27.1
27.1
27
27
27
26.9
26.9
26.9
26.8
26.8
26.8
26.7
26.7
26.7
26.6
26.6
26.6
26.5
26.5
26.5
26.4
26.4
26.4
26.3
26.3
26.3
26.2
26.2
26.2
26.1
26.1
26.1
26
26
26
25.9
25.9
25.9
25.8
25.8
25.8
25.8
25.7
25.7
25.7
25.6
25.6
25.6
25.5
25.5
25.5
25.4
25.4
25.4
25.3
25.3
25.3
25.2
25.2
25.2
25.1
25.1
25.1
25.1
25
25
25
24.9
24.9
24.9
24.8
24.8
24.8
24.7
24.7
24.7
24.6
24.6
24.6
24.6
24.5
24.5
24.5
24.4
24.4
24.4
24.3
24.3
24.3
24.2
24.2
24.2
24.2
24.1
24.1
24.1
24
24
24
23.9
23.9
23.9
23.9
23.8
23.8
23.8
23.7
23.7
23.7
23.7
23.6
23.6
23.6
23.5
23.5
23.5
23.4
23.4
23.4
23.4
23.3
23.3
23.3
23.2
23.2
23.2
23.2
23.1
23.1
23.1
23
23
23
23
22.9
22.9
22.9
22.8
22.8
22.8
22.8
22.7
22.7
22.7
22.6
22.6
22.6
22.6
22.5
22.5
22.5
22.4
22.4
22.4
22.4
22.3
22.3
22.3
22.2
22.2
22.2
22.2
22.1
22.1
22.1
22.1
22
22
22
21.9
21.9
21.9
21.9
21.8
21.8
21.8
21.8
21.7
21.7
21.7
21.6
21.6
21.6
21.6
21.5
21.5
21.5
21.5
21.4
21.4
21.4
21.3
21.3
21.3
21.3
21.2
21.2
21.2
21.2
21.1
21.1
21.1
21.1
21
21
21
21
20.9
20.9
20.9
20.9
20.8
20.8
20.8
20.7
20.7
20.7
20.7
20.6
20.6
20.6
20.6
20.5
20.5
20.5
20.5
20.4
20.4
20.4
20.4
20.3
20.3
20.3
20.3
20.2
20.2
20.2
20.2
20.1
20.1
20.1
20.1
20
20
20
20
19.9
19.9
19.9
19.9
19.8
19.8
19.8
19.8
19.7
19.7
19.7
19.7
19.6
19.6
19.6
19.6
19.5
19.5
19.5
19.5
19.4
19.4
19.4
19.4
19.4
19.3
19.3
19.3
19.3
19.2
19.2
19.2
19.2
19.1
19.1
19.1
19.1
19
19
19
19
18.9
18.9
18.9
18.9
18.9
18.8
18.8
18.8
18.8
18.7
18.7
18.7
18.7
18.6
18.6
18.6
18.6
18.6
18.5
18.5
18.5
18.5
18.4
18.4
18.4
18.4
18.3
18.3
18.3
18.3
18.3
18.2
18.2
18.2
18.2
18.1
18.1
18.1
18.1
18.1
18
18
18
18
17.9
17.9
17.9
17.9
17.9
17.8
17.8
17.8
17.8
17.7
17.7
17.7
17.7
17.7
17.6
17.6
17.6
17.6
17.5
17.5
17.5
17.5
17.5
17.4
17.4
17.4
17.4
17.4
17.3
17.3
17.3
17.3
17.2
17.2
17.2
17.2
17.2
17.1
17.1
17.1
17.1
17.1
17
17
17
17
17
16.9
16.9
16.9
16.9
16.8
16.8
16.8
16.8
16.8
16.7
16.7
16.7
16.7
16.7
16.6
16.6
16.6
16.6
16.6
16.5
16.5
16.5
16.5
16.5
16.4
16.4
16.4
16.4
16.4
16.3
16.3
16.3
16.3
16.3
16.2
16.2
16.2
16.2
16.2
16.1
16.1
16.1
16.1
16.1
16
16
16
16
16
15.9
15.9
15.9
15.9
15.9
15.8
15.8
15.8
15.8
15.8
15.7
15.7
15.7
15.7
15.7
15.6
15.6
15.6
15.6
15.6
15.5
15.5
15.5
15.5
15.5
15.5
15.4
15.4
15.4
15.4
15.4
15.3
15.3
15.3
15.3
15.3
15.2
15.2
15.2
15.2
15.2
15.2
15.1
15.1
15.1
15.1
15.1
15
15
15
15
15
14.9
14.9
14.9
14.9
14.9
14.9
14.8
14.8
14.8
14.8
14.8
14.7
14.7
14.7
14.7
14.7
14.7
14.6
14.6
14.6
14.6
14.6
14.6
14.5
14.5
14.5
14.5
14.5
14.4
14.4
14.4
14.4
14.4
14.4
14.3
14.3
14.3
14.3
14.3
14.3
14.2
14.2
14.2
14.2
14.2
14.1
14.1
14.1
14.1
14.1
14.1
14
14
14
14
14
14
13.9
13.9
13.9
13.9
13.9
13.9
13.8
13.8
13.8
13.8
13.8
13.8
13.7
13.7
13.7
13.7
13.7
13.7
13.6
13.6
13.6
13.6
13.6
13.6
13.5
13.5
13.5
13.5
13.5
13.5
13.4
13.4
13.4
13.4
13.4
13.4
13.3
13.3
13.3
13.3
13.3
13.3
13.2
13.2
13.2
13.2
13.2
13.2
13.1
13.1
13.1
13.1
13.1
13.1
13
13
13
13
13
13
13
12.9
12.9
12.9
12.9
12.9
12.9
12.8
12.8
12.8
12.8
12.8
12.8
12.7
12.7
12.7
12.7
12.7
12.7
12.7
12.6
12.6
12.6
12.6
12.6
12.6
12.5
12.5
12.5
12.5
12.5
12.5
12.5
12.4
12.4
12.4
12.4
12.4
12.4
12.3
12.3
12.3
12.3
12.3
12.3
12.3
12.2
12.2
12.2
12.2
12.2
12.2
12.2
12.1
12.1
12.1
12.1
12.1
12.1
12
12
12
12
12
12
12
11.9
11.9
11.9
11.9
11.9
11.9
11.9
11.8
11.8
11.8
11.8
11.8
11.8
11.8
11.7
11.7
11.7
11.7
11.7
11.7
11.7
11.6
11.6
11.6
11.6
11.6
11.6
11.6
11.5
11.5
11.5
11.5
11.5
11.5
11.5
11.4
11.4
11.4
11.4
11.4
11.4
11.4
11.4
11.3
11.3
11.3
11.3
11.3
11.3
11.3
11.2
11.2
11.2
11.2
11.2
11.2
11.2
11.1
11.1
11.1
11.1
11.1
11.1
11.1
11.1
11
11
11
11
11
11
11
10.9
10.9
10.9
10.9
10.9
10.9
10.9
10.9
10.8
10.8
10.8
10.8
10.8
10.8
10.8
10.7
10.7
10.7
10.7
10.7
10.7
10.7
10.7
10.6
10.6
10.6
10.6
10.6
10.6
10.6
10.6
10.5
10.5
10.5
10.5
10.5
10.5
10.5
10.4
10.4
10.4
10.4
10.4
10.4
10.4
10.4
10.3
10.3
10.3
10.3
10.3
10.3
10.3
10.3
10.2
10.2
10.2
10.2
10.2
10.2
10.2
10.2
10.1
10.1
10.1
10.1
10.1
10.1
10.1
10.1
10.1
10
10
10
10
9.99
9.98
9.97
9.95
9.94
9.93
9.92
9.91
9.89
9.88
9.87
9.86
9.85
9.83
9.82
9.81
9.8
9.79
9.77
9.76
9.75
9.74
9.73
9.71
9.7
9.69
9.68
9.67
9.66
9.64
9.63
9.62
9.61
9.6
9.59
9.57
9.56
9.55
9.54
9.53
9.52
9.51
9.49
9.48
9.47
9.46
9.45
9.44
9.42
9.41
9.4
9.39
9.38
9.37
9.36
9.35
9.33
9.32
9.31
9.3
9.29
9.28
9.27
9.26
9.24
9.23
9.22
9.21
9.2
9.19
9.18
9.17
9.15
9.14
9.13
9.12
9.11
9.1
9.09
9.08
9.07
9.06
9.04
9.03
9.02
9.01
9
8.99
8.98
8.97
8.96
8.95
8.94
8.93
8.91
8.9
8.89
8.88
8.87
8.86
8.85
8.84
8.83
8.82
8.81
8.8
8.79
8.78
8.76
8.75
8.74
8.73
8.72
8.71
8.7
8.69
8.68
8.67
8.66
8.65
8.64
8.63
8.62
8.61
8.6
8.59
8.58
8.57
8.56
8.55
8.53
8.52
8.51
8.5
8.49
8.48
8.47
8.46
8.45
8.44
8.43
8.42
8.41
8.4
8.39
8.38
8.37
8.36
8.35
8.34
8.33
8.32
8.31
8.3
8.29
8.28
8.27
8.26
8.25
8.24
8.23
8.22
8.21
8.2
8.19
8.18
8.17
8.16
8.15
8.14
8.13
8.12
8.11
8.1
8.09
8.08
8.07
8.06
8.05
8.04
8.03
8.03
8.02
8.01
8
7.99
7.98
7.97
7.96
7.95
7.94
7.93
7.92
7.91
7.9
7.89
7.88
7.87
7.86
7.85
7.84
7.83
7.82
7.82
7.81
7.8
7.79
7.78
7.77
7.76
7.75
7.74
7.73
7.72
7.71
7.7
7.69
7.68
7.68
7.67
7.66
7.65
7.64
7.63
7.62
7.61
7.6
7.59
7.58
7.57
7.56
7.56
7.55
7.54
7.53
7.52
7.51
7.5
7.49
7.48
7.47
7.47
7.46
7.45
7.44
7.43
7.42
7.41
7.4
7.39
7.38
7.38
7.37
7.36
7.35
7.34
7.33
7.32
7.31
7.31
7.3
7.29
7.28
7.27
7.26
7.25
7.24
7.24
7.23
7.22
7.21
7.2
7.19
7.18
7.17
7.17
7.16
7.15
7.14
7.13
7.12
7.11
7.11
7.1
7.09
7.08
7.07
7.06
7.06
7.05
7.04
7.03
7.02
7.01
7
7
6.99
6.98
6.97
6.96
6.95
6.95
6.94
6.93
6.92
6.91
6.9
6.9
6.89
6.88
6.87
6.86
6.85
6.85
6.84
6.83
6.82
6.81
6.81
6.8
6.79
6.78
6.77
6.76
6.76
6.75
6.74
6.73
6.72
6.72
6.71
6.7
6.69
6.68
6.68
6.67
6.66
6.65
6.64
6.64
6.63
6.62
6.61
6.6
6.6
6.59
6.58
6.57
6.56
6.56
6.55
6.54
6.53
6.53
6.52
6.51
6.5
6.49
6.49
6.48
6.47
6.46
6.46
6.45
6.44
6.43
6.42
6.42
6.41
6.4
6.39
6.39
6.38
6.37
6.36
6.36
6.35
6.34
6.33
6.33
6.32
6.31
6.3
6.29
6.29
6.28
6.27
6.26
6.26
6.25
6.24
6.23
6.23
6.22
6.21
6.21
6.2
6.19
6.18
6.18
6.17
6.16
6.15
6.15
6.14
6.13
6.12
6.12
6.11
6.1
6.09
6.09
6.08
6.07
6.07
6.06
6.05
6.04
6.04
6.03
6.02
6.01
6.01
6
5.99
5.99
5.98
5.97
5.96
5.96
5.95
5.94
5.94
5.93
5.92
5.91
5.91
5.9
5.89
5.89
5.88
5.87
5.87
5.86
5.85
5.84
5.84
5.83
5.82
5.82
5.81
5.8
5.8
5.79
5.78
5.78
5.77
5.76
5.75
5.75
5.74
5.73
5.73
5.72
5.71
5.71
5.7
5.69
5.69
5.68
5.67
5.67
5.66
5.65
5.65
5.64
5.63
5.63
5.62
5.61
5.61
5.6
5.59
5.59
5.58
5.57
5.57
5.56
5.55
5.55
5.54
5.53
5.53
5.52
5.51
5.51
5.5
5.49
5.49
5.48
5.47
5.47
5.46
5.45
5.45
5.44
5.43
5.43
5.42
5.41
5.41
5.4
5.4
5.39
5.38
5.38
5.37
5.36
5.36
5.35
5.34
5.34
5.33
5.32
5.32
5.31
5.31
5.3
5.29
5.29
5.28
5.27
5.27
5.26
5.26
5.25
5.24
5.24
5.23
5.22
5.22
5.21
5.21
5.2
5.19
5.19
5.18
5.17
5.17
5.16
5.16
5.15
5.14
5.14
5.13
5.13
5.12
5.11
5.11
5.1
5.09
5.09
5.08
5.08
5.07
5.06
5.06
5.05
5.05
5.04
5.03
5.03
5.02
5.02
5.01
5
5
4.99
4.99
4.98
4.97
4.97
4.96
4.96
4.95
4.95
4.94
4.93
4.93
4.92
4.92
4.91
4.9
4.9
4.89
4.89
4.88
4.88
4.87
4.86
4.86
4.85
4.85
4.84
4.83
4.83
4.82
4.82
4.81
4.81
4.8
4.79
4.79
4.78
4.78
4.77
4.77
4.76
4.75
4.75
4.74
4.74
4.73
4.73
4.72
4.72
4.71
4.7
4.7
4.69
4.69
4.68
4.68
4.67
4.67
4.66
4.65
4.65
4.64
4.64
4.63
4.63
4.62
4.62
4.61
4.6
4.6
4.59
4.59
4.58
4.58
4.57
4.57
4.56
4.56
4.55
4.54
4.54
4.53
4.53
4.52
4.52
4.51
4.51
4.5
4.5
4.49
4.49
4.48
4.48
4.47
4.46
4.46
4.45
4.45
4.44
4.44
4.43
4.43
4.42
4.42
4.41
4.41
4.4
4.4
4.39
4.39
4.38
4.38
4.37
4.36
4.36
4.35
4.35
4.34
4.34
4.33
4.33
4.32
4.32
4.31
4.31
4.3
4.3
4.29
4.29
4.28
4.28
4.27
4.27
4.26
4.26
4.25
4.25
4.24
4.24
4.23
4.23
4.22
4.22
4.21
4.21
4.2
4.2
4.19
4.19
4.18
4.18
4.17
4.17
4.16
4.16
4.15
4.15
4.14
4.14
4.13
4.13
4.12
4.12
4.11
4.11
4.1
4.1
4.09
4.09
4.08
4.08
4.07
4.07
4.06
4.06
4.06
4.05
4.05
4.04
4.04
4.03
4.03
4.02
4.02
4.01
4.01
4
4
3.99
3.99
3.98
3.98
3.97
3.97
3.97
3.96
3.96
3.95
3.95
3.94
3.94
3.93
3.93
3.92
3.92
3.91
3.91
3.9
3.9
3.9
3.89
3.89
3.88
3.88
3.87
3.87
3.86
3.86
3.85
3.85
3.84
3.84
3.84
3.83
3.83
3.82
3.82
3.81
3.81
3.8
3.8
3.8
3.79
3.79
3.78
3.78
3.77
3.77
3.76
3.76
3.75
3.75
3.75
3.74
3.74
3.73
3.73
3.72
3.72
3.72
3.71
3.71
3.7
3.7
3.69
3.69
3.68
3.68
3.68
3.67
3.67
3.66
3.66
3.65
3.65
3.65
3.64
3.64
3.63
3.63
3.62
3.62
3.62
3.61
3.61
3.6
3.6
3.59
3.59
3.59
3.58
3.58
3.57
3.57
3.56
3.56
3.56
3.55
3.55
3.54
3.54
3.54
3.53
3.53
3.52
3.52
3.51
3.51
3.51
3.5
3.5
3.49
3.49
3.49
3.48
3.48
3.47
3.47
3.46
3.46
3.46
3.45
3.45
3.44
3.44
3.44
3.43
3.43
3.42
3.42
3.42
3.41
3.41
3.4
3.4
3.4
3.39
3.39
3.38
3.38
3.38
3.37
3.37
3.36
3.36
3.36
3.35
3.35
3.34
3.34
3.34
3.33
3.33
3.32
3.32
3.32
3.31
3.31
3.3
3.3
3.3
3.29
3.29
3.29
3.28
3.28
3.27
3.27
3.27
3.26
3.26
3.25
3.25
3.25
3.24
3.24
3.24
3.23
3.23
3.22
3.22
3.22
3.21
3.21
3.21
3.2
3.2
3.19
3.19
3.19
3.18
3.18
3.18
3.17
3.17
3.16
3.16
3.16
3.15
3.15
3.15
3.14
3.14
3.13
3.13
3.13
3.12
3.12
3.12
3.11
3.11
3.1
3.1
3.1
3.09
3.09
3.09
3.08
3.08
3.08
3.07
3.07
3.06
3.06
3.06
3.05
3.05
3.05
3.04
3.04
3.04
3.03
3.03
3.03
3.02
3.02
3.01
3.01
3.01
3
3
3
2.99
2.99
2.99
2.98
2.98
2.98
2.97
2.97
2.97
2.96
2.96
2.95
2.95
2.95
2.94
2.94
2.94
2.93
2.93
2.93
2.92
2.92
2.92
2.91
2.91
2.91
2.9
2.9
2.9
2.89
2.89
2.89
2.88
2.88
2.88
2.87
2.87
2.87
2.86
2.86
2.86
2.85
2.85
2.85
2.84
2.84
2.84
2.83
2.83
2.83
2.82
2.82
2.82
2.81
2.81
2.81
2.8
2.8
2.8
2.79
2.79
2.79
2.78
2.78
2.78
2.77
2.77
2.77
2.76
2.76
2.76
2.75
2.75
2.75
2.74
2.74
2.74
2.73
2.73
2.73
2.72
2.72
2.72
2.72
2.71
2.71
2.71
2.7
2.7
2.7
2.69
2.69
2.69
2.68
2.68
2.68
2.67
2.67
2.67
2.66
2.66
2.66
2.66
2.65
2.65
2.65
2.64
2.64
2.64
2.63
2.63
2.63
2.62
2.62
2.62
2.61
2.61
2.61
2.61
2.6
2.6
2.6
2.59
2.59
2.59
2.58
2.58
2.58
2.58
2.57
2.57
2.57
2.56
2.56
2.56
2.55
2.55
2.55
2.55
2.54
2.54
2.54
2.53
2.53
2.53
2.52
2.52
2.52
2.52
2.51
2.51
2.51
2.5
2.5
2.5
2.49
2.49
2.49
2.49
2.48
2.48
2.48
2.47
2.47
2.47
2.47
2.46
2.46
2.46
2.45
2.45
2.45
2.45
2.44
2.44
2.44
2.43
2.43
2.43
2.43
2.42
2.42
2.42
2.41
2.41
2.41
2.41
2.4
2.4
2.4
2.39
2.39
2.39
2.39
2.38
2.38
2.38
2.38
2.37
2.37
2.37
2.36
2.36
2.36
2.36
2.35
2.35
2.35
2.34
2.34
2.34
2.34
2.33
2.33
2.33
2.33
2.32
2.32
2.32
2.31
2.31
2.31
2.31
2.3
2.3
2.3
2.3
2.29
2.29
2.29
2.29
2.28
2.28
2.28
2.27
2.27
2.27
2.27
2.26
2.26
2.26
2.26
2.25
2.25
2.25
2.25
2.24
2.24
2.24
2.23
2.23
2.23
2.23
2.22
2.22
2.22
2.22
2.21
2.21
2.21
2.21
2.2
2.2
2.2
2.2
2.19
2.19
2.19
2.19
2.18
2.18
2.18
2.18
2.17
2.17
2.17
2.17
2.16
2.16
2.16
2.16
2.15
2.15
2.15
2.15
2.14
2.14
2.14
2.14
2.13
2.13
2.13
2.13
2.12
2.12
2.12
2.12
2.11
2.11
2.11
2.11
2.1
2.1
2.1
2.1
2.09
2.09
2.09
2.09
2.08
2.08
2.08
2.08
2.07
2.07
2.07
2.07
2.06
2.06
2.06
2.06
2.05
2.05
2.05
2.05
2.04
2.04
2.04
2.04
2.04
2.03
2.03
2.03
2.03
2.02
2.02
2.02
2.02
2.01
2.01
2.01
2.01
2
2
2
2
2
1.99
1.99
1.99
1.99
1.98
1.98
1.98
1.98
1.97
1.97
1.97
1.97
1.97
1.96
1.96
1.96
1.96
1.95
1.95
1.95
1.95
1.94
1.94
1.94
1.94
1.94
1.93
1.93
1.93
1.93
1.92
1.92
1.92
1.92
1.92
1.91
1.91
1.91
1.91
1.9
1.9
1.9
1.9
1.9
1.89
1.89
1.89
1.89
1.88
1.88
1.88
1.88
1.88
1.87
1.87
1.87
1.87
1.86
1.86
1.86
1.86
1.86
1.85
1.85
1.85
1.85
1.85
1.84
1.84
1.84
1.84
1.83
1.83
1.83
1.83
1.83
1.82
1.82
1.82
1.82
1.82
1.81
1.81
1.81
1.81
1.8
1.8
1.8
1.8
1.8
1.79
1.79
1.79
1.79
1.79
1.78
1.78
1.78
1.78
1.78
1.77
1.77
1.77
1.77
1.77
1.76
1.76
1.76
1.76
1.75
1.75
1.75
1.75
1.75
1.74
1.74
1.74
1.74
1.74
1.73
1.73
1.73
1.73
1.73
1.72
1.72
1.72
1.72
1.72
1.71
1.71
1.71
1.71
1.71
1.7
1.7
1.7
1.7
1.7
1.69
1.69
1.69
1.69
1.69
1.68
1.68
1.68
1.68
1.68
1.68
1.67
1.67
1.67
1.67
1.67
1.66
1.66
1.66
1.66
1.66
1.65
1.65
1.65
1.65
1.65
1.64
1.64
1.64
1.64
1.64
1.63
1.63
1.63
1.63
1.63
1.63
1.62
1.62
1.62
1.62
1.62
1.61
1.61
1.61
1.61
1.61
1.6
1.6
1.6
1.6
1.6
1.6
1.59
1.59
1.59
1.59
1.59
1.58
1.58
1.58
1.58
1.58
1.57
1.57
1.57
1.57
1.57
1.57
1.56
1.56
1.56
1.56
1.56
1.55
1.55
1.55
1.55
1.55
1.55
1.54
1.54
1.54
1.54
1.54
1.54
1.53
1.53
1.53
1.53
1.53
1.52
1.52
1.52
1.52
1.52
1.52
1.51
1.51
1.51
1.51
1.51
1.51
1.5
1.5
1.5
1.5
1.5
1.49
1.49
1.49
1.49
1.49
1.49
1.48
1.48
1.48
1.48
1.48
1.48
1.47
1.47
1.47
1.47
1.47
1.47
1.46
1.46
1.46
1.46
1.46
1.46
1.45
1.45
1.45
1.45
1.45
1.45
1.44
1.44
1.44
1.44
1.44
1.44
1.43
1.43
1.43
1.43
1.43
1.43
1.42
1.42
1.42
1.42
1.42
1.42
1.41
1.41
1.41
1.41
1.41
1.41
1.4
1.4
1.4
1.4
1.4
1.4
1.39
1.39
1.39
1.39
1.39
1.39
1.38
1.38
1.38
1.38
1.38
1.38
1.37
1.37
1.37
1.37
1.37
1.37
1.37
1.36
1.36
1.36
1.36
1.36
1.36
1.35
1.35
1.35
1.35
1.35
1.35
1.34
1.34
1.34
1.34
1.34
1.34
1.34
1.33
1.33
1.33
1.33
1.33
1.33
1.32
1.32
1.32
1.32
1.32
1.32
1.32
1.31
1.31
1.31
1.31
1.31
1.31
1.3
1.3
1.3
1.3
1.3
1.3
1.3
1.29
1.29
1.29
1.29
1.29
1.29
1.29
1.28
1.28
1.28
1.28
1.28
1.28
1.27
1.27
1.27
1.27
1.27
1.27
1.27
1.26
1.26
1.26
1.26
1.26
1.26
1.26
1.25
1.25
1.25
1.25
1.25
1.25
1.25
1.24
1.24
1.24
1.24
1.24
1.24
1.24
1.23
1.23
1.23
1.23
1.23
1.23
1.23
1.22
1.22
1.22
1.22
1.22
1.22
1.22
1.21
1.21
1.21
1.21
1.21
1.21
1.21
1.2
1.2
1.2
1.2
1.2
1.2
1.2
1.19
1.19
1.19
1.19
1.19
1.19
1.19
1.19
1.18
1.18
1.18
1.18
1.18
1.18
1.18
1.17
1.17
1.17
1.17
1.17
1.17
1.17
1.16
1.16
1.16
1.16
1.16
1.16
1.16
1.16
1.15
1.15
1.15
1.15
1.15
1.15
1.15
1.14
1.14
1.14
1.14
1.14
1.14
1.14
1.14
1.13
1.13
1.13
1.13
1.13
1.13
1.13
1.13
1.12
1.12
1.12
1.12
1.12
1.12
1.12
1.11
1.11
1.11
1.11
1.11
1.11
1.11
1.11
1.1
1.1
1.1
1.1
1.1
1.1
1.1
1.1
1.09
1.09
1.09
1.09
1.09
1.09
1.09
1.09
1.08
1.08
1.08
1.08
1.08
1.08
1.08
1.08
1.07
1.07
1.07
1.07
1.07
1.07
1.07
1.07
1.06
1.06
1.06
1.06
1.06
1.06
1.06
1.06
1.05
1.05
1.05
1.05
1.05
1.05
1.05
1.05
1.04
1.04
1.04
1.04
1.04
1.04
1.04
1.04
1.04
1.03
1.03
1.03
1.03
1.03
1.03
1.03
1.03
1.02
1.02
1.02
1.02
1.02
1.02
1.02
1.02
1.02
1.01
1.01
1.01
1.01
1.01
1.01
1.01
1.01
1
1
1
1
1
0.999
0.998
0.997
0.995
0.994
0.993
0.992
0.991
0.99
0.988
0.987
0.986
0.985
0.984
0.983
0.982
0.981
0.979
0.978
0.977
0.976
0.975
0.974
0.973
0.972
0.97
0.969
0.968
0.967
0.966
0.965
0.964
0.963
0.961
0.96
0.959
0.958
0.957
0.956
0.955
0.954
0.953
0.952
0.95
0.949
0.948
0.947
0.946
0.945
0.944
0.943
0.942
0.941
0.94
0.938
0.937
0.936
0.935
0.934
0.933
0.932
0.931
0.93
0.929
0.928
0.927
0.926
0.925
0.923
0.922
0.921
0.92
0.919
0.918
0.917
0.916
0.915
0.914
0.913
0.912
0.911
0.91
0.909
0.908
0.907
0.906
0.904
0.903
0.902
0.901
0.9
0.899
0.898
0.897
0.896
0.895
0.894
0.893
0.892
0.891
0.89
0.889
0.888
0.887
0.886
0.885
0.884
0.883
0.882
0.881
0.88
0.879
0.878
0.877
0.876
0.875
0.874
0.873
0.872
0.871
0.87
0.869
0.868
0.867
0.866
0.865
0.864
0.863
0.862
0.861
0.86
0.859
0.858
0.857
0.856
0.855
0.854
0.853
0.852
0.851
0.85
0.849
0.848
0.847
0.846
0.845
0.844
0.843
0.842
0.841
0.84
0.839
0.838
0.837
0.836
0.835
0.834
0.833
0.832
0.832
0.831
0.83
0.829
0.828
0.827
0.826
0.825
0.824
0.823
0.822
0.821
0.82
0.819
0.818
0.817
0.816
0.815
0.814
0.814
0.813
0.812
0.811
0.81
0.809
0.808
0.807
0.806
0.805
0.804
0.803
0.802
0.801
0.801
0.8
0.799
0.798
0.797
0.796
0.795
0.794
0.793
0.792
0.791
0.79
0.79
0.789
0.788
0.787
0.786
0.785
0.784
0.783
0.782
0.781
0.78
0.78
0.779
0.778
0.777
0.776
0.775
0.774
0.773
0.772
0.772
0.771
0.77
0.769
0.768
0.767
0.766
0.765
0.764
0.764
0.763
0.762
0.761
0.76
0.759
0.758
0.757
0.757
0.756
0.755
0.754
0.753
0.752
0.751
0.751
0.75
0.749
0.748
0.747
0.746
0.745
0.745
0.744
0.743
0.742
0.741
0.74
0.739
0.739
0.738
0.737
0.736
0.735
0.734
0.733
0.733
0.732
0.731
0.73
0.729
0.728
0.728
0.727
0.726
0.725
0.724
0.723
0.723
0.722
0.721
0.72
0.719
0.718
0.718
0.717
0.716
0.715
0.714
0.714
0.713
0.712
0.711
0.71
0.709
0.709
0.708
0.707
0.706
0.705
0.705
0.704
0.703
0.702
0.701
0.701
0.7
0.699
0.698
0.697
0.697
0.696
0.695
0.694
0.693
0.693
0.692
0.691
0.69
0.689
0.689
0.688
0.687
0.686
0.685
0.685
0.684
0.683
0.682
0.681
0.681
0.68
0.679
0.678
0.678
0.677
0.676
0.675
0.674
0.674
0.673
0.672
0.671
0.671
0.67
0.669
0.668
0.668
0.667
0.666
0.665
0.664
0.664
0.663
0.662
0.661
0.661
0.66
0.659
0.658
0.658
0.657
0.656
0.655
0.655
0.654
0.653
0.652
0.652
0.651
0.65
0.649
0.649
0.648
0.647
0.646
0.646
0.645
0.644
0.643
0.643
0.642
0.641
0.64
0.64
0.639
0.638
0.638
0.637
0.636
0.635
0.635
0.634
0.633
0.632
0.632
0.631
0.63
0.63
0.629
0.628
0.627
0.627
0.626
0.625
0.625
0.624
0.623
0.622
0.622
0.621
0.62
0.62
0.619
0.618
0.617
0.617
0.616
0.615
0.615
0.614
0.613
0.612
0.612
0.611
0.61
0.61
0.609
0.608
0.608
0.607
0.606
0.605
0.605
0.604
0.603
0.603
0.602
0.601
0.601
0.6
0.599
0.599
0.598
0.597
0.597
0.596
0.595
0.594
0.594
0.593
0.592
0.592
0.591
0.59
0.59
0.589
0.588
0.588
0.587
0.586
0.586
0.585
0.584
0.584
0.583
0.582
0.582
0.581
0.58
0.58
0.579
0.578
0.578
0.577
0.576
0.576
0.575
0.574
0.574
0.573
0.572
0.572
0.571
0.57
0.57
0.569
0.568
0.568
0.567
0.567
0.566
0.565
0.565
0.564
0.563
0.563
0.562
0.561
0.561
0.56
0.559
0.559
0.558
0.557
0.557
0.556
0.556
0.555
0.554
0.554
0.553
0.552
0.552
0.551
0.551
0.55
0.549
0.549
0.548
0.547
0.547
0.546
0.545
0.545
0.544
0.544
0.543
0.542
0.542
0.541
0.541
0.54
0.539
0.539
0.538
0.537
0.537
0.536
0.536
0.535
0.534
0.534
0.533
0.533
0.532
0.531
0.531
0.53
0.529
0.529
0.528
0.528
0.527
0.526
0.526
0.525
0.525
0.524
0.523
0.523
0.522
0.522
0.521
0.52
0.52
0.519
0.519
0.518
0.517
0.517
0.516
0.516
0.515
0.515
0.514
0.513
0.513
0.512
0.512
0.511
0.51
0.51
0.509
0.509
0.508
0.507
0.507
0.506
0.506
0.505
0.505
0.504
0.503
0.503
0.502
0.502
0.501
0.501
0.5
0.499
0.499
0.498
0.498
0.497
0.497
0.496
0.495
0.495
0.494
0.494
0.493
0.493
0.492
0.491
0.491
0.49
0.49
0.489
0.489
0.488
0.488
0.487
0.486
0.486
0.485
0.485
0.484
0.484
0.483
0.483
0.482
0.481
0.481
0.48
0.48
0.479
0.479
0.478
0.478
0.477
0.477
0.476
0.475
0.475
0.474
0.474
0.473
0.473
0.472
0.472
0.471
0.471
0.47
0.469
0.469
0.468
0.468
0.467
0.467
0.466
0.466
0.465
0.465
0.464
0.464
0.463
0.463
0.462
0.461
0.461
0.46
0.46
0.459
0.459
0.458
0.458
0.457
0.457
0.456
0.456
0.455
0.455
0.454
0.454
0.453
0.453
0.452
0.452
0.451
0.451
0.45
0.45
0.449
0.448
0.448
0.447
0.447
0.446
0.446
0.445
0.445
0.444
0.444
0.443
0.443
0.442
0.442
0.441
0.441
0.44
0.44
0.439
0.439
0.438
0.438
0.437
0.437
0.436
0.436
0.435
0.435
0.434
0.434
0.433
0.433
0.432
0.432
0.431
0.431
0.43
0.43
0.429
0.429
0.428
0.428
0.427
0.427
0.426
0.426
0.425
0.425
0.425
0.424
0.424
0.423
0.423
0.422
0.422
0.421
0.421
0.42
0.42
0.419
0.419
0.418
0.418
0.417
0.417
0.416
0.416
0.415
0.415
0.414
0.414
0.414
0.413
0.413
0.412
0.412
0.411
0.411
0.41
0.41
0.409
0.409
0.408
0.408
0.407
0.407
0.406
0.406
0.406
0.405
0.405
0.404
0.404
0.403
0.403
0.402
0.402
0.401
0.401
0.4
0.4
0.4
0.399
0.399
0.398
0.398
0.397
0.397
0.396
0.396
0.395
0.395
0.395
0.394
0.394
0.393
0.393
0.392
0.392
0.391
0.391
0.391
0.39
0.39
0.389
0.389
0.388
0.388
0.387
0.387
0.387
0.386
0.386
0.385
0.385
0.384
0.384
0.383
0.383
0.383
0.382
0.382
0.381
0.381
0.38
0.38
0.38
0.379
0.379
0.378
0.378
0.377
0.377
0.377
0.376
0.376
0.375
0.375
0.374
0.374
0.374
0.373
0.373
0.372
0.372
0.371
0.371
0.371
0.37
0.37
0.369
0.369
0.368
0.368
0.368
0.367
0.367
0.366
0.366
0.365
0.365
0.365
0.364
0.364
0.363
0.363
0.363
0.362
0.362
0.361
0.361
0.361
0.36
0.36
0.359
0.359
0.358
0.358
0.358
0.357
0.357
0.356
0.356
0.356
0.355
0.355
0.354
0.354
0.354
0.353
0.353
0.352
0.352
0.352
0.351
0.351
0.35
0.35
0.35
0.349
0.349
0.348
0.348
0.348
0.347
0.347
0.346
0.346
0.346
0.345
0.345
0.344
0.344
0.344
0.343
0.343
0.342
0.342
0.342
0.341
0.341
0.34
0.34
0.34
0.339
0.339
0.339
0.338
0.338
0.337
0.337
0.337
0.336
0.336
0.335
0.335
0.335
0.334
0.334
0.334
0.333
0.333
0.332
0.332
0.332
0.331
0.331
0.331
0.33
0.33
0.329
0.329
0.329
0.328
0.328
0.328
0.327
0.327
0.326
0.326
0.326
0.325
0.325
0.325
0.324
0.324
0.323
0.323
0.323
0.322
0.322
0.322
0.321
0.321
0.32
0.32
0.32
0.319
0.319
0.319
0.318
0.318
0.318
0.317
0.317
0.316
0.316
0.316
0.315
0.315
0.315
0.314
0.314
0.314
0.313
0.313
0.313
0.312
0.312
0.311
0.311
0.311
0.31
0.31
0.31
0.309
0.309
0.309
0.308
0.308
0.308
0.307
0.307
0.307
0.306
0.306
0.305
0.305
0.305
0.304
0.304
0.304
0.303
0.303
0.303
0.302
0.302
0.302
0.301
0.301
0.301
0.3
0.3
0.3
0.299
0.299
0.299
0.298
0.298
0.298
0.297
0.297
0.297
0.296
0.296
0.296
0.295
0.295
0.295
0.294
0.294
0.294
0.293
0.293
0.293
0.292
0.292
0.292
0.291
0.291
0.291
0.29
0.29
0.29
0.289
0.289
0.289
0.288
0.288
0.288
0.287
0.287
0.287
0.286
0.286
0.286
0.285
0.285
0.285
0.284
0.284
0.284
0.283
0.283
0.283
0.282
0.282
0.282
0.281
0.281
0.281
0.28
0.28
0.28
0.279
0.279
0.279
0.278
0.278
0.278
0.278
0.277
0.277
0.277
0.276
0.276
0.276
0.275
0.275
0.275
0.274
0.274
0.274
0.273
0.273
0.273
0.273
0.272
0.272
0.272
0.271
0.271
0.271
0.27
0.27
0.27
0.269
0.269
0.269
0.269
0.268
0.268
0.268
0.267
0.267
0.267
0.266
0.266
0.266
0.265
0.265
0.265
0.265
0.264
0.264
0.264
0.263
0.263
0.263
0.262
0.262
0.262
0.262
0.261
0.261
0.261
0.26
0.26
0.26
0.259
0.259
0.259
0.259
0.258
0.258
0.258
0.257
0.257
0.257
0.257
0.256
0.256
0.256
0.255
0.255
0.255
0.254
0.254
0.254
0.254
0.253
0.253
0.253
0.252
0.252
0.252
0.252
0.251
0.251
0.251
0.25
0.25
0.25
0.25
0.249
0.249
0.249
0.248
0.248
0.248
0.248
0.247
0.247
0.247
0.246
0.246
0.246
0.246
0.245
0.245
0.245
0.245
0.244
0.244
0.244
0.243
0.243
0.243
0.243
0.242
0.242
0.242
0.241
0.241
0.241
0.241
0.24
0.24
0.24
0.24
0.239
0.239
0.239
0.238
0.238
0.238
0.238
0.237
0.237
0.237
0.237
0.236
0.236
0.236
0.235
0.235
0.235
0.235
0.234
0.234
0.234
0.234
0.233
0.233
0.233
0.233
0.232
0.232
0.232
0.231
0.231
0.231
0.231
0.23
0.23
0.23
0.23
0.229
0.229
0.229
0.229
0.228
0.228
0.228
0.228
0.227
0.227
0.227
0.226
0.226
0.226
0.226
0.225
0.225
0.225
0.225
0.224
0.224
0.224
0.224
0.223
0.223
0.223
0.223
0.222
0.222
0.222
0.222
0.221
0.221
0.221
0.221
0.22
0.22
0.22
0.22
0.219
0.219
0.219
0.219
0.218
0.218
0.218
0.218
0.217
0.217
0.217
0.217
0.216
0.216
0.216
0.216
0.215
0.215
0.215
0.215
0.214
0.214
0.214
0.214
0.213
0.213
0.213
0.213
0.212
0.212
0.212
0.212
0.211
0.211
0.211
0.211
0.211
0.21
0.21
0.21
0.21
0.209
0.209
0.209
0.209
0.208
0.208
0.208
0.208
0.207
0.207
0.207
0.207
0.206
0.206
0.206
0.206
0.206
0.205
0.205
0.205
0.205
0.204
0.204
0.204
0.204
0.203
0.203
0.203
0.203
0.202
0.202
0.202
0.202
0.202
0.201
0.201
0.201
0.201
0.2
0.2
0.2
0.2
0.2
0.199
0.199
0.199
0.199
0.198
0.198
0.198
0.198
0.197
0.197
0.197
0.197
0.197
0.196
0.196
0.196
0.196
0.195
0.195
0.195
0.195
0.195
0.194
0.194
0.194
0.194
0.193
0.193
0.193
0.193
0.193
0.192
0.192
0.192
0.192
0.191
0.191
0.191
0.191
0.191
0.19
0.19
0.19
0.19
0.19
0.189
0.189
0.189
0.189
0.188
0.188
0.188
0.188
0.188
0.187
0.187
0.187
0.187
0.186
0.186
0.186
0.186
0.186
0.185
0.185
0.185
0.185
0.185
0.184
0.184
0.184
0.184
0.184
0.183
0.183
0.183
0.183
0.182
0.182
0.182
0.182
0.182
0.181
0.181
0.181
0.181
0.181
0.18
0.18
0.18
0.18
0.18
0.179
0.179
0.179
0.179
0.179
0.178
0.178
0.178
0.178
0.178
0.177
0.177
0.177
0.177
0.177
0.176
0.176
0.176
0.176
0.176
0.175
0.175
0.175
0.175
0.175
0.174
0.174
0.174
0.174
0.174
0.173
0.173
0.173
0.173
0.173
0.172
0.172
0.172
0.172
0.172
0.171
0.171
0.171
0.171
0.171
0.17
0.17
0.17
0.17
0.17
0.169
0.169
0.169
0.169
0.169
0.168
0.168
0.168
0.168
0.168
0.167
0.167
0.167
0.167
0.167
0.167
0.166
0.166
0.166
0.166
0.166
0.165
0.165
0.165
0.165
0.165
0.164
0.164
0.164
0.164
0.164
0.163
0.163
0.163
0.163
0.163
0.163
0.162
0.162
0.162
0.162
0.162
0.161
0.161
0.161
0.161
0.161
0.161
0.16
0.16
0.16
0.16
0.16
0.159
0.159
0.159
0.159
0.159
0.159
0.158
0.158
0.158
0.158
0.158
0.157
0.157
0.157
0.157
0.157
0.157
0.156
0.156
0.156
0.156
0.156
0.155
0.155
0.155
0.155
0.155
0.155
0.154
0.154
0.154
0.154
0.154
0.153
0.153
0.153
0.153
0.153
0.153
0.152
0.152
0.152
0.152
0.152
0.152
0.151
0.151
0.151
0.151
0.151
0.151
0.15
0.15
0.15
0.15
0.15
0.149
0.149
0.149
0.149
0.149
0.149
0.148
0.148
0.148
0.148
0.148
0.148
0.147
0.147
0.147
0.147
0.147
0.147
0.146
0.146
0.146
0.146
0.146
0.146
0.145
0.145
0.145
0.145
0.145
0.145
0.144
0.144
0.144
0.144
0.144
0.144
0.143
0.143
0.143
0.143
0.143
0.143
0.142
0.142
0.142
0.142
0.142
0.142
0.141
0.141
0.141
0.141
0.141
0.141
0.141
0.14
0.14
0.14
0.14
0.14
0.14
0.139
0.139
0.139
0.139
0.139
0.139
0.138
0.138
0.138
0.138
0.138
0.138
0.137
0.137
0.137
0.137
0.137
0.137
0.137
0.136
0.136
0.136
0.136
0.136
0.136
0.135
0.135
0.135
0.135
0.135
0.135
0.134
0.134
0.134
0.134
0.134
0.134
0.134
0.133
0.133
0.133
0.133
0.133
0.133
0.132
0.132
0.132
0.132
0.132
0.132
0.132
0.131
0.131
0.131
0.131
0.131
0.131
0.131
0.13
0.13
0.13
0.13
0.13
0.13
0.129
0.129
0.129
0.129
0.129
0.129
0.129
0.128
0.128
0.128
0.128
0.128
0.128
0.128
0.127
0.127
0.127
0.127
0.127
0.127
0.127
0.126
0.126
0.126
0.126
0.126
0.126
0.126
0.125
0.125
0.125
0.125
0.125
0.125
0.125
0.124
0.124
0.124
0.124
0.124
0.124
0.124
0.123
0.123
0.123
0.123
0.123
0.123
0.123
0.122
0.122
0.122
0.122
0.122
0.122
0.122
0.121
0.121
0.121
0.121
0.121
0.121
0.121
0.12
0.12
0.12
0.12
0.12
0.12
0.12
0.119
0.119
0.119
0.119
0.119
0.119
0.119
0.118
0.118
0.118
0.118
0.118
0.118
0.118
0.118
0.117
0.117
0.117
0.117
0.117
0.117
0.117
0.116
0.116
0.116
0.116
0.116
0.116
0.116
0.116
0.115
0.115
0.115
0.115
0.115
0.115
0.115
0.114
0.114
0.114
0.114
0.114
0.114
0.114
0.114
0.113
0.113
0.113
0.113
0.113
0.113
0.113
0.112
0.112
0.112
0.112
0.112
0.112
0.112
0.112
0.111
0.111
0.111
0.111
0.111
0.111
0.111
0.111
0.11
0.11
0.11
0.11
0.11
0.11
0.11
0.11
0.109
0.109
0.109
0.109
0.109
0.109
0.109
0.109
0.108
0.108
0.108
0.108
0.108
0.108
0.108
0.108
0.107
0.107
0.107
0.107
0.107
0.107
0.107
0.107
0.106
0.106
0.106
0.106
0.106
0.106
0.106
0.106
0.105
0.105
0.105
0.105
0.105
0.105
0.105
0.105
0.104
0.104
0.104
0.104
0.104
0.104
0.104
0.104
0.103
0.103
0.103
0.103
0.103
0.103
0.103
0.103
0.103
0.102
0.102
0.102
0.102
0.102
0.102
0.102
0.102
0.101
0.101
0.101
0.101
0.101
0.101
0.101
0.101
0.101
0.1
0.1
0.1
0.1
9.99E-02
9.98E-02
9.97E-02
9.96E-02
9.95E-02
9.93E-02
9.92E-02
9.91E-02
9.90E-02
9.89E-02
9.88E-02
9.87E-02
9.85E-02
9.84E-02
9.83E-02
9.82E-02
9.81E-02
9.80E-02
9.79E-02
9.77E-02
9.76E-02
9.75E-02
9.74E-02
9.73E-02
9.72E-02
9.71E-02
9.69E-02
9.68E-02
9.67E-02
9.66E-02
9.65E-02
9.64E-02
9.63E-02
9.62E-02
9.60E-02
9.59E-02
9.58E-02
9.57E-02
9.56E-02
9.55E-02
9.54E-02
9.53E-02
9.52E-02
9.50E-02
9.49E-02
9.48E-02
9.47E-02
9.46E-02
9.45E-02
9.44E-02
9.43E-02
9.42E-02
9.41E-02
9.39E-02
9.38E-02
9.37E-02
9.36E-02
9.35E-02
9.34E-02
9.33E-02
9.32E-02
9.31E-02
9.30E-02
9.29E-02
9.27E-02
9.26E-02
9.25E-02
9.24E-02
9.23E-02
9.22E-02
9.21E-02
9.20E-02
9.19E-02
9.18E-02
9.17E-02
9.16E-02
9.15E-02
9.13E-02
9.12E-02
9.11E-02
9.10E-02
9.09E-02
9.08E-02
9.07E-02
9.06E-02
9.05E-02
9.04E-02
9.03E-02
9.02E-02
9.01E-02
9.00E-02
8.99E-02
8.98E-02
8.97E-02
8.95E-02
8.94E-02
8.93E-02
8.92E-02
8.91E-02
8.90E-02
8.89E-02
8.88E-02
8.87E-02
8.86E-02
8.85E-02
8.84E-02
8.83E-02
8.82E-02
8.81E-02
8.80E-02
8.79E-02
8.78E-02
8.77E-02
8.76E-02
8.75E-02
8.74E-02
8.73E-02
8.72E-02
8.71E-02
8.70E-02
8.69E-02
8.68E-02
8.67E-02
8.66E-02
8.65E-02
8.64E-02
8.63E-02
8.62E-02
8.60E-02
8.59E-02
8.58E-02
8.57E-02
8.56E-02
8.55E-02
8.54E-02
8.53E-02
8.52E-02
8.51E-02
8.50E-02
8.49E-02
8.48E-02
8.47E-02
8.46E-02
8.45E-02
8.44E-02
8.43E-02
8.42E-02
8.42E-02
8.41E-02
8.40E-02
8.39E-02
8.38E-02
8.37E-02
8.36E-02
8.35E-02
8.34E-02
8.33E-02
8.32E-02
8.31E-02
8.30E-02
8.29E-02
8.28E-02
8.27E-02
8.26E-02
8.25E-02
8.24E-02
8.23E-02
8.22E-02
8.21E-02
8.20E-02
8.19E-02
8.18E-02
8.17E-02
8.16E-02
8.15E-02
8.14E-02
8.13E-02
8.12E-02
8.11E-02
8.10E-02
8.09E-02
8.09E-02
8.08E-02
8.07E-02
8.06E-02
8.05E-02
8.04E-02
8.03E-02
8.02E-02
8.01E-02
8.00E-02
7.99E-02
7.98E-02
7.97E-02
7.96E-02
7.95E-02
7.94E-02
7.93E-02
7.92E-02
7.92E-02
7.91E-02
7.90E-02
7.89E-02
7.88E-02
7.87E-02
7.86E-02
7.85E-02
7.84E-02
7.83E-02
7.82E-02
7.81E-02
7.80E-02
7.79E-02
7.79E-02
7.78E-02
7.77E-02
7.76E-02
7.75E-02
7.74E-02
7.73E-02
7.72E-02
7.71E-02
7.70E-02
7.69E-02
7.68E-02
7.68E-02
7.67E-02
7.66E-02
7.65E-02
7.64E-02
7.63E-02
7.62E-02
7.61E-02
7.60E-02
7.59E-02
7.59E-02
7.58E-02
7.57E-02
7.56E-02
7.55E-02
7.54E-02
7.53E-02
7.52E-02
7.51E-02
7.51E-02
7.50E-02
7.49E-02
7.48E-02
7.47E-02
7.46E-02
7.45E-02
7.44E-02
7.43E-02
7.43E-02
7.42E-02
7.41E-02
7.40E-02
7.39E-02
7.38E-02
7.37E-02
7.36E-02
7.36E-02
7.35E-02
7.34E-02
7.33E-02
7.32E-02
7.31E-02
7.30E-02
7.29E-02
7.29E-02
7.28E-02
7.27E-02
7.26E-02
7.25E-02
7.24E-02
7.23E-02
7.23E-02
7.22E-02
7.21E-02
7.20E-02
7.19E-02
7.18E-02
7.17E-02
7.17E-02
7.16E-02
7.15E-02
7.14E-02
7.13E-02
7.12E-02
7.11E-02
7.11E-02
7.10E-02
7.09E-02
7.08E-02
7.07E-02
7.06E-02
7.06E-02
7.05E-02
7.04E-02
7.03E-02
7.02E-02
7.01E-02
7.01E-02
7.00E-02
6.99E-02
6.98E-02
6.97E-02
6.96E-02
6.96E-02
6.95E-02
6.94E-02
6.93E-02
6.92E-02
6.91E-02
6.91E-02
6.90E-02
6.89E-02
6.88E-02
6.87E-02
6.86E-02
6.86E-02
6.85E-02
6.84E-02
6.83E-02
6.82E-02
6.82E-02
6.81E-02
6.80E-02
6.79E-02
6.78E-02
6.77E-02
6.77E-02
6.76E-02
6.75E-02
6.74E-02
6.73E-02
6.73E-02
6.72E-02
6.71E-02
6.70E-02
6.69E-02
6.69E-02
6.68E-02
6.67E-02
6.66E-02
6.65E-02
6.65E-02
6.64E-02
6.63E-02
6.62E-02
6.61E-02
6.61E-02
6.60E-02
6.59E-02
6.58E-02
6.57E-02
6.57E-02
6.56E-02
6.55E-02
6.54E-02
6.54E-02
6.53E-02
6.52E-02
6.51E-02
6.50E-02
6.50E-02
6.49E-02
6.48E-02
6.47E-02
6.46E-02
6.46E-02
6.45E-02
6.44E-02
6.43E-02
6.43E-02
6.42E-02
6.41E-02
6.40E-02
6.40E-02
6.39E-02
6.38E-02
6.37E-02
6.36E-02
6.36E-02
6.35E-02
6.34E-02
6.33E-02
6.33E-02
6.32E-02
6.31E-02
6.30E-02
6.30E-02
6.29E-02
6.28E-02
6.27E-02
6.27E-02
6.26E-02
6.25E-02
6.24E-02
6.24E-02
6.23E-02
6.22E-02
6.21E-02
6.21E-02
6.20E-02
6.19E-02
6.18E-02
6.18E-02
6.17E-02
6.16E-02
6.15E-02
6.15E-02
6.14E-02
6.13E-02
6.12E-02
6.12E-02
6.11E-02
6.10E-02
6.09E-02
6.09E-02
6.08E-02
6.07E-02
6.06E-02
6.06E-02
6.05E-02
6.04E-02
6.03E-02
6.03E-02
6.02E-02
6.01E-02
6.01E-02
6.00E-02
5.99E-02
5.98E-02
5.98E-02
5.97E-02
5.96E-02
5.95E-02
5.95E-02
5.94E-02
5.93E-02
5.93E-02
5.92E-02
5.91E-02
5.90E-02
5.90E-02
5.89E-02
5.88E-02
5.88E-02
5.87E-02
5.86E-02
5.85E-02
5.85E-02
5.84E-02
5.83E-02
5.83E-02
5.82E-02
5.81E-02
5.80E-02
5.80E-02
5.79E-02
5.78E-02
5.78E-02
5.77E-02
5.76E-02
5.76E-02
5.75E-02
5.74E-02
5.73E-02
5.73E-02
5.72E-02
5.71E-02
5.71E-02
5.70E-02
5.69E-02
5.69E-02
5.68E-02
5.67E-02
5.66E-02
5.66E-02
5.65E-02
5.64E-02
5.64E-02
5.63E-02
5.62E-02
5.62E-02
5.61E-02
5.60E-02
5.60E-02
5.59E-02
5.58E-02
5.58E-02
5.57E-02
5.56E-02
5.55E-02
5.55E-02
5.54E-02
5.53E-02
5.53E-02
5.52E-02
5.51E-02
5.51E-02
5.50E-02
5.49E-02
5.49E-02
5.48E-02
5.47E-02
5.47E-02
5.46E-02
5.45E-02
5.45E-02
5.44E-02
5.43E-02
5.43E-02
5.42E-02
5.41E-02
5.41E-02
5.40E-02
5.39E-02
5.39E-02
5.38E-02
5.37E-02
5.37E-02
5.36E-02
5.35E-02
5.35E-02
5.34E-02
5.33E-02
5.33E-02
5.32E-02
5.31E-02
5.31E-02
5.30E-02
5.29E-02
5.29E-02
5.28E-02
5.27E-02
5.27E-02
5.26E-02
5.26E-02
5.25E-02
5.24E-02
5.24E-02
5.23E-02
5.22E-02
5.22E-02
5.21E-02
5.20E-02
5.20E-02
5.19E-02
5.18E-02
5.18E-02
5.17E-02
5.16E-02
5.16E-02
5.15E-02
5.15E-02
5.14E-02
5.13E-02
5.13E-02
5.12E-02
5.11E-02
5.11E-02
5.10E-02
5.09E-02
5.09E-02
5.08E-02
5.08E-02
5.07E-02
5.06E-02
5.06E-02
5.05E-02
5.04E-02
5.04E-02
5.03E-02
5.03E-02
5.02E-02
5.01E-02
5.01E-02
5.00E-02
4.99E-02
4.99E-02
4.98E-02
4.98E-02
4.97E-02
4.96E-02
4.96E-02
4.95E-02
4.94E-02
4.94E-02
4.93E-02
4.93E-02
4.92E-02
4.91E-02
4.91E-02
4.90E-02
4.89E-02
4.89E-02
4.88E-02
4.88E-02
4.87E-02
4.86E-02
4.86E-02
4.85E-02
4.85E-02
4.84E-02
4.83E-02
4.83E-02
4.82E-02
4.82E-02
4.81E-02
4.80E-02
4.80E-02
4.79E-02
4.79E-02
4.78E-02
4.77E-02
4.77E-02
4.76E-02
4.76E-02
4.75E-02
4.74E-02
4.74E-02
4.73E-02
4.73E-02
4.72E-02
4.71E-02
4.71E-02
4.70E-02
4.70E-02
4.69E-02
4.68E-02
4.68E-02
4.67E-02
4.67E-02
4.66E-02
4.65E-02
4.65E-02
4.64E-02
4.64E-02
4.63E-02
4.62E-02
4.62E-02
4.61E-02
4.61E-02
4.60E-02
4.60E-02
4.59E-02
4.58E-02
4.58E-02
4.57E-02
4.57E-02
4.56E-02
4.56E-02
4.55E-02
4.54E-02
4.54E-02
4.53E-02
4.53E-02
4.52E-02
4.51E-02
4.51E-02
4.50E-02
4.50E-02
4.49E-02
4.49E-02
4.48E-02
4.47E-02
4.47E-02
4.46E-02
4.46E-02
4.45E-02
4.45E-02
4.44E-02
4.43E-02
4.43E-02
4.42E-02
4.42E-02
4.41E-02
4.41E-02
4.40E-02
4.39E-02
4.39E-02
4.38E-02
4.38E-02
4.37E-02
4.37E-02
4.36E-02
4.36E-02
4.35E-02
4.34E-02
4.34E-02
4.33E-02
4.33E-02
4.32E-02
4.32E-02
4.31E-02
4.31E-02
4.30E-02
4.29E-02
4.29E-02
4.28E-02
4.28E-02
4.27E-02
4.27E-02
4.26E-02
4.26E-02
4.25E-02
4.24E-02
4.24E-02
4.23E-02
4.23E-02
4.22E-02
4.22E-02
4.21E-02
4.21E-02
4.20E-02
4.20E-02
4.19E-02
4.18E-02
4.18E-02
4.17E-02
4.17E-02
4.16E-02
4.16E-02
4.15E-02
4.15E-02
4.14E-02
4.14E-02
4.13E-02
4.13E-02
4.12E-02
4.11E-02
4.11E-02
4.10E-02
4.10E-02
4.09E-02
4.09E-02
4.08E-02
4.08E-02
4.07E-02
4.07E-02
4.06E-02
4.06E-02
4.05E-02
4.05E-02
4.04E-02
4.03E-02
4.03E-02
4.02E-02
4.02E-02
4.01E-02
4.01E-02
4.00E-02
4.00E-02
3.99E-02
3.99E-02
3.98E-02
3.98E-02
3.97E-02
3.97E-02
3.96E-02
3.96E-02
3.95E-02
3.95E-02
3.94E-02
3.93E-02
3.93E-02
3.92E-02
3.92E-02
3.91E-02
3.91E-02
3.90E-02
3.90E-02
3.89E-02
3.89E-02
3.88E-02
3.88E-02
3.87E-02
3.87E-02
3.86E-02
3.86E-02
3.85E-02
3.85E-02
3.84E-02
3.84E-02
3.83E-02
3.83E-02
3.82E-02
3.82E-02
3.81E-02
3.81E-02
3.80E-02
3.80E-02
3.79E-02
3.79E-02
3.78E-02
3.78E-02
3.77E-02
3.77E-02
3.76E-02
3.76E-02
3.75E-02
3.75E-02
3.74E-02
3.74E-02
3.73E-02
3.73E-02
3.72E-02
3.72E-02
3.71E-02
3.71E-02
3.70E-02
3.70E-02
3.69E-02
3.69E-02
3.68E-02
3.68E-02
3.67E-02
3.67E-02
3.66E-02
3.66E-02
3.65E-02
3.65E-02
3.64E-02
3.64E-02
3.63E-02
3.63E-02
3.62E-02
3.62E-02
3.61E-02
3.61E-02
3.60E-02
3.60E-02
3.59E-02
3.59E-02
3.58E-02
3.58E-02
3.57E-02
3.57E-02
3.56E-02
3.56E-02
3.55E-02
3.55E-02
3.54E-02
3.54E-02
3.53E-02
3.53E-02
3.52E-02
3.52E-02
3.51E-02
3.51E-02
3.51E-02
3.50E-02
3.50E-02
3.49E-02
3.49E-02
3.48E-02
3.48E-02
3.47E-02
3.47E-02
3.46E-02
3.46E-02
3.45E-02
3.45E-02
3.44E-02
3.44E-02
3.43E-02
3.43E-02
3.42E-02
3.42E-02
3.41E-02
3.41E-02
3.41E-02
3.40E-02
3.40E-02
3.39E-02
3.39E-02
3.38E-02
3.38E-02
3.37E-02
3.37E-02
3.36E-02
3.36E-02
3.35E-02
3.35E-02
3.34E-02
3.34E-02
3.33E-02
3.33E-02
3.33E-02
3.32E-02
3.32E-02
3.31E-02
3.31E-02
3.30E-02
3.30E-02
3.29E-02
3.29E-02
3.28E-02
3.28E-02
3.27E-02
3.27E-02
3.27E-02
3.26E-02
3.26E-02
3.25E-02
3.25E-02
3.24E-02
3.24E-02
3.23E-02
3.23E-02
3.22E-02
3.22E-02
3.21E-02
3.21E-02
3.21E-02
3.20E-02
3.20E-02
3.19E-02
3.19E-02
3.18E-02
3.18E-02
3.17E-02
3.17E-02
3.16E-02
3.16E-02
3.16E-02
3.15E-02
3.15E-02
3.14E-02
3.14E-02
3.13E-02
3.13E-02
3.12E-02
3.12E-02
3.11E-02
3.11E-02
3.11E-02
3.10E-02
3.10E-02
3.09E-02
3.09E-02
3.08E-02
3.08E-02
3.07E-02
3.07E-02
3.07E-02
3.06E-02
3.06E-02
3.05E-02
3.05E-02
3.04E-02
3.04E-02
3.03E-02
3.03E-02
3.03E-02
3.02E-02
3.02E-02
3.01E-02
3.01E-02
3.00E-02
3.00E-02
2.99E-02
2.99E-02
2.99E-02
2.98E-02
2.98E-02
2.97E-02
2.97E-02
2.96E-02
2.96E-02
2.96E-02
2.95E-02
2.95E-02
2.94E-02
2.94E-02
2.93E-02
2.93E-02
2.92E-02
2.92E-02
2.92E-02
2.91E-02
2.91E-02
2.90E-02
2.90E-02
2.89E-02
2.89E-02
2.89E-02
2.88E-02
2.88E-02
2.87E-02
2.87E-02
2.86E-02
2.86E-02
2.86E-02
2.85E-02
2.85E-02
2.84E-02
2.84E-02
2.83E-02
2.83E-02
2.83E-02
2.82E-02
2.82E-02
2.81E-02
2.81E-02
2.80E-02
2.80E-02
2.80E-02
2.79E-02
2.79E-02
2.78E-02
2.78E-02
2.77E-02
2.77E-02
2.77E-02
2.76E-02
2.76E-02
2.75E-02
2.75E-02
2.74E-02
2.74E-02
2.74E-02
2.73E-02
2.73E-02
2.72E-02
2.72E-02
2.72E-02
2.71E-02
2.71E-02
2.70E-02
2.70E-02
2.69E-02
2.69E-02
2.69E-02
2.68E-02
2.68E-02
2.67E-02
2.67E-02
2.66E-02
2.66E-02
2.66E-02
2.65E-02
2.65E-02
2.64E-02
2.64E-02
2.64E-02
2.63E-02
2.63E-02
2.62E-02
2.62E-02
2.61E-02
2.61E-02
2.61E-02
2.60E-02
2.60E-02
2.59E-02
2.59E-02
2.59E-02
2.58E-02
2.58E-02
2.57E-02
2.57E-02
2.56E-02
2.56E-02
2.56E-02
2.55E-02
2.55E-02
2.54E-02
2.54E-02
2.54E-02
2.53E-02
2.53E-02
2.52E-02
2.52E-02
2.52E-02
2.51E-02
2.51E-02
2.50E-02
2.50E-02
2.49E-02
2.49E-02
2.49E-02
2.48E-02
2.48E-02
2.47E-02
2.47E-02
2.47E-02
2.46E-02
2.46E-02
2.45E-02
2.45E-02
2.45E-02
2.44E-02
2.44E-02
2.43E-02
2.43E-02
2.43E-02
2.42E-02
2.42E-02
2.41E-02
2.41E-02
2.40E-02
2.40E-02
2.40E-02
2.39E-02
2.39E-02
2.38E-02
2.38E-02
2.38E-02
2.37E-02
2.37E-02
2.36E-02
2.36E-02
2.36E-02
2.35E-02
2.35E-02
2.34E-02
2.34E-02
2.34E-02
2.33E-02
2.33E-02
2.32E-02
2.32E-02
2.32E-02
2.31E-02
2.31E-02
2.30E-02
2.30E-02
2.29E-02
2.29E-02
2.29E-02
2.28E-02
2.28E-02
2.27E-02
2.27E-02
2.27E-02
2.26E-02
2.26E-02
2.25E-02
2.25E-02
2.25E-02
2.24E-02
2.24E-02
2.23E-02
2.23E-02
2.23E-02
2.22E-02
2.22E-02
2.21E-02
2.21E-02
2.21E-02
2.20E-02
2.20E-02
2.19E-02
2.19E-02
2.19E-02
2.18E-02
2.18E-02
2.17E-02
2.17E-02
2.17E-02
2.16E-02
2.16E-02
2.15E-02
2.15E-02
2.15E-02
2.14E-02
2.14E-02
2.13E-02
2.13E-02
2.12E-02
2.12E-02
2.12E-02
2.11E-02
2.11E-02
2.10E-02
2.10E-02
2.10E-02
2.09E-02
2.09E-02
2.08E-02
2.08E-02
2.08E-02
2.07E-02
2.07E-02
2.06E-02
2.06E-02
2.06E-02
2.05E-02
2.05E-02
2.04E-02
2.04E-02
2.04E-02
2.03E-02
2.03E-02
2.02E-02
2.02E-02
2.02E-02
2.01E-02
2.01E-02
2.00E-02
2.00E-02
1.99E-02
1.99E-02
1.99E-02
1.98E-02
1.98E-02
1.97E-02
1.97E-02
1.97E-02
1.96E-02
1.96E-02
1.95E-02
1.95E-02
1.95E-02
1.94E-02
1.94E-02
1.93E-02
1.93E-02
1.92E-02
1.92E-02
1.92E-02
1.91E-02
1.91E-02
1.90E-02
1.90E-02
1.90E-02
1.89E-02
1.89E-02
1.88E-02
1.88E-02
1.87E-02
1.87E-02
1.87E-02
1.86E-02
1.86E-02
1.85E-02
1.85E-02
1.85E-02
1.84E-02
1.84E-02
1.83E-02
1.83E-02
1.82E-02
1.82E-02
1.82E-02
1.81E-02
1.81E-02
1.80E-02
1.80E-02
1.79E-02
1.79E-02
1.79E-02
1.78E-02
1.78E-02
1.77E-02
1.77E-02
1.76E-02
1.76E-02
1.76E-02
1.75E-02
1.75E-02
1.74E-02
1.74E-02
1.73E-02
1.73E-02
1.73E-02
1.72E-02
1.72E-02
1.71E-02
1.71E-02
1.70E-02
1.70E-02
1.69E-02
1.69E-02
1.69E-02
1.68E-02
1.68E-02
1.67E-02
1.67E-02
1.66E-02
1.66E-02
1.65E-02
1.65E-02
1.64E-02
1.64E-02
1.64E-02
1.63E-02
1.63E-02
1.62E-02
1.62E-02
1.61E-02
1.61E-02
1.60E-02
1.60E-02
1.59E-02
1.59E-02
1.58E-02
1.58E-02
1.57E-02
1.57E-02
1.56E-02
1.56E-02
1.56E-02
1.55E-02
1.55E-02
1.54E-02
1.54E-02
1.53E-02
1.53E-02
1.52E-02
1.52E-02
1.51E-02
1.51E-02
1.50E-02
1.50E-02
1.49E-02
1.49E-02
1.48E-02
1.47E-02
1.47E-02
1.46E-02
1.46E-02
1.45E-02
1.45E-02
1.44E-02
1.44E-02
1.43E-02
1.43E-02
1.42E-02
1.42E-02
1.41E-02
1.40E-02
1.40E-02
1.39E-02
1.39E-02
1.38E-02
1.38E-02
1.37E-02
1.36E-02
1.36E-02
1.35E-02
1.35E-02
1.34E-02
1.33E-02
1.33E-02
1.32E-02
1.32E-02
1.31E-02
1.30E-02
1.30E-02
1.29E-02
1.28E-02
1.28E-02
1.27E-02
1.26E-02
1.26E-02
1.25E-02
1.24E-02
1.23E-02
1.23E-02
1.22E-02
1.21E-02
1.20E-02
1.20E-02
1.19E-02
1.18E-02
1.18E-02
1.17E-02
1.16E-02
1.16E-02
1.15E-02
1.15E-02
1.14E-02
1.14E-02
1.12E-02
1.11E-02
1.10E-02
1.10E-02
1.09E-02
1.09E-02
1.08E-02
1.07E-02
1.06E-02
1.04E-02
1.02E-02
1.00E-02
9.72E-03
9.29E-03