3.21E+05
5.07E+05
5.88E+05
5.99E+05
5.75E+05
5.40E+05
5.05E+05
4.77E+05
4.56E+05
4.41E+05
4.30E+05
4.21E+05
4.13E+05
4.05E+05
3.97E+05
3.87E+05
3.77E+05
3.66E+05
3.55E+05
3.44E+05
3.33E+05
3.22E+05
3.12E+05
3.01E+05
2.91E+05
2.81E+05
2.72E+05
2.63E+05
2.54E+05
2.46E+05
2.38E+05
2.30E+05
2.22E+05
2.15E+05
2.08E+05
2.02E+05
1.96E+05
1.90E+05
1.84E+05
1.78E+05
1.73E+05
1.68E+05
1.63E+05
1.59E+05
1.54E+05
1.50E+05
1.46E+05
1.42E+05
1.38E+05
1.35E+05
1.32E+05
1.28E+05
1.25E+05
1.22E+05
1.19E+05
1.17E+05
1.14E+05
1.12E+05
1.09E+05
1.07E+05
1.05E+05
1.02E+05
1.00E+05
9.82E+04
9.63E+04
9.44E+04
9.26E+04
9.09E+04
8.92E+04
8.75E+04
8.59E+04
8.43E+04
8.29E+04
8.14E+04
8.00E+04
7.87E+04
7.74E+04
7.62E+04
7.49E+04
7.37E+04
7.26E+04
7.15E+04
7.04E+04
6.93E+04
6.83E+04
6.73E+04
6.63E+04
6.54E+04
6.45E+04
6.36E+04
6.27E+04
6.19E+04
6.10E+04
6.02E+04
5.94E+04
5.87E+04
5.79E+04
5.72E+04
5.65E+04
5.58E+04
5.51E+04
5.45E+04
5.38E+04
5.32E+04
5.26E+04
5.20E+04
5.14E+04
5.08E+04
5.03E+04
4.97E+04
4.92E+04
4.86E+04
4.81E+04
4.76E+04
4.71E+04
4.66E+04
4.62E+04
4.57E+04
4.53E+04
4.48E+04
4.44E+04
4.40E+04
4.36E+04
4.32E+04
4.28E+04
4.24E+04
4.20E+04
4.16E+04
4.13E+04
4.09E+04
4.06E+04
4.02E+04
3.99E+04
3.95E+04
3.92E+04
3.89E+04
3.86E+04
3.83E+04
3.80E+04
3.77E+04
3.74E+04
3.71E+04
3.68E+04
3.65E+04
3.62E+04
3.60E+04
3.57E+04
3.54E+04
3.52E+04
3.49E+04
3.47E+04
3.44E+04
3.42E+04
3.40E+04
3.37E+04
3.35E+04
3.33E+04
3.31E+04
3.28E+04
3.26E+04
3.24E+04
3.22E+04
3.20E+04
3.18E+04
3.16E+04
3.14E+04
3.12E+04
3.10E+04
3.08E+04
3.06E+04
3.05E+04
3.03E+04
3.01E+04
2.99E+04
2.98E+04
2.96E+04
2.94E+04
2.93E+04
2.91E+04
2.89E+04
2.88E+04
2.86E+04
2.85E+04
2.83E+04
2.82E+04
2.80E+04
2.79E+04
2.77E+04
2.76E+04
2.75E+04
2.73E+04
2.72E+04
2.70E+04
2.69E+04
2.68E+04
2.67E+04
2.65E+04
2.64E+04
2.63E+04
2.62E+04
2.60E+04
2.59E+04
2.58E+04
2.57E+04
2.56E+04
2.55E+04
2.53E+04
2.52E+04
2.51E+04
2.50E+04
2.49E+04
2.48E+04
2.47E+04
2.46E+04
2.45E+04
2.44E+04
2.43E+04
2.42E+04
2.41E+04
2.40E+04
2.39E+04
2.38E+04
2.37E+04
2.36E+04
2.35E+04
2.34E+04
2.34E+04
2.33E+04
2.32E+04
2.31E+04
2.30E+04
2.29E+04
2.28E+04
2.28E+04
2.27E+04
2.26E+04
2.25E+04
2.24E+04
2.24E+04
2.23E+04
2.22E+04
2.21E+04
2.21E+04
2.20E+04
2.19E+04
2.18E+04
2.18E+04
2.17E+04
2.16E+04
2.16E+04
2.15E+04
2.14E+04
2.14E+04
2.13E+04
2.12E+04
2.12E+04
2.11E+04
2.10E+04
2.10E+04
2.09E+04
2.08E+04
2.08E+04
2.07E+04
2.07E+04
2.06E+04
2.05E+04
2.05E+04
2.04E+04
2.04E+04
2.03E+04
2.03E+04
2.02E+04
2.01E+04
2.01E+04
2.00E+04
2.00E+04
1.99E+04
1.99E+04
1.98E+04
1.98E+04
1.97E+04
1.97E+04
1.96E+04
1.96E+04
1.95E+04
1.95E+04
1.94E+04
1.94E+04
1.93E+04
1.93E+04
1.92E+04
1.92E+04
1.91E+04
1.91E+04
1.91E+04
1.90E+04
1.90E+04
1.89E+04
1.89E+04
1.88E+04
1.88E+04
1.88E+04
1.87E+04
1.87E+04
1.86E+04
1.86E+04
1.85E+04
1.85E+04
1.85E+04
1.84E+04
1.84E+04
1.84E+04
1.83E+04
1.83E+04
1.82E+04
1.82E+04
1.82E+04
1.81E+04
1.81E+04
1.81E+04
1.80E+04
1.80E+04
1.79E+04
1.79E+04
1.79E+04
1.78E+04
1.78E+04
1.78E+04
1.77E+04
1.77E+04
1.77E+04
1.76E+04
1.76E+04
1.76E+04
1.76E+04
1.75E+04
1.75E+04
1.75E+04
1.74E+04
1.74E+04
1.74E+04
1.73E+04
1.73E+04
1.73E+04
1.72E+04
1.72E+04
1.72E+04
1.72E+04
1.71E+04
1.71E+04
1.71E+04
1.71E+04
1.70E+04
1.70E+04
1.70E+04
1.69E+04
1.69E+04
1.69E+04
1.69E+04
1.68E+04
1.68E+04
1.68E+04
1.68E+04
1.67E+04
1.67E+04
1.67E+04
1.67E+04
1.66E+04
1.66E+04
1.66E+04
1.66E+04
1.66E+04
1.65E+04
1.65E+04
1.65E+04
1.65E+04
1.64E+04
1.64E+04
1.64E+04
1.64E+04
1.64E+04
1.63E+04
1.63E+04
1.63E+04
1.63E+04
1.62E+04
1.62E+04
1.62E+04
1.62E+04
1.62E+04
1.61E+04
1.61E+04
1.61E+04
1.61E+04
1.61E+04
1.61E+04
1.60E+04
1.60E+04
1.60E+04
1.60E+04
1.60E+04
1.60E+04
1.59E+04
1.59E+04
1.59E+04
1.59E+04
1.59E+04
1.59E+04
1.58E+04
1.58E+04
1.58E+04
1.58E+04
1.58E+04
1.58E+04
1.57E+04
1.57E+04
1.57E+04
1.57E+04
1.57E+04
1.57E+04
1.57E+04
1.56E+04
1.56E+04
1.56E+04
1.56E+04
1.56E+04
1.56E+04
1.56E+04
1.55E+04
1.55E+04
1.55E+04
1.55E+04
1.55E+04
1.55E+04
1.55E+04
1.55E+04
1.54E+04
1.54E+04
1.54E+04
1.54E+04
1.54E+04
1.54E+04
1.54E+04
1.54E+04
1.53E+04
1.53E+04
1.53E+04
1.53E+04
1.53E+04
1.53E+04
1.53E+04
1.53E+04
1.53E+04
1.53E+04
1.52E+04
1.52E+04
1.52E+04
1.52E+04
1.52E+04
1.52E+04
1.52E+04
1.52E+04
1.52E+04
1.52E+04
1.51E+04
1.51E+04
1.51E+04
1.51E+04
1.51E+04
1.51E+04
1.51E+04
1.51E+04
1.51E+04
1.51E+04
1.51E+04
1.51E+04
1.50E+04
1.50E+04
1.50E+04
1.50E+04
1.50E+04
1.50E+04
1.50E+04
1.50E+04
1.50E+04
1.50E+04
1.50E+04
1.50E+04
1.50E+04
1.50E+04
1.50E+04
1.49E+04
1.49E+04
1.49E+04
1.49E+04
1.49E+04
1.49E+04
1.49E+04
1.49E+04
1.49E+04
1.49E+04
1.49E+04
1.49E+04
1.49E+04
1.49E+04
1.49E+04
1.49E+04
1.49E+04
1.49E+04
1.49E+04
1.48E+04
1.48E+04
1.48E+04
1.48E+04
1.48E+04
1.48E+04
1.48E+04
1.48E+04
1.48E+04
1.48E+04
1.48E+04
1.48E+04
1.48E+04
1.48E+04
1.48E+04
1.48E+04
1.48E+04
1.48E+04
1.48E+04
1.48E+04
1.48E+04
1.48E+04
1.48E+04
1.48E+04
1.48E+04
1.48E+04
1.48E+04
1.48E+04
1.48E+04
1.48E+04
1.48E+04
1.48E+04
1.48E+04
1.48E+04
1.48E+04
1.48E+04
1.48E+04
1.48E+04
1.48E+04
1.48E+04
1.48E+04
1.48E+04
1.48E+04
1.48E+04
1.48E+04
1.48E+04
1.48E+04
1.48E+04
1.48E+04
1.48E+04
1.48E+04
1.48E+04
1.48E+04
1.48E+04
1.48E+04
1.48E+04
1.48E+04
1.48E+04
1.48E+04
1.48E+04
1.48E+04
1.48E+04
1.48E+04
1.48E+04
1.48E+04
1.49E+04
1.49E+04
1.49E+04
1.49E+04
1.49E+04
1.49E+04
1.49E+04
1.49E+04
1.49E+04
1.49E+04
1.49E+04
1.49E+04
1.49E+04
1.49E+04
1.49E+04
1.49E+04
1.50E+04
1.50E+04
1.50E+04
1.50E+04
1.50E+04
1.51E+04
1.51E+04
1.52E+04
1.55E+04
1.70E+04
1.70E+04
1.70E+04
1.70E+04
1.70E+04
1.69E+04
1.69E+04
1.69E+04
1.69E+04
1.69E+04
1.69E+04
1.69E+04
1.69E+04
1.68E+04
1.68E+04
1.68E+04
1.68E+04
1.68E+04
1.68E+04
1.68E+04
1.68E+04
1.68E+04
1.67E+04
1.67E+04
1.67E+04
1.67E+04
1.67E+04
1.67E+04
1.67E+04
1.67E+04
1.67E+04
1.66E+04
1.66E+04
1.66E+04
1.66E+04
1.66E+04
1.66E+04
1.66E+04
1.66E+04
1.66E+04
1.65E+04
1.65E+04
1.65E+04
1.65E+04
1.65E+04
1.65E+04
1.65E+04
1.65E+04
1.65E+04
1.65E+04
1.65E+04
1.64E+04
1.64E+04
1.64E+04
1.64E+04
1.64E+04
1.64E+04
1.64E+04
1.64E+04
1.64E+04
1.64E+04
1.63E+04
1.63E+04
1.63E+04
1.63E+04
1.63E+04
1.63E+04
1.63E+04
1.63E+04
1.63E+04
1.63E+04
1.63E+04
1.63E+04
1.62E+04
1.62E+04
1.62E+04
1.62E+04
1.62E+04
1.62E+04
1.62E+04
1.62E+04
1.62E+04
1.62E+04
1.62E+04
1.62E+04
1.62E+04
1.61E+04
1.61E+04
1.61E+04
1.61E+04
1.61E+04
1.61E+04
1.61E+04
1.61E+04
1.61E+04
1.61E+04
1.61E+04
1.61E+04
1.61E+04
1.61E+04
1.60E+04
1.60E+04
1.60E+04
1.60E+04
1.60E+04
1.60E+04
1.60E+04
1.60E+04
1.60E+04
1.60E+04
1.60E+04
1.60E+04
1.60E+04
1.60E+04
1.60E+04
1.59E+04
1.59E+04
1.59E+04
1.59E+04
1.59E+04
1.59E+04
1.59E+04
1.59E+04
1.59E+04
1.59E+04
1.59E+04
1.59E+04
1.59E+04
1.59E+04
1.59E+04
1.59E+04
1.59E+04
1.59E+04
1.58E+04
1.58E+04
1.58E+04
1.58E+04
1.58E+04
1.58E+04
1.58E+04
1.58E+04
1.58E+04
1.58E+04
1.58E+04
1.58E+04
1.58E+04
1.58E+04
1.58E+04
1.58E+04
1.58E+04
1.58E+04
1.58E+04
1.58E+04
1.58E+04
1.57E+04
1.57E+04
1.57E+04
1.57E+04
1.57E+04
1.57E+04
1.57E+04
1.57E+04
1.57E+04
1.57E+04
1.57E+04
1.57E+04
1.57E+04
1.57E+04
1.57E+04
1.57E+04
1.57E+04
1.57E+04
1.57E+04
1.57E+04
1.57E+04
1.57E+04
1.57E+04
1.57E+04
1.57E+04
1.56E+04
1.56E+04
1.56E+04
1.56E+04
1.56E+04
1.56E+04
1.56E+04
1.56E+04
1.56E+04
1.56E+04
1.56E+04
1.56E+04
1.56E+04
1.56E+04
1.56E+04
1.56E+04
1.56E+04
1.56E+04
1.56E+04
1.56E+04
1.56E+04
1.56E+04
1.56E+04
1.56E+04
1.56E+04
1.56E+04
1.56E+04
1.56E+04
1.56E+04
1.56E+04
1.56E+04
1.56E+04
1.56E+04
1.56E+04
1.56E+04
1.56E+04
1.55E+04
1.55E+04
1.55E+04
1.55E+04
1.55E+04
1.55E+04
1.55E+04
1.55E+04
1.55E+04
1.55E+04
1.55E+04
1.55E+04
1.55E+04
1.55E+04
1.55E+04
1.55E+04
1.55E+04
1.55E+04
1.55E+04
1.55E+04
1.55E+04
1.55E+04
1.55E+04
1.55E+04
1.55E+04
1.55E+04
1.55E+04
1.55E+04
1.55E+04
1.55E+04
1.55E+04
1.55E+04
1.55E+04
1.55E+04
1.55E+04
1.55E+04
1.55E+04
1.55E+04
1.55E+04
1.55E+04
1.55E+04
1.55E+04
1.55E+04
1.55E+04
1.55E+04
1.55E+04
1.55E+04
1.55E+04
1.55E+04
1.55E+04
1.55E+04
1.55E+04
1.55E+04
1.55E+04
1.55E+04
1.55E+04
1.55E+04
1.55E+04
1.55E+04
1.55E+04
1.55E+04
1.55E+04
1.55E+04
1.55E+04
1.55E+04
1.55E+04
1.55E+04
1.55E+04
1.55E+04
1.55E+04
1.55E+04
1.55E+04
1.55E+04
1.55E+04
1.55E+04
1.55E+04
1.55E+04
1.55E+04
1.55E+04
1.55E+04
1.55E+04
1.55E+04
1.55E+04
1.55E+04
1.55E+04
1.55E+04
1.55E+04
1.55E+04
1.55E+04
1.55E+04
1.55E+04
1.55E+04
1.55E+04
1.55E+04
1.55E+04
1.55E+04
1.55E+04
1.55E+04
1.55E+04
1.55E+04
1.55E+04
1.55E+04
1.55E+04
1.55E+04
1.55E+04
1.55E+04
1.55E+04
1.55E+04
1.55E+04
1.55E+04
1.55E+04
1.55E+04
1.55E+04
1.55E+04
1.55E+04
1.55E+04
1.55E+04
1.55E+04
1.55E+04
1.55E+04
1.55E+04
1.55E+04
1.55E+04
1.55E+04
1.55E+04
1.55E+04
1.55E+04
1.55E+04
1.55E+04
1.55E+04
1.55E+04
1.55E+04
1.55E+04
1.55E+04
1.55E+04
1.55E+04
1.55E+04
1.55E+04
1.55E+04
1.55E+04
1.55E+04
1.55E+04
1.55E+04
1.55E+04
1.55E+04
1.55E+04
1.55E+04
1.55E+04
1.55E+04
1.56E+04
1.56E+04
1.56E+04
1.56E+04
1.56E+04
1.56E+04
1.56E+04
1.56E+04
1.56E+04
1.56E+04
1.56E+04
1.56E+04
1.56E+04
1.56E+04
1.56E+04
1.56E+04
1.56E+04
1.56E+04
1.56E+04
1.56E+04
1.56E+04
1.56E+04
1.56E+04
1.56E+04
1.56E+04
1.56E+04
1.56E+04
1.56E+04
1.56E+04
1.56E+04
1.56E+04
1.56E+04
1.56E+04
1.56E+04
1.56E+04
1.56E+04
1.56E+04
1.56E+04
1.56E+04
1.56E+04
1.56E+04
1.56E+04
1.56E+04
1.57E+04
1.57E+04
1.57E+04
1.57E+04
1.57E+04
1.57E+04
1.57E+04
1.57E+04
1.57E+04
1.57E+04
1.57E+04
1.57E+04
1.57E+04
1.57E+04
1.57E+04
1.57E+04
1.57E+04
1.57E+04
1.57E+04
1.57E+04
1.57E+04
1.57E+04
1.57E+04
1.57E+04
1.57E+04
1.57E+04
1.57E+04
1.57E+04
1.57E+04
1.57E+04
1.57E+04
1.57E+04
1.57E+04
1.57E+04
1.57E+04
1.57E+04
1.57E+04
1.57E+04
1.57E+04
1.57E+04
1.57E+04
1.58E+04
1.58E+04
1.58E+04
1.58E+04
1.58E+04
1.58E+04
1.58E+04
1.58E+04
1.58E+04
1.58E+04
1.58E+04
1.58E+04
1.58E+04
1.58E+04
1.58E+04
1.58E+04
1.58E+04
1.58E+04
1.58E+04
1.58E+04
1.58E+04
1.58E+04
1.58E+04
1.58E+04
1.58E+04
1.58E+04
1.59E+04
1.59E+04
1.59E+04
1.59E+04
1.59E+04
1.59E+04
1.59E+04
1.59E+04
1.59E+04
1.59E+04
1.59E+04
1.59E+04
1.59E+04
1.59E+04
1.59E+04
1.59E+04
1.59E+04
1.59E+04
1.59E+04
1.59E+04
1.59E+04
1.59E+04
1.59E+04
1.60E+04
1.60E+04
1.60E+04
1.60E+04
1.60E+04
1.60E+04
1.60E+04
1.60E+04
1.60E+04
1.60E+04
1.60E+04
1.60E+04
1.60E+04
1.60E+04
1.60E+04
1.60E+04
1.60E+04
1.60E+04
1.60E+04
1.60E+04
1.60E+04
1.61E+04
1.61E+04
1.61E+04
1.61E+04
1.61E+04
1.61E+04
1.61E+04
1.61E+04
1.61E+04
1.61E+04
1.61E+04
1.61E+04
1.61E+04
1.61E+04
1.61E+04
1.61E+04
1.61E+04
1.61E+04
1.61E+04
1.62E+04
1.62E+04
1.62E+04
1.62E+04
1.62E+04
1.62E+04
1.62E+04
1.62E+04
1.62E+04
1.62E+04
1.62E+04
1.62E+04
1.62E+04
1.62E+04
1.62E+04
1.62E+04
1.62E+04
1.62E+04
1.62E+04
1.63E+04
1.63E+04
1.63E+04
1.63E+04
1.63E+04
1.63E+04
1.63E+04
1.63E+04
1.63E+04
1.63E+04
1.63E+04
1.63E+04
1.63E+04
1.63E+04
1.63E+04
1.63E+04
1.63E+04
1.64E+04
1.64E+04
1.64E+04
1.64E+04
1.64E+04
1.64E+04
1.64E+04
1.64E+04
1.64E+04
1.64E+04
1.64E+04
1.64E+04
1.64E+04
1.64E+04
1.64E+04
1.64E+04
1.65E+04
1.65E+04
1.65E+04
1.65E+04
1.65E+04
1.65E+04
1.65E+04
1.65E+04
1.65E+04
1.65E+04
1.65E+04
1.65E+04
1.65E+04
1.65E+04
1.65E+04
1.65E+04
1.66E+04
1.66E+04
1.66E+04
1.66E+04
1.66E+04
1.66E+04
1.66E+04
1.66E+04
1.66E+04
1.66E+04
1.66E+04
1.66E+04
1.66E+04
1.66E+04
1.66E+04
1.67E+04
1.67E+04
1.67E+04
1.67E+04
1.67E+04
1.67E+04
1.67E+04
1.67E+04
1.67E+04
1.67E+04
1.67E+04
1.67E+04
1.67E+04
1.67E+04
1.67E+04
1.68E+04
1.68E+04
1.68E+04
1.68E+04
1.68E+04
1.68E+04
1.68E+04
1.68E+04
1.68E+04
1.68E+04
1.68E+04
1.68E+04
1.68E+04
1.68E+04
1.69E+04
1.69E+04
1.69E+04
1.69E+04
1.69E+04
1.69E+04
1.69E+04
1.69E+04
1.69E+04
1.69E+04
1.69E+04
1.69E+04
1.69E+04
1.69E+04
1.70E+04
1.70E+04
1.70E+04
1.70E+04
1.70E+04
1.70E+04
1.70E+04
1.70E+04
1.70E+04
1.70E+04
1.70E+04
1.70E+04
1.70E+04
1.71E+04
1.71E+04
1.71E+04
1.71E+04
1.71E+04
1.71E+04
1.71E+04
1.71E+04
1.71E+04
1.71E+04
1.71E+04
1.71E+04
1.71E+04
1.72E+04
1.72E+04
1.72E+04
1.72E+04
1.72E+04
1.72E+04
1.72E+04
1.72E+04
1.72E+04
1.72E+04
1.72E+04
1.72E+04
1.72E+04
1.73E+04
1.73E+04
1.73E+04
1.73E+04
1.73E+04
1.73E+04
1.73E+04
1.73E+04
1.73E+04
1.73E+04
1.73E+04
1.73E+04
1.74E+04
1.74E+04
1.74E+04
1.74E+04
1.74E+04
1.74E+04
1.74E+04
1.74E+04
1.74E+04
1.74E+04
1.74E+04
1.74E+04
1.75E+04
1.75E+04
1.75E+04
1.75E+04
1.75E+04
1.75E+04
1.75E+04
1.75E+04
1.75E+04
1.75E+04
1.75E+04
1.75E+04
1.76E+04
1.76E+04
1.76E+04
1.76E+04
1.76E+04
1.76E+04
1.76E+04
1.76E+04
1.76E+04
1.76E+04
1.76E+04
1.76E+04
1.77E+04
1.77E+04
1.77E+04
1.77E+04
1.77E+04
1.77E+04
1.77E+04
1.77E+04
1.77E+04
1.77E+04
1.77E+04
1.78E+04
1.78E+04
1.78E+04
1.78E+04
1.78E+04
1.78E+04
1.78E+04
1.78E+04
1.78E+04
1.78E+04
1.78E+04
1.79E+04
1.79E+04
1.79E+04
1.79E+04
1.79E+04
1.79E+04
1.79E+04
1.79E+04
1.79E+04
1.79E+04
1.79E+04
1.80E+04
1.80E+04
1.80E+04
1.80E+04
1.80E+04
1.80E+04
1.80E+04
1.80E+04
1.80E+04
1.80E+04
1.80E+04
1.81E+04
1.81E+04
1.81E+04
1.81E+04
1.81E+04
1.81E+04
1.81E+04
1.81E+04
1.81E+04
1.81E+04
1.82E+04
1.82E+04
1.82E+04
1.82E+04
1.82E+04
1.82E+04
1.82E+04
1.82E+04
1.82E+04
1.82E+04
1.83E+04
1.83E+04
1.83E+04
1.83E+04
1.83E+04
1.83E+04
1.83E+04
1.83E+04
1.83E+04
1.83E+04
1.83E+04
1.84E+04
1.84E+04
1.84E+04
1.84E+04
1.84E+04
1.84E+04
1.84E+04
1.84E+04
1.84E+04
1.84E+04
1.85E+04
1.85E+04
1.85E+04
1.85E+04
1.85E+04
1.85E+04
1.85E+04
1.85E+04
1.85E+04
1.86E+04
1.86E+04
1.86E+04
1.86E+04
1.86E+04
1.86E+04
1.86E+04
1.86E+04
1.86E+04
1.86E+04
1.87E+04
1.87E+04
1.87E+04
1.87E+04
1.87E+04
1.87E+04
1.87E+04
1.87E+04
1.87E+04
1.87E+04
1.88E+04
1.88E+04
1.88E+04
1.88E+04
1.88E+04
1.88E+04
1.88E+04
1.88E+04
1.88E+04
1.89E+04
1.89E+04
1.89E+04
1.89E+04
1.89E+04
1.89E+04
1.89E+04
1.89E+04
1.89E+04
1.90E+04
1.90E+04
1.90E+04
1.90E+04
1.90E+04
1.90E+04
1.90E+04
1.90E+04
1.90E+04
1.91E+04
1.91E+04
1.91E+04
1.91E+04
1.91E+04
1.91E+04
1.91E+04
1.91E+04
1.91E+04
1.92E+04
1.92E+04
1.92E+04
1.92E+04
1.92E+04
1.92E+04
1.92E+04
1.92E+04
1.92E+04
1.93E+04
1.93E+04
1.93E+04
1.93E+04
1.93E+04
1.93E+04
1.93E+04
1.93E+04
1.93E+04
1.94E+04
1.94E+04
1.94E+04
1.94E+04
1.94E+04
1.94E+04
1.94E+04
1.94E+04
1.94E+04
1.95E+04
1.95E+04
1.95E+04
1.95E+04
1.95E+04
1.95E+04
1.95E+04
1.95E+04
1.96E+04
1.96E+04
1.96E+04
1.96E+04
1.96E+04
1.96E+04
1.96E+04
1.96E+04
1.96E+04
1.97E+04
1.97E+04
1.97E+04
1.97E+04
1.97E+04
1.97E+04
1.97E+04
1.97E+04
1.98E+04
1.98E+04
1.98E+04
1.98E+04
1.98E+04
1.98E+04
1.98E+04
1.98E+04
1.98E+04
1.99E+04
1.99E+04
1.99E+04
1.99E+04
1.99E+04
1.99E+04
1.99E+04
1.99E+04
2.00E+04
2.00E+04
2.00E+04
2.00E+04
2.00E+04
2.00E+04
2.00E+04
2.00E+04
2.01E+04
2.01E+04
2.01E+04
2.01E+04
2.01E+04
2.01E+04
2.01E+04
2.01E+04
2.02E+04
2.02E+04
2.02E+04
2.02E+04
2.02E+04
2.02E+04
2.02E+04
2.02E+04
2.03E+04
2.03E+04
2.03E+04
2.03E+04
2.03E+04
2.03E+04
2.03E+04
2.03E+04
2.04E+04
2.04E+04
2.04E+04
2.04E+04
2.04E+04
2.04E+04
2.04E+04
2.05E+04
2.05E+04
2.05E+04
2.05E+04
2.05E+04
2.05E+04
2.05E+04
2.05E+04
2.06E+04
2.06E+04
2.06E+04
2.06E+04
2.06E+04
2.06E+04
2.06E+04
2.06E+04
2.07E+04
2.07E+04
2.07E+04
2.07E+04
2.07E+04
2.07E+04
2.07E+04
2.08E+04
2.08E+04
2.08E+04
2.08E+04
2.08E+04
2.08E+04
2.08E+04
2.08E+04
2.09E+04
2.09E+04
2.09E+04
2.09E+04
2.09E+04
2.09E+04
2.09E+04
2.10E+04
2.10E+04
2.10E+04
2.10E+04
2.10E+04
2.10E+04
2.10E+04
2.11E+04
2.11E+04
2.11E+04
2.11E+04
2.11E+04
2.11E+04
2.11E+04
2.12E+04
2.12E+04
2.12E+04
2.12E+04
2.12E+04
2.12E+04
2.12E+04
2.12E+04
2.13E+04
2.13E+04
2.13E+04
2.13E+04
2.13E+04
2.13E+04
2.13E+04
2.14E+04
2.14E+04
2.14E+04
2.14E+04
2.14E+04
2.14E+04
2.14E+04
2.15E+04
2.15E+04
2.15E+04
2.15E+04
2.15E+04
2.15E+04
2.15E+04
2.16E+04
2.16E+04
2.16E+04
2.16E+04
2.16E+04
2.16E+04
2.17E+04
2.17E+04
2.17E+04
2.17E+04
2.17E+04
2.17E+04
2.17E+04
2.18E+04
2.18E+04
2.18E+04
2.18E+04
2.18E+04
2.18E+04
2.18E+04
2.19E+04
2.19E+04
2.19E+04
2.19E+04
2.19E+04
2.19E+04
2.19E+04
2.20E+04
2.20E+04
2.20E+04
2.20E+04
2.20E+04
2.20E+04
2.21E+04
2.21E+04
2.21E+04
2.21E+04
2.21E+04
2.21E+04
2.21E+04
2.22E+04
2.22E+04
2.22E+04
2.22E+04
2.22E+04
2.22E+04
2.23E+04
2.23E+04
2.23E+04
2.23E+04
2.23E+04
2.23E+04
2.23E+04
2.24E+04
2.24E+04
2.24E+04
2.24E+04
2.24E+04
2.24E+04
2.25E+04
2.25E+04
2.25E+04
2.25E+04
2.25E+04
2.25E+04
2.26E+04
2.26E+04
2.26E+04
2.26E+04
2.26E+04
2.26E+04
2.26E+04
2.27E+04
2.27E+04
2.27E+04
2.27E+04
2.27E+04
2.27E+04
2.28E+04
2.28E+04
2.28E+04
2.28E+04
2.28E+04
2.28E+04
2.29E+04
2.29E+04
2.29E+04
2.29E+04
2.29E+04
2.29E+04
2.30E+04
2.30E+04
2.30E+04
2.30E+04
2.30E+04
2.30E+04
2.31E+04
2.31E+04
2.31E+04
2.31E+04
2.31E+04
2.31E+04
2.32E+04
2.32E+04
2.32E+04
2.32E+04
2.32E+04
2.32E+04
2.33E+04
2.33E+04
2.33E+04
2.33E+04
2.33E+04
2.33E+04
2.34E+04
2.34E+04
2.34E+04
2.34E+04
2.34E+04
2.35E+04
2.35E+04
2.35E+04
2.35E+04
2.35E+04
2.35E+04
2.36E+04
2.36E+04
2.36E+04
2.36E+04
2.36E+04
2.36E+04
2.37E+04
2.37E+04
2.37E+04
2.37E+04
2.37E+04
2.37E+04
2.38E+04
2.38E+04
2.38E+04
2.38E+04
2.38E+04
2.39E+04
2.39E+04
2.39E+04
2.39E+04
2.39E+04
2.39E+04
2.40E+04
2.40E+04
2.40E+04
2.40E+04
2.40E+04
2.41E+04
2.41E+04
2.41E+04
2.41E+04
2.41E+04
2.41E+04
2.42E+04
2.42E+04
2.42E+04
2.42E+04
2.42E+04
2.43E+04
2.43E+04
2.43E+04
2.43E+04
2.43E+04
2.43E+04
2.44E+04
2.44E+04
2.44E+04
2.44E+04
2.44E+04
2.45E+04
2.45E+04
2.45E+04
2.45E+04
2.45E+04
2.46E+04
2.46E+04
2.46E+04
2.46E+04
2.46E+04
2.47E+04
2.47E+04
2.47E+04
2.47E+04
2.47E+04
2.47E+04
2.48E+04
2.48E+04
2.48E+04
2.48E+04
2.48E+04
2.49E+04
2.49E+04
2.49E+04
2.49E+04
2.49E+04
2.50E+04
2.50E+04
2.50E+04
2.50E+04
2.50E+04
2.51E+04
2.51E+04
2.51E+04
2.51E+04
2.51E+04
2.52E+04
2.52E+04
2.52E+04
2.52E+04
2.52E+04
2.53E+04
2.53E+04
2.53E+04
2.53E+04
2.53E+04
2.54E+04
2.54E+04
2.54E+04
2.54E+04
2.54E+04
2.55E+04
2.55E+04
2.55E+04
2.55E+04
2.55E+04
2.56E+04
2.56E+04
2.56E+04
2.56E+04
2.57E+04
2.57E+04
2.57E+04
2.57E+04
2.57E+04
2.58E+04
2.58E+04
2.58E+04
2.58E+04
2.58E+04
2.59E+04
2.59E+04
2.59E+04
2.59E+04
2.59E+04
2.60E+04
2.60E+04
2.60E+04
2.60E+04
2.61E+04
2.61E+04
2.61E+04
2.61E+04
2.61E+04
2.62E+04
2.62E+04
2.62E+04
2.62E+04
2.62E+04
2.63E+04
2.63E+04
2.63E+04
2.63E+04
2.64E+04
2.64E+04
2.64E+04
2.64E+04
2.64E+04
2.65E+04
2.65E+04
2.65E+04
2.65E+04
2.66E+04
2.66E+04
2.66E+04
2.66E+04
2.66E+04
2.67E+04
2.67E+04
2.67E+04
2.67E+04
2.68E+04
2.68E+04
2.68E+04
2.68E+04
2.69E+04
2.69E+04
2.69E+04
2.69E+04
2.69E+04
2.70E+04
2.70E+04
2.70E+04
2.70E+04
2.71E+04
2.71E+04
2.71E+04
2.71E+04
2.72E+04
2.72E+04
2.72E+04
2.72E+04
2.73E+04
2.73E+04
2.73E+04
2.73E+04
2.73E+04
2.74E+04
2.74E+04
2.74E+04
2.74E+04
2.75E+04
2.75E+04
2.75E+04
2.75E+04
2.76E+04
2.76E+04
2.76E+04
2.76E+04
2.77E+04
2.77E+04
2.77E+04
2.77E+04
2.78E+04
2.78E+04
2.78E+04
2.78E+04
2.79E+04
2.79E+04
2.79E+04
2.79E+04
2.80E+04
2.80E+04
2.80E+04
2.80E+04
2.81E+04
2.81E+04
2.81E+04
2.81E+04
2.82E+04
2.82E+04
2.82E+04
2.82E+04
2.83E+04
2.83E+04
2.83E+04
2.83E+04
2.84E+04
2.84E+04
2.84E+04
2.84E+04
2.85E+04
2.85E+04
2.85E+04
2.86E+04
2.86E+04
2.86E+04
2.86E+04
2.87E+04
2.87E+04
2.87E+04
2.87E+04
2.88E+04
2.88E+04
2.88E+04
2.88E+04
2.89E+04
2.89E+04
2.89E+04
2.90E+04
2.90E+04
2.90E+04
2.90E+04
2.91E+04
2.91E+04
2.91E+04
2.92E+04
2.92E+04
2.92E+04
2.92E+04
2.93E+04
2.93E+04
2.93E+04
2.93E+04
2.94E+04
2.94E+04
2.94E+04
2.95E+04
2.95E+04
2.95E+04
2.95E+04
2.96E+04
2.96E+04
2.96E+04
2.97E+04
2.97E+04
2.97E+04
2.98E+04
2.98E+04
2.98E+04
2.98E+04
2.99E+04
2.99E+04
2.99E+04
3.00E+04
3.00E+04
3.00E+04
3.00E+04
3.01E+04
3.01E+04
3.01E+04
3.02E+04
3.02E+04
3.02E+04
3.03E+04
3.03E+04
3.03E+04
3.04E+04
3.04E+04
3.04E+04
3.04E+04
3.05E+04
3.05E+04
3.05E+04
3.06E+04
3.06E+04
3.06E+04
3.07E+04
3.07E+04
3.07E+04
3.08E+04
3.08E+04
3.08E+04
3.09E+04
3.09E+04
3.09E+04
3.10E+04
3.10E+04
3.10E+04
3.11E+04
3.11E+04
3.11E+04
3.12E+04
3.12E+04
3.12E+04
3.13E+04
3.13E+04
3.13E+04
3.14E+04
3.14E+04
3.14E+04
3.15E+04
3.15E+04
3.15E+04
3.16E+04
3.16E+04
3.16E+04
3.17E+04
3.17E+04
3.17E+04
3.18E+04
3.18E+04
3.18E+04
3.19E+04
3.19E+04
3.19E+04
3.20E+04
3.20E+04
3.21E+04
3.21E+04
3.21E+04
3.22E+04
3.22E+04
3.22E+04
3.23E+04
3.23E+04
3.23E+04
3.24E+04
3.24E+04
3.25E+04
3.25E+04
3.25E+04
3.26E+04
3.26E+04
3.26E+04
3.27E+04
3.27E+04
3.28E+04
3.28E+04
3.28E+04
3.29E+04
3.29E+04
3.30E+04
3.30E+04
3.30E+04
3.31E+04
3.31E+04
3.32E+04
3.32E+04
3.32E+04
3.33E+04
3.33E+04
3.34E+04
3.34E+04
3.34E+04
3.35E+04
3.35E+04
3.36E+04
3.36E+04
3.36E+04
3.37E+04
3.37E+04
3.38E+04
3.38E+04
3.39E+04
3.39E+04
3.40E+04
3.40E+04
3.40E+04
3.41E+04
3.41E+04
3.42E+04
3.42E+04
3.43E+04
3.43E+04
3.44E+04
3.44E+04
3.44E+04
3.45E+04
3.45E+04
3.46E+04
3.46E+04
3.47E+04
3.47E+04
3.48E+04
3.48E+04
3.49E+04
3.49E+04
3.50E+04
3.50E+04
3.51E+04
3.51E+04
3.52E+04
3.52E+04
3.53E+04
3.53E+04
3.54E+04
3.54E+04
3.55E+04
3.55E+04
3.56E+04
3.56E+04
3.57E+04
3.57E+04
3.58E+04
3.58E+04
3.59E+04
3.59E+04
3.60E+04
3.61E+04
3.61E+04
3.62E+04
3.62E+04
3.63E+04
3.63E+04
3.64E+04
3.65E+04
3.65E+04
3.66E+04
3.66E+04
3.67E+04
3.68E+04
3.68E+04
3.69E+04
3.69E+04
3.70E+04
3.71E+04
3.71E+04
3.72E+04
3.73E+04
3.73E+04
3.74E+04
3.75E+04
3.75E+04
3.76E+04
3.77E+04
3.78E+04
3.78E+04
3.79E+04
3.80E+04
3.80E+04
3.81E+04
3.82E+04
3.83E+04
3.83E+04
3.84E+04
3.85E+04
3.85E+04
3.86E+04
3.87E+04
3.88E+04
3.88E+04
3.89E+04
3.90E+04
3.90E+04
3.91E+04
3.92E+04
3.93E+04
3.94E+04
3.96E+04
3.97E+04
4.01E+04
4.04E+04
4.43E+04
4.44E+04
4.45E+04
4.46E+04
4.60E+04
4.60E+04
4.61E+04
4.61E+04
4.61E+04
4.62E+04
4.62E+04
4.62E+04
4.63E+04
4.63E+04
4.63E+04
4.64E+04
4.64E+04
4.64E+04
4.65E+04
4.65E+04
4.66E+04
4.66E+04
4.66E+04
4.67E+04
4.67E+04
4.68E+04
4.68E+04
4.68E+04
4.69E+04
4.69E+04
4.70E+04
4.70E+04
4.70E+04
4.71E+04
4.71E+04
4.72E+04
4.72E+04
4.73E+04
4.73E+04
4.74E+04
4.74E+04
4.75E+04
4.75E+04
4.76E+04
4.76E+04
4.77E+04
4.77E+04
4.78E+04
4.78E+04
4.79E+04
4.79E+04
4.80E+04
4.80E+04
4.81E+04
4.81E+04
4.82E+04
4.82E+04
4.83E+04
4.84E+04
4.84E+04
4.84E+04
4.85E+04
4.85E+04
4.86E+04
4.87E+04
4.87E+04
4.88E+04
4.88E+04
4.89E+04
4.89E+04
4.90E+04
4.91E+04
4.91E+04
4.92E+04
4.76E+04
4.80E+04
5.33E+04
5.33E+04
5.34E+04
5.35E+04
5.47E+04
5.47E+04
5.47E+04
5.48E+04
5.48E+04
5.48E+04
5.48E+04
5.49E+04
5.49E+04
5.49E+04
5.49E+04
5.50E+04
5.50E+04
5.50E+04
5.51E+04
5.51E+04
5.51E+04
5.51E+04
5.52E+04
5.52E+04
5.52E+04
5.53E+04
5.53E+04
5.53E+04
5.54E+04
5.54E+04
5.54E+04
5.55E+04
5.55E+04
5.55E+04
5.56E+04
5.56E+04
5.56E+04
5.57E+04
5.57E+04
5.57E+04
5.58E+04
5.58E+04
5.59E+04
5.59E+04
5.59E+04
5.60E+04
5.60E+04
5.61E+04
5.61E+04
5.61E+04
5.62E+04
5.62E+04
5.62E+04
5.63E+04
5.63E+04
5.64E+04
5.64E+04
5.65E+04
5.65E+04
5.65E+04
5.66E+04
5.66E+04
5.67E+04
5.67E+04
5.68E+04
5.55E+04
5.58E+04
6.03E+04
6.03E+04
6.04E+04
6.05E+04
6.15E+04
6.15E+04
6.15E+04
6.16E+04
6.16E+04
6.16E+04
6.16E+04
6.16E+04
6.16E+04
6.17E+04
6.17E+04
6.17E+04
6.17E+04
6.17E+04
6.18E+04
6.18E+04
6.18E+04
6.18E+04
6.18E+04
6.19E+04
6.19E+04
6.19E+04
6.19E+04
6.20E+04
6.20E+04
6.20E+04
6.20E+04
6.21E+04
6.21E+04
6.21E+04
6.21E+04
6.22E+04
6.22E+04
6.22E+04
6.23E+04
6.23E+04
6.23E+04
6.23E+04
6.24E+04
6.24E+04
6.24E+04
6.24E+04
6.25E+04
6.25E+04
6.25E+04
6.26E+04
6.26E+04
6.26E+04
6.27E+04
6.27E+04
6.27E+04
6.27E+04
6.28E+04
6.17E+04
6.18E+04
6.21E+04
6.59E+04
6.60E+04
6.60E+04
6.61E+04
6.70E+04
6.70E+04
6.70E+04
6.70E+04
6.70E+04
6.70E+04
6.71E+04
6.71E+04
6.71E+04
6.71E+04
6.71E+04
6.71E+04
6.71E+04
6.71E+04
6.72E+04
6.72E+04
6.72E+04
6.72E+04
6.72E+04
6.72E+04
6.73E+04
6.73E+04
6.73E+04
6.73E+04
6.73E+04
6.74E+04
6.74E+04
6.74E+04
6.74E+04
6.74E+04
6.75E+04
6.75E+04
6.75E+04
6.75E+04
6.75E+04
6.76E+04
6.76E+04
6.76E+04
6.76E+04
6.76E+04
6.77E+04
6.77E+04
6.77E+04
6.78E+04
6.78E+04
6.69E+04
6.72E+04
7.05E+04
7.05E+04
7.06E+04
7.06E+04
7.14E+04
7.14E+04
7.14E+04
7.14E+04
7.14E+04
7.15E+04
7.15E+04
7.15E+04
7.15E+04
7.15E+04
7.15E+04
7.15E+04
7.15E+04
7.15E+04
7.15E+04
7.15E+04
7.16E+04
7.16E+04
7.16E+04
7.16E+04
7.16E+04
7.16E+04
7.16E+04
7.16E+04
7.16E+04
7.16E+04
7.17E+04
7.17E+04
7.17E+04
7.17E+04
7.17E+04
7.17E+04
7.18E+04
7.18E+04
7.18E+04
7.18E+04
7.18E+04
7.18E+04
7.11E+04
7.12E+04
7.14E+04
7.43E+04
7.43E+04
7.44E+04
7.44E+04
7.51E+04
7.51E+04
7.51E+04
7.51E+04
7.51E+04
7.51E+04
7.51E+04
7.52E+04
7.52E+04
7.52E+04
7.52E+04
7.52E+04
7.52E+04
7.52E+04
7.52E+04
7.52E+04
7.52E+04
7.52E+04
7.52E+04
7.52E+04
7.52E+04
7.52E+04
7.52E+04
7.52E+04
7.53E+04
7.53E+04
7.53E+04
7.53E+04
7.53E+04
7.53E+04
7.54E+04
7.48E+04
7.49E+04
7.75E+04
7.75E+04
7.75E+04
7.75E+04
7.76E+04
7.82E+04
7.82E+04
7.82E+04
7.82E+04
7.82E+04
7.82E+04
7.83E+04
7.83E+04
7.83E+04
7.83E+04
7.83E+04
7.82E+04
7.82E+04
7.83E+04
7.83E+04
7.83E+04
7.83E+04
7.83E+04
7.83E+04
7.83E+04
7.83E+04
7.83E+04
7.83E+04
7.83E+04
7.78E+04
7.78E+04
7.80E+04
8.03E+04
8.03E+04
8.03E+04
8.04E+04
8.09E+04
8.09E+04
8.09E+04
8.09E+04
8.09E+04
8.09E+04
8.09E+04
8.09E+04
8.09E+04
8.09E+04
8.09E+04
8.09E+04
8.09E+04
8.09E+04
8.09E+04
8.09E+04
8.09E+04
8.09E+04
8.09E+04
8.04E+04
8.05E+04
8.06E+04
8.27E+04
8.27E+04
8.27E+04
8.27E+04
8.33E+04
8.33E+04
8.33E+04
8.33E+04
8.33E+04
8.32E+04
8.32E+04
8.32E+04
8.32E+04
8.32E+04
8.32E+04
8.32E+04
8.32E+04
8.32E+04
8.28E+04
8.29E+04
8.30E+04
8.48E+04
8.48E+04
8.48E+04
8.49E+04
8.53E+04
8.53E+04
8.53E+04
8.53E+04
8.53E+04
8.53E+04
8.53E+04
8.53E+04
8.53E+04
8.53E+04
8.49E+04
8.50E+04
8.69E+04
8.69E+04
8.69E+04
8.69E+04
8.69E+04
8.73E+04
8.73E+04
8.73E+04
8.73E+04
8.73E+04
8.69E+04
8.70E+04
8.70E+04
8.86E+04
8.86E+04
8.86E+04
8.86E+04
8.90E+04
8.89E+04
8.87E+04
8.87E+04
8.87E+04
9.01E+04
9.01E+04
9.01E+04
9.01E+04
9.02E+04
9.02E+04
9.14E+04
9.13E+04
9.11E+04
9.11E+04
9.11E+04
9.23E+04
9.22E+04
9.28E+04
9.29E+04
9.38E+04
9.48E+04
9.48E+04
9.49E+04
9.51E+04
9.53E+04
9.52E+04
9.52E+04
9.51E+04
9.50E+04
9.50E+04
9.49E+04
9.48E+04
9.48E+04
9.47E+04
9.46E+04
9.46E+04
9.45E+04
9.44E+04
9.44E+04
9.43E+04
9.42E+04
9.42E+04
9.41E+04
9.40E+04
9.40E+04
9.39E+04
9.38E+04
9.38E+04
9.37E+04
9.36E+04
9.36E+04
9.35E+04
9.35E+04
9.34E+04
9.33E+04
9.33E+04
9.32E+04
9.31E+04
9.31E+04
9.30E+04
9.30E+04
9.29E+04
9.28E+04
9.28E+04
9.27E+04
9.26E+04
9.26E+04
9.25E+04
9.25E+04
9.24E+04
9.24E+04
9.23E+04
9.23E+04
9.22E+04
9.21E+04
9.21E+04
9.21E+04
9.21E+04
9.20E+04
9.20E+04
9.22E+04
9.28E+04
9.17E+04
9.15E+04
9.14E+04
9.14E+04
9.13E+04
9.10E+04
9.09E+04
9.11E+04
9.11E+04
9.10E+04
9.09E+04
9.09E+04
9.09E+04
9.08E+04
9.08E+04
9.07E+04
9.06E+04
9.06E+04
9.05E+04
9.04E+04
9.04E+04
9.03E+04
9.02E+04
9.02E+04
9.01E+04
9.00E+04
9.00E+04
8.99E+04
8.99E+04
8.98E+04
8.97E+04
8.97E+04
8.96E+04
8.95E+04
8.95E+04
8.94E+04
8.93E+04
8.93E+04
8.92E+04
8.91E+04
8.91E+04
8.90E+04
8.90E+04
8.89E+04
8.88E+04
8.88E+04
8.87E+04
8.86E+04
8.86E+04
8.85E+04
8.85E+04
8.84E+04
8.83E+04
8.83E+04
8.82E+04
8.82E+04
8.81E+04
8.80E+04
8.80E+04
8.79E+04
8.78E+04
8.78E+04
8.77E+04
8.77E+04
8.76E+04
8.75E+04
8.75E+04
8.74E+04
8.74E+04
8.73E+04
8.72E+04
8.72E+04
8.71E+04
8.70E+04
8.70E+04
8.69E+04
8.69E+04
8.68E+04
8.67E+04
8.66E+04
8.66E+04
8.69E+04
8.68E+04
8.67E+04
8.67E+04
8.67E+04
8.67E+04
8.66E+04
8.65E+04
8.65E+04
8.64E+04
8.63E+04
8.63E+04
8.62E+04
8.62E+04
8.61E+04
8.60E+04
8.60E+04
8.59E+04
8.59E+04
8.58E+04
8.57E+04
8.57E+04
8.56E+04
8.55E+04
8.55E+04
8.54E+04
8.54E+04
8.53E+04
8.52E+04
8.52E+04
8.51E+04
8.51E+04
8.50E+04
8.49E+04
8.49E+04
8.48E+04
8.48E+04
8.47E+04
8.47E+04
8.46E+04
8.45E+04
8.45E+04
8.44E+04
8.44E+04
8.43E+04
8.42E+04
8.42E+04
8.41E+04
8.41E+04
8.40E+04
8.39E+04
8.39E+04
8.38E+04
8.38E+04
8.37E+04
8.37E+04
8.36E+04
8.35E+04
8.35E+04
8.34E+04
8.34E+04
8.32E+04
8.32E+04
8.31E+04
8.34E+04
8.34E+04
8.33E+04
8.33E+04
8.32E+04
8.33E+04
8.32E+04
8.31E+04
8.31E+04
8.30E+04
8.30E+04
8.29E+04
8.28E+04
8.28E+04
8.27E+04
8.27E+04
8.26E+04
8.25E+04
8.25E+04
8.24E+04
8.24E+04
8.23E+04
8.23E+04
8.22E+04
8.22E+04
8.21E+04
8.20E+04
8.20E+04
8.19E+04
8.19E+04
8.18E+04
8.18E+04
8.17E+04
8.16E+04
8.16E+04
8.15E+04
8.15E+04
8.14E+04
8.14E+04
8.13E+04
8.12E+04
8.12E+04
8.11E+04
8.11E+04
8.10E+04
8.10E+04
8.09E+04
8.09E+04
8.08E+04
8.07E+04
8.07E+04
8.06E+04
8.06E+04
8.05E+04
8.04E+04
8.07E+04
8.07E+04
8.06E+04
8.06E+04
8.05E+04
8.06E+04
8.05E+04
8.04E+04
8.04E+04
8.03E+04
8.03E+04
8.02E+04
8.02E+04
8.01E+04
8.01E+04
8.00E+04
7.99E+04
7.99E+04
7.98E+04
7.98E+04
7.97E+04
7.97E+04
7.96E+04
7.96E+04
7.95E+04
7.95E+04
7.94E+04
7.95E+04
7.95E+04
7.94E+04
7.94E+04
7.93E+04
7.93E+04
7.92E+04
7.92E+04
7.91E+04
7.90E+04
7.90E+04
7.89E+04
7.89E+04
7.88E+04
7.88E+04
7.87E+04
7.87E+04
7.86E+04
7.85E+04
7.84E+04
7.84E+04
7.87E+04
7.86E+04
7.86E+04
7.85E+04
7.85E+04
7.85E+04
7.85E+04
7.84E+04
7.84E+04
7.83E+04
7.83E+04
7.82E+04
7.81E+04
7.81E+04
7.80E+04
7.80E+04
7.79E+04
7.79E+04
7.78E+04
7.78E+04
7.77E+04
7.77E+04
7.76E+04
7.76E+04
7.75E+04
7.74E+04
7.74E+04
7.73E+04
7.73E+04
7.72E+04
7.72E+04
7.71E+04
7.71E+04
7.70E+04
7.70E+04
7.69E+04
7.69E+04
7.68E+04
7.67E+04
7.66E+04
7.66E+04
7.69E+04
7.68E+04
7.68E+04
7.67E+04
7.67E+04
7.67E+04
7.67E+04
7.66E+04
7.66E+04
7.65E+04
7.65E+04
7.64E+04
7.64E+04
7.63E+04
7.63E+04
7.62E+04
7.62E+04
7.61E+04
7.61E+04
7.60E+04
7.59E+04
7.59E+04
7.58E+04
7.58E+04
7.57E+04
7.57E+04
7.56E+04
7.56E+04
7.55E+04
7.55E+04
7.54E+04
7.53E+04
7.53E+04
7.56E+04
7.55E+04
7.55E+04
7.54E+04
7.54E+04
7.54E+04
7.54E+04
7.53E+04
7.53E+04
7.52E+04
7.52E+04
7.51E+04
7.51E+04
7.50E+04
7.50E+04
7.49E+04
7.49E+04
7.48E+04
7.47E+04
7.47E+04
7.46E+04
7.46E+04
7.45E+04
7.45E+04
7.44E+04
7.43E+04
7.43E+04
7.46E+04
7.45E+04
7.45E+04
7.44E+04
7.44E+04
7.44E+04
7.44E+04
7.43E+04
7.43E+04
7.42E+04
7.42E+04
7.41E+04
7.41E+04
7.40E+04
7.40E+04
7.39E+04
7.39E+04
7.38E+04
7.37E+04
7.37E+04
7.36E+04
7.36E+04
7.39E+04
7.38E+04
7.38E+04
7.37E+04
7.37E+04
7.37E+04
7.37E+04
7.36E+04
7.36E+04
7.35E+04
7.35E+04
7.34E+04
7.34E+04
7.32E+04
7.32E+04
7.32E+04
7.33E+04
7.32E+04
7.32E+04
7.31E+04
7.31E+04
7.31E+04
7.31E+04
7.30E+04
7.30E+04
7.29E+04
7.28E+04
7.28E+04
7.31E+04
7.30E+04
7.30E+04
7.29E+04
7.29E+04
7.28E+04
7.28E+04
7.28E+04
7.30E+04
7.29E+04
7.28E+04
7.28E+04
7.28E+04
7.31E+04
7.31E+04
7.32E+04
7.36E+04
7.38E+04
7.38E+04
7.38E+04
7.38E+04
7.38E+04
7.39E+04
7.38E+04
7.37E+04
7.37E+04
7.36E+04
7.35E+04
7.35E+04
7.34E+04
7.34E+04
7.33E+04
7.32E+04
7.32E+04
7.31E+04
7.31E+04
7.30E+04
7.29E+04
7.29E+04
7.28E+04
7.28E+04
7.27E+04
7.26E+04
7.26E+04
7.25E+04
7.25E+04
7.24E+04
7.23E+04
7.23E+04
7.22E+04
7.22E+04
7.21E+04
7.20E+04
7.20E+04
7.19E+04
7.19E+04
7.18E+04
7.17E+04
7.17E+04
7.16E+04
7.16E+04
7.15E+04
7.14E+04
7.14E+04
7.13E+04
7.13E+04
7.12E+04
7.12E+04
7.11E+04
7.10E+04
7.10E+04
7.09E+04
7.09E+04
7.08E+04
7.07E+04
7.07E+04
7.06E+04
7.06E+04
7.05E+04
7.04E+04
7.04E+04
7.03E+04
7.03E+04
7.02E+04
7.02E+04
7.01E+04
7.00E+04
7.00E+04
6.99E+04
6.99E+04
6.98E+04
6.97E+04
6.97E+04
6.96E+04
6.96E+04
6.95E+04
6.95E+04
6.94E+04
6.93E+04
6.93E+04
6.92E+04
6.92E+04
6.91E+04
6.90E+04
6.90E+04
6.89E+04
6.89E+04
6.88E+04
6.88E+04
6.87E+04
6.86E+04
6.86E+04
6.85E+04
6.85E+04
6.84E+04
6.84E+04
6.83E+04
6.82E+04
6.82E+04
6.81E+04
6.81E+04
6.80E+04
6.80E+04
6.79E+04
6.78E+04
6.78E+04
6.77E+04
6.77E+04
6.76E+04
6.76E+04
6.75E+04
6.74E+04
6.74E+04
6.73E+04
6.73E+04
6.72E+04
6.72E+04
6.71E+04
6.70E+04
6.70E+04
6.69E+04
6.69E+04
6.68E+04
6.68E+04
6.67E+04
6.66E+04
6.66E+04
6.65E+04
6.65E+04
6.64E+04
6.64E+04
6.63E+04
6.63E+04
6.62E+04
6.61E+04
6.61E+04
6.60E+04
6.60E+04
6.59E+04
6.59E+04
6.58E+04
6.58E+04
6.57E+04
6.56E+04
6.56E+04
6.55E+04
6.55E+04
6.54E+04
6.54E+04
6.53E+04
6.53E+04
6.52E+04
6.51E+04
6.51E+04
6.50E+04
6.50E+04
6.49E+04
6.49E+04
6.48E+04
6.47E+04
6.47E+04
6.46E+04
6.46E+04
6.45E+04
6.45E+04
6.44E+04
6.44E+04
6.43E+04
6.43E+04
6.42E+04
6.41E+04
6.41E+04
6.40E+04
6.40E+04
6.39E+04
6.39E+04
6.38E+04
6.38E+04
6.37E+04
6.37E+04
6.36E+04
6.35E+04
6.35E+04
6.34E+04
6.34E+04
6.33E+04
6.33E+04
6.32E+04
6.32E+04
6.31E+04
6.30E+04
6.30E+04
6.29E+04
6.29E+04
6.28E+04
6.28E+04
6.27E+04
6.27E+04
6.26E+04
6.26E+04
6.25E+04
6.25E+04
6.24E+04
6.23E+04
6.23E+04
6.22E+04
6.22E+04
6.21E+04
6.21E+04
6.20E+04
6.20E+04
6.19E+04
6.19E+04
6.18E+04
6.17E+04
6.17E+04
6.16E+04
6.17E+04
6.16E+04
6.15E+04
6.12E+04
6.12E+04
6.11E+04
6.11E+04
6.10E+04
6.09E+04
6.08E+04
6.08E+04
6.07E+04
6.06E+04
6.06E+04
6.05E+04
6.05E+04
6.04E+04
6.04E+04
6.03E+04
6.03E+04
6.02E+04
6.02E+04
6.01E+04
6.01E+04
6.00E+04
6.00E+04
5.99E+04
5.99E+04
5.98E+04
5.98E+04
5.97E+04
5.97E+04
5.96E+04
5.96E+04
5.95E+04
5.95E+04
5.94E+04
5.94E+04
5.93E+04
5.93E+04
5.92E+04
5.92E+04
5.91E+04
5.90E+04
5.90E+04
5.89E+04
5.89E+04
5.88E+04
5.88E+04
5.87E+04
5.87E+04
5.86E+04
5.86E+04
5.85E+04
5.85E+04
5.84E+04
5.84E+04
5.83E+04
5.83E+04
5.82E+04
5.82E+04
5.81E+04
5.81E+04
5.80E+04
5.80E+04
5.79E+04
5.79E+04
5.78E+04
5.79E+04
5.78E+04
5.77E+04
5.77E+04
5.74E+04
5.73E+04
5.73E+04
5.72E+04
5.72E+04
5.71E+04
5.70E+04
5.70E+04
5.69E+04
5.69E+04
5.68E+04
5.68E+04
5.67E+04
5.67E+04
5.66E+04
5.66E+04
5.65E+04
5.65E+04
5.64E+04
5.64E+04
5.63E+04
5.63E+04
5.62E+04
5.62E+04
5.61E+04
5.61E+04
5.60E+04
5.60E+04
5.59E+04
5.59E+04
5.58E+04
5.58E+04
5.57E+04
5.57E+04
5.56E+04
5.56E+04
5.56E+04
5.55E+04
5.55E+04
5.54E+04
5.54E+04
5.53E+04
5.53E+04
5.52E+04
5.52E+04
5.51E+04
5.51E+04
5.50E+04
5.50E+04
5.49E+04
5.49E+04
5.48E+04
5.48E+04
5.47E+04
5.47E+04
5.47E+04
5.46E+04
5.46E+04
5.45E+04
5.43E+04
5.42E+04
5.42E+04
5.41E+04
5.41E+04
5.40E+04
5.39E+04
5.39E+04
5.38E+04
5.38E+04
5.38E+04
5.37E+04
5.37E+04
5.36E+04
5.36E+04
5.35E+04
5.35E+04
5.34E+04
5.34E+04
5.33E+04
5.33E+04
5.32E+04
5.32E+04
5.31E+04
5.31E+04
5.31E+04
5.30E+04
5.30E+04
5.29E+04
5.29E+04
5.28E+04
5.28E+04
5.27E+04
5.27E+04
5.26E+04
5.26E+04
5.25E+04
5.25E+04
5.25E+04
5.24E+04
5.24E+04
5.23E+04
5.23E+04
5.22E+04
5.22E+04
5.21E+04
5.21E+04
5.21E+04
5.20E+04
5.20E+04
5.18E+04
5.17E+04
5.17E+04
5.16E+04
5.16E+04
5.15E+04
5.14E+04
5.14E+04
5.14E+04
5.13E+04
5.13E+04
5.12E+04
5.12E+04
5.11E+04
5.11E+04
5.10E+04
5.10E+04
5.10E+04
5.09E+04
5.09E+04
5.08E+04
5.08E+04
5.07E+04
5.07E+04
5.06E+04
5.06E+04
5.06E+04
5.05E+04
5.05E+04
5.04E+04
5.04E+04
5.03E+04
5.03E+04
5.02E+04
5.02E+04
5.02E+04
5.01E+04
5.01E+04
5.00E+04
5.00E+04
5.00E+04
4.99E+04
4.97E+04
4.97E+04
4.96E+04
4.96E+04
4.95E+04
4.95E+04
4.94E+04
4.94E+04
4.93E+04
4.93E+04
4.92E+04
4.92E+04
4.92E+04
4.91E+04
4.91E+04
4.90E+04
4.90E+04
4.89E+04
4.89E+04
4.89E+04
4.88E+04
4.88E+04
4.87E+04
4.87E+04
4.86E+04
4.86E+04
4.86E+04
4.85E+04
4.85E+04
4.84E+04
4.84E+04
4.84E+04
4.83E+04
4.83E+04
4.82E+04
4.81E+04
4.80E+04
4.80E+04
4.79E+04
4.79E+04
4.79E+04
4.78E+04
4.77E+04
4.77E+04
4.76E+04
4.76E+04
4.76E+04
4.75E+04
4.75E+04
4.74E+04
4.74E+04
4.74E+04
4.73E+04
4.73E+04
4.72E+04
4.72E+04
4.71E+04
4.71E+04
4.71E+04
4.70E+04
4.70E+04
4.70E+04
4.68E+04
4.68E+04
4.67E+04
4.67E+04
4.66E+04
4.66E+04
4.65E+04
4.65E+04
4.64E+04
4.64E+04
4.64E+04
4.63E+04
4.63E+04
4.62E+04
4.62E+04
4.62E+04
4.61E+04
4.61E+04
4.60E+04
4.60E+04
4.60E+04
4.58E+04
4.58E+04
4.57E+04
4.57E+04
4.57E+04
4.56E+04
4.56E+04
4.55E+04
4.55E+04
4.54E+04
4.54E+04
4.54E+04
4.53E+04
4.53E+04
4.52E+04
4.52E+04
4.51E+04
4.50E+04
4.50E+04
4.49E+04
4.49E+04
4.48E+04
4.48E+04
4.47E+04
4.47E+04
4.46E+04
4.45E+04
4.45E+04
4.44E+04
4.44E+04
4.43E+04
4.43E+04
4.42E+04
4.41E+04
4.41E+04
4.39E+04
4.39E+04
4.38E+04
4.38E+04
4.37E+04
4.37E+04
4.36E+04
4.36E+04
4.35E+04
4.35E+04
4.35E+04
4.34E+04
4.34E+04
4.33E+04
4.33E+04
4.33E+04
4.32E+04
4.32E+04
4.32E+04
4.31E+04
4.31E+04
4.31E+04
4.30E+04
4.30E+04
4.30E+04
4.29E+04
4.29E+04
4.28E+04
4.28E+04
4.28E+04
4.27E+04
4.27E+04
4.27E+04
4.26E+04
4.26E+04
4.26E+04
4.25E+04
4.25E+04
4.25E+04
4.24E+04
4.24E+04
4.24E+04
4.23E+04
4.23E+04
4.23E+04
4.22E+04
4.22E+04
4.21E+04
4.21E+04
4.21E+04
4.20E+04
4.20E+04
4.20E+04
4.19E+04
4.19E+04
4.19E+04
4.18E+04
4.18E+04
4.18E+04
4.17E+04
4.17E+04
4.17E+04
4.16E+04
4.16E+04
4.16E+04
4.15E+04
4.15E+04
4.15E+04
4.14E+04
4.14E+04
4.14E+04
4.13E+04
4.13E+04
4.13E+04
4.12E+04
4.12E+04
4.12E+04
4.11E+04
4.11E+04
4.11E+04
4.10E+04
4.10E+04
4.09E+04
4.09E+04
4.09E+04
4.08E+04
4.08E+04
4.08E+04
4.07E+04
4.07E+04
4.07E+04
4.06E+04
4.06E+04
4.06E+04
4.05E+04
4.05E+04
4.05E+04
4.04E+04
4.04E+04
4.04E+04
4.03E+04
4.03E+04
4.03E+04
4.02E+04
4.02E+04
4.02E+04
4.01E+04
4.01E+04
4.01E+04
4.00E+04
4.00E+04
4.00E+04
3.99E+04
3.99E+04
3.99E+04
3.99E+04
3.98E+04
3.98E+04
3.98E+04
3.97E+04
3.97E+04
3.97E+04
3.96E+04
3.96E+04
3.96E+04
3.95E+04
3.95E+04
3.95E+04
3.94E+04
3.94E+04
3.94E+04
3.93E+04
3.93E+04
3.93E+04
3.92E+04
3.92E+04
3.92E+04
3.91E+04
3.91E+04
3.91E+04
3.90E+04
3.90E+04
3.90E+04
3.89E+04
3.89E+04
3.89E+04
3.88E+04
3.88E+04
3.88E+04
3.87E+04
3.87E+04
3.87E+04
3.86E+04
3.86E+04
3.86E+04
3.86E+04
3.85E+04
3.85E+04
3.85E+04
3.84E+04
3.84E+04
3.84E+04
3.83E+04
3.83E+04
3.83E+04
3.82E+04
3.82E+04
3.82E+04
3.81E+04
3.81E+04
3.81E+04
3.81E+04
3.80E+04
3.80E+04
3.80E+04
3.79E+04
3.79E+04
3.79E+04
3.78E+04
3.78E+04
3.78E+04
3.77E+04
3.77E+04
3.77E+04
3.76E+04
3.76E+04
3.76E+04
3.76E+04
3.75E+04
3.75E+04
3.75E+04
3.74E+04
3.74E+04
3.74E+04
3.73E+04
3.73E+04
3.73E+04
3.72E+04
3.72E+04
3.72E+04
3.72E+04
3.71E+04
3.71E+04
3.71E+04
3.70E+04
3.70E+04
3.70E+04
3.69E+04
3.69E+04
3.69E+04
3.69E+04
3.68E+04
3.68E+04
3.68E+04
3.67E+04
3.67E+04
3.67E+04
3.66E+04
3.66E+04
3.66E+04
3.65E+04
3.65E+04
3.65E+04
3.65E+04
3.64E+04
3.64E+04
3.64E+04
3.63E+04
3.63E+04
3.63E+04
3.62E+04
3.62E+04
3.62E+04
3.62E+04
3.61E+04
3.61E+04
3.61E+04
3.60E+04
3.60E+04
3.60E+04
3.60E+04
3.59E+04
3.59E+04
3.59E+04
3.58E+04
3.58E+04
3.58E+04
3.58E+04
3.57E+04
3.57E+04
3.57E+04
3.56E+04
3.56E+04
3.56E+04
3.55E+04
3.55E+04
3.55E+04
3.55E+04
3.54E+04
3.54E+04
3.54E+04
3.53E+04
3.53E+04
3.53E+04
3.53E+04
3.52E+04
3.52E+04
3.52E+04
3.51E+04
3.51E+04
3.51E+04
3.51E+04
3.50E+04
3.50E+04
3.50E+04
3.49E+04
3.49E+04
3.49E+04
3.49E+04
3.48E+04
3.48E+04
3.48E+04
3.47E+04
3.47E+04
3.47E+04
3.47E+04
3.46E+04
3.46E+04
3.46E+04
3.45E+04
3.45E+04
3.45E+04
3.45E+04
3.44E+04
3.44E+04
3.44E+04
3.43E+04
3.43E+04
3.43E+04
3.43E+04
3.42E+04
3.42E+04
3.42E+04
3.42E+04
3.41E+04
3.41E+04
3.41E+04
3.40E+04
3.40E+04
3.40E+04
3.40E+04
3.39E+04
3.39E+04
3.39E+04
3.38E+04
3.38E+04
3.38E+04
3.38E+04
3.37E+04
3.37E+04
3.37E+04
3.37E+04
3.36E+04
3.36E+04
3.36E+04
3.35E+04
3.35E+04
3.35E+04
3.35E+04
3.34E+04
3.34E+04
3.34E+04
3.34E+04
3.33E+04
3.33E+04
3.33E+04
3.33E+04
3.32E+04
3.32E+04
3.32E+04
3.31E+04
3.31E+04
3.31E+04
3.31E+04
3.30E+04
3.30E+04
3.30E+04
3.30E+04
3.29E+04
3.29E+04
3.29E+04
3.29E+04
3.28E+04
3.28E+04
3.28E+04
3.27E+04
3.27E+04
3.27E+04
3.27E+04
3.26E+04
3.26E+04
3.26E+04
3.26E+04
3.25E+04
3.25E+04
3.25E+04
3.25E+04
3.24E+04
3.24E+04
3.24E+04
3.24E+04
3.23E+04
3.23E+04
3.23E+04
3.23E+04
3.22E+04
3.22E+04
3.22E+04
3.22E+04
3.21E+04
3.21E+04
3.21E+04
3.21E+04
3.20E+04
3.20E+04
3.20E+04
3.20E+04
3.19E+04
3.19E+04
3.19E+04
3.19E+04
3.18E+04
3.18E+04
3.18E+04
3.18E+04
3.17E+04
3.17E+04
3.17E+04
3.17E+04
3.17E+04
3.17E+04
3.17E+04
3.17E+04
3.17E+04
3.16E+04
3.16E+04
3.16E+04
3.16E+04
3.15E+04
3.15E+04
3.15E+04
3.15E+04
3.14E+04
3.14E+04
3.14E+04
3.14E+04
3.13E+04
3.13E+04
3.13E+04
3.13E+04
3.12E+04
3.12E+04
3.12E+04
3.12E+04
3.11E+04
3.11E+04
3.11E+04
3.11E+04
3.10E+04
3.10E+04
3.10E+04
3.10E+04
3.09E+04
3.09E+04
3.09E+04
3.09E+04
3.08E+04
3.08E+04
3.08E+04
3.08E+04
3.07E+04
3.07E+04
3.07E+04
3.07E+04
3.06E+04
3.06E+04
3.06E+04
3.06E+04
3.05E+04
3.05E+04
3.05E+04
3.05E+04
3.04E+04
3.04E+04
3.04E+04
3.04E+04
3.04E+04
3.03E+04
3.03E+04
3.03E+04
3.02E+04
3.02E+04
3.02E+04
3.02E+04
3.02E+04
3.02E+04
3.02E+04
3.01E+04
3.01E+04
3.01E+04
3.01E+04
3.01E+04
3.00E+04
3.00E+04
3.00E+04
3.00E+04
2.99E+04
2.99E+04
2.99E+04
2.99E+04
2.98E+04
2.98E+04
2.98E+04
2.98E+04
2.98E+04
2.97E+04
2.97E+04
2.97E+04
2.97E+04
2.96E+04
2.96E+04
2.96E+04
2.96E+04
2.95E+04
2.95E+04
2.95E+04
2.95E+04
2.94E+04
2.94E+04
2.94E+04
2.94E+04
2.94E+04
2.93E+04
2.93E+04
2.93E+04
2.93E+04
2.92E+04
2.92E+04
2.92E+04
2.92E+04
2.91E+04
2.91E+04
2.91E+04
2.91E+04
2.90E+04
2.90E+04
2.91E+04
2.90E+04
2.90E+04
2.90E+04
2.90E+04
2.90E+04
2.89E+04
2.89E+04
2.89E+04
2.89E+04
2.89E+04
2.88E+04
2.88E+04
2.88E+04
2.88E+04
2.88E+04
2.87E+04
2.87E+04
2.87E+04
2.87E+04
2.86E+04
2.86E+04
2.86E+04
2.86E+04
2.86E+04
2.85E+04
2.85E+04
2.85E+04
2.85E+04
2.84E+04
2.84E+04
2.84E+04
2.84E+04
2.84E+04
2.83E+04
2.83E+04
2.83E+04
2.83E+04
2.82E+04
2.82E+04
2.82E+04
2.82E+04
2.82E+04
2.82E+04
2.82E+04
2.82E+04
2.81E+04
2.81E+04
2.81E+04
2.81E+04
2.81E+04
2.81E+04
2.80E+04
2.80E+04
2.80E+04
2.80E+04
2.79E+04
2.79E+04
2.79E+04
2.79E+04
2.79E+04
2.78E+04
2.78E+04
2.78E+04
2.78E+04
2.78E+04
2.77E+04
2.77E+04
2.77E+04
2.77E+04
2.77E+04
2.76E+04
2.76E+04
2.76E+04
2.76E+04
2.75E+04
2.75E+04
2.76E+04
2.76E+04
2.75E+04
2.75E+04
2.75E+04
2.75E+04
2.74E+04
2.75E+04
2.74E+04
2.74E+04
2.74E+04
2.74E+04
2.74E+04
2.74E+04
2.73E+04
2.73E+04
2.73E+04
2.73E+04
2.73E+04
2.73E+04
2.73E+04
2.72E+04
2.72E+04
2.72E+04
2.72E+04
2.72E+04
2.72E+04
2.72E+04
2.72E+04
2.72E+04
2.72E+04
2.72E+04
2.72E+04
2.72E+04
2.72E+04
2.72E+04
2.71E+04
2.71E+04
2.71E+04
2.71E+04
2.71E+04
2.71E+04
2.71E+04
2.71E+04
2.70E+04
2.70E+04
2.71E+04
2.71E+04
2.71E+04
2.71E+04
2.71E+04
2.71E+04
2.70E+04
2.70E+04
2.70E+04
2.70E+04
2.70E+04
2.70E+04
2.70E+04
2.71E+04
2.70E+04
2.70E+04
2.70E+04
2.70E+04
2.70E+04
2.70E+04
2.70E+04
2.71E+04
2.71E+04
2.70E+04
2.71E+04
2.71E+04
2.71E+04
2.71E+04
2.71E+04
2.70E+04
2.70E+04
2.70E+04
2.70E+04
2.70E+04
2.70E+04
2.69E+04
2.69E+04
2.69E+04
2.69E+04
2.68E+04
2.68E+04
2.68E+04
2.68E+04
2.67E+04
2.67E+04
2.67E+04
2.67E+04
2.66E+04
2.66E+04
2.66E+04
2.66E+04
2.66E+04
2.65E+04
2.65E+04
2.65E+04
2.65E+04
2.64E+04
2.64E+04
2.64E+04
2.64E+04
2.63E+04
2.63E+04
2.63E+04
2.63E+04
2.63E+04
2.62E+04
2.62E+04
2.62E+04
2.62E+04
2.61E+04
2.61E+04
2.61E+04
2.61E+04
2.60E+04
2.60E+04
2.60E+04
2.60E+04
2.59E+04
2.59E+04
2.59E+04
2.59E+04
2.59E+04
2.58E+04
2.58E+04
2.58E+04
2.58E+04
2.57E+04
2.57E+04
2.57E+04
2.57E+04
2.56E+04
2.56E+04
2.56E+04
2.56E+04
2.56E+04
2.55E+04
2.55E+04
2.55E+04
2.55E+04
2.54E+04
2.54E+04
2.54E+04
2.54E+04
2.54E+04
2.53E+04
2.53E+04
2.53E+04
2.53E+04
2.52E+04
2.52E+04
2.52E+04
2.52E+04
2.52E+04
2.51E+04
2.51E+04
2.51E+04
2.51E+04
2.50E+04
2.50E+04
2.50E+04
2.50E+04
2.49E+04
2.49E+04
2.49E+04
2.49E+04
2.49E+04
2.48E+04
2.48E+04
2.48E+04
2.48E+04
2.47E+04
2.47E+04
2.47E+04
2.47E+04
2.47E+04
2.46E+04
2.46E+04
2.46E+04
2.46E+04
2.46E+04
2.45E+04
2.45E+04
2.45E+04
2.45E+04
2.44E+04
2.44E+04
2.44E+04
2.44E+04
2.44E+04
2.43E+04
2.43E+04
2.43E+04
2.43E+04
2.42E+04
2.42E+04
2.42E+04
2.42E+04
2.42E+04
2.41E+04
2.41E+04
2.41E+04
2.41E+04
2.40E+04
2.40E+04
2.40E+04
2.40E+04
2.40E+04
2.39E+04
2.39E+04
2.39E+04
2.39E+04
2.39E+04
2.38E+04
2.38E+04
2.38E+04
2.38E+04
2.37E+04
2.37E+04
2.37E+04
2.37E+04
2.37E+04
2.36E+04
2.36E+04
2.36E+04
2.36E+04
2.36E+04
2.35E+04
2.35E+04
2.35E+04
2.35E+04
2.34E+04
2.34E+04
2.34E+04
2.34E+04
2.34E+04
2.33E+04
2.33E+04
2.33E+04
2.33E+04
2.33E+04
2.32E+04
2.32E+04
2.32E+04
2.32E+04
2.32E+04
2.31E+04
2.31E+04
2.31E+04
2.31E+04
2.31E+04
2.30E+04
2.30E+04
2.30E+04
2.30E+04
2.29E+04
2.29E+04
2.29E+04
2.29E+04
2.29E+04
2.28E+04
2.28E+04
2.28E+04
2.28E+04
2.28E+04
2.27E+04
2.27E+04
2.27E+04
2.27E+04
2.27E+04
2.26E+04
2.26E+04
2.26E+04
2.26E+04
2.26E+04
2.25E+04
2.25E+04
2.25E+04
2.25E+04
2.25E+04
2.24E+04
2.24E+04
2.24E+04
2.24E+04
2.23E+04
2.23E+04
2.23E+04
2.23E+04
2.23E+04
2.22E+04
2.22E+04
2.22E+04
2.22E+04
2.22E+04
2.21E+04
2.21E+04
2.21E+04
2.21E+04
2.21E+04
2.20E+04
2.20E+04
2.20E+04
2.20E+04
2.20E+04
2.19E+04
2.19E+04
2.19E+04
2.19E+04
2.19E+04
2.18E+04
2.18E+04
2.18E+04
2.18E+04
2.18E+04
2.17E+04
2.17E+04
2.17E+04
2.17E+04
2.17E+04
2.16E+04
2.16E+04
2.16E+04
2.16E+04
2.16E+04
2.15E+04
2.15E+04
2.15E+04
2.15E+04
2.15E+04
2.14E+04
2.14E+04
2.14E+04
2.14E+04
2.14E+04
2.14E+04
2.13E+04
2.13E+04
2.13E+04
2.13E+04
2.13E+04
2.12E+04
2.12E+04
2.12E+04
2.12E+04
2.12E+04
2.11E+04
2.11E+04
2.11E+04
2.11E+04
2.11E+04
2.10E+04
2.10E+04
2.10E+04
2.10E+04
2.10E+04
2.09E+04
2.09E+04
2.09E+04
2.09E+04
2.09E+04
2.08E+04
2.08E+04
2.08E+04
2.08E+04
2.08E+04
2.08E+04
2.07E+04
2.07E+04
2.07E+04
2.07E+04
2.07E+04
2.06E+04
2.06E+04
2.06E+04
2.06E+04
2.06E+04
2.05E+04
2.05E+04
2.05E+04
2.05E+04
2.05E+04
2.04E+04
2.04E+04
2.04E+04
2.04E+04
2.04E+04
2.04E+04
2.03E+04
2.03E+04
2.03E+04
2.03E+04
2.03E+04
2.02E+04
2.02E+04
2.02E+04
2.02E+04
2.02E+04
2.01E+04
2.01E+04
2.01E+04
2.01E+04
2.01E+04
2.01E+04
2.00E+04
2.00E+04
2.00E+04
2.00E+04
2.00E+04
1.99E+04
1.99E+04
1.99E+04
1.99E+04
1.99E+04
1.98E+04
1.98E+04
1.98E+04
1.98E+04
1.98E+04
1.98E+04
1.97E+04
1.97E+04
1.97E+04
1.97E+04
1.97E+04
1.96E+04
1.96E+04
1.96E+04
1.96E+04
1.96E+04
1.96E+04
1.95E+04
1.95E+04
1.95E+04
1.95E+04
1.95E+04
1.94E+04
1.94E+04
1.94E+04
1.94E+04
1.94E+04
1.94E+04
1.93E+04
1.93E+04
1.93E+04
1.93E+04
1.93E+04
1.92E+04
1.92E+04
1.92E+04
1.92E+04
1.92E+04
1.92E+04
1.91E+04
1.91E+04
1.91E+04
1.91E+04
1.91E+04
1.90E+04
1.90E+04
1.90E+04
1.90E+04
1.90E+04
1.90E+04
1.89E+04
1.89E+04
1.89E+04
1.89E+04
1.89E+04
1.88E+04
1.88E+04
1.88E+04
1.88E+04
1.88E+04
1.88E+04
1.87E+04
1.87E+04
1.87E+04
1.87E+04
1.87E+04
1.87E+04
1.86E+04
1.86E+04
1.86E+04
1.86E+04
1.86E+04
1.85E+04
1.85E+04
1.85E+04
1.85E+04
1.85E+04
1.85E+04
1.84E+04
1.84E+04
1.84E+04
1.84E+04
1.84E+04
1.84E+04
1.83E+04
1.83E+04
1.83E+04
1.83E+04
1.83E+04
1.82E+04
1.82E+04
1.82E+04
1.82E+04
1.82E+04
1.82E+04
1.81E+04
1.81E+04
1.81E+04
1.81E+04
1.81E+04
1.81E+04
1.80E+04
1.80E+04
1.80E+04
1.80E+04
1.80E+04
1.80E+04
1.79E+04
1.79E+04
1.79E+04
1.79E+04
1.79E+04
1.78E+04
1.78E+04
1.78E+04
1.78E+04
1.78E+04
1.78E+04
1.77E+04
1.77E+04
1.77E+04
1.77E+04
1.77E+04
1.77E+04
1.76E+04
1.76E+04
1.76E+04
1.76E+04
1.76E+04
1.76E+04
1.75E+04
1.75E+04
1.75E+04
1.75E+04
1.75E+04
1.75E+04
1.74E+04
1.74E+04
1.74E+04
1.74E+04
1.74E+04
1.74E+04
1.73E+04
1.73E+04
1.73E+04
1.73E+04
1.73E+04
1.73E+04
1.72E+04
1.72E+04
1.72E+04
1.72E+04
1.72E+04
1.71E+04
1.71E+04
1.71E+04
1.71E+04
1.71E+04
1.71E+04
1.70E+04
1.70E+04
1.70E+04
1.70E+04
1.70E+04
1.70E+04
1.69E+04
1.69E+04
1.69E+04
1.69E+04
1.69E+04
1.69E+04
1.68E+04
1.68E+04
1.68E+04
1.68E+04
1.68E+04
1.68E+04
1.67E+04
1.67E+04
1.67E+04
1.67E+04
1.67E+04
1.67E+04
1.66E+04
1.66E+04
1.66E+04
1.66E+04
1.66E+04
1.66E+04
1.65E+04
1.65E+04
1.65E+04
1.65E+04
1.65E+04
1.65E+04
1.64E+04
1.64E+04
1.64E+04
1.64E+04
1.64E+04
1.64E+04
1.63E+04
1.63E+04
1.63E+04
1.63E+04
1.63E+04
1.63E+04
1.62E+04
1.62E+04
1.62E+04
1.62E+04
1.62E+04
1.62E+04
1.61E+04
1.61E+04
1.61E+04
1.61E+04
1.61E+04
1.61E+04
1.60E+04
1.60E+04
1.60E+04
1.60E+04
1.60E+04
1.60E+04
1.59E+04
1.59E+04
1.59E+04
1.59E+04
1.59E+04
1.59E+04
1.58E+04
1.58E+04
1.58E+04
1.58E+04
1.58E+04
1.58E+04
1.57E+04
1.57E+04
1.57E+04
1.57E+04
1.57E+04
1.57E+04
1.56E+04
1.56E+04
1.56E+04
1.56E+04
1.56E+04
1.56E+04
1.55E+04
1.55E+04
1.55E+04
1.55E+04
1.55E+04
1.55E+04
1.55E+04
1.53E+04
1.53E+04
1.53E+04
1.53E+04
1.53E+04
1.53E+04
1.52E+04
1.52E+04
1.52E+04
1.52E+04
1.51E+04
1.51E+04
1.51E+04
1.51E+04
1.51E+04
1.51E+04
1.51E+04
1.50E+04
1.50E+04
1.50E+04
1.50E+04
1.50E+04
1.50E+04
1.49E+04
1.49E+04
1.49E+04
1.49E+04
1.49E+04
1.49E+04
1.48E+04
1.48E+04
1.48E+04
1.48E+04
1.48E+04
1.48E+04
1.47E+04
1.47E+04
1.47E+04
1.47E+04
1.47E+04
1.47E+04
1.46E+04
1.46E+04
1.46E+04
1.46E+04
1.46E+04
1.46E+04
1.46E+04
1.46E+04
1.45E+04
1.45E+04
1.45E+04
1.44E+04
1.44E+04
1.43E+04
1.43E+04
1.43E+04
1.43E+04
1.43E+04
1.43E+04
1.42E+04
1.42E+04
1.42E+04
1.41E+04
1.41E+04
1.41E+04
1.41E+04
1.41E+04
1.41E+04
1.41E+04
1.40E+04
1.40E+04
1.40E+04
1.40E+04
1.39E+04
1.39E+04
1.39E+04
1.39E+04
1.39E+04
1.39E+04
1.38E+04
1.38E+04
1.38E+04
1.38E+04
1.38E+04
1.38E+04
1.37E+04
1.37E+04
1.37E+04
1.37E+04
1.37E+04
1.37E+04
1.36E+04
1.36E+04
1.35E+04
1.35E+04
1.35E+04
1.35E+04
1.35E+04
1.34E+04
1.34E+04
1.34E+04
1.33E+04
1.33E+04
1.33E+04
1.33E+04
1.33E+04
1.32E+04
1.32E+04
1.32E+04
1.32E+04
1.32E+04
1.32E+04
1.32E+04
1.31E+04
1.31E+04
1.31E+04
1.30E+04
1.30E+04
1.30E+04
1.30E+04
1.30E+04
1.30E+04
1.30E+04
1.30E+04
1.29E+04
1.29E+04
1.28E+04
1.28E+04
1.28E+04
1.28E+04
1.28E+04
1.27E+04
1.27E+04
1.27E+04
1.26E+04
1.26E+04
1.26E+04
1.26E+04
1.26E+04
1.26E+04
1.25E+04
1.25E+04
1.25E+04
1.25E+04
1.25E+04
1.25E+04
1.24E+04
1.24E+04
1.24E+04
1.24E+04
1.23E+04
1.23E+04
1.22E+04
1.22E+04
1.22E+04
1.22E+04
1.22E+04
1.22E+04
1.21E+04
1.21E+04
1.20E+04
1.20E+04
1.20E+04
1.20E+04
1.20E+04
1.20E+04
1.20E+04
1.19E+04
1.19E+04
1.19E+04
1.18E+04
1.18E+04
1.18E+04
1.18E+04
1.18E+04
1.17E+04
1.16E+04
1.16E+04
1.15E+04
1.14E+04
1.14E+04
1.14E+04
1.14E+04
1.14E+04
1.14E+04
1.13E+04
1.13E+04
1.13E+04
1.13E+04
1.13E+04
1.13E+04
1.13E+04
1.12E+04
1.12E+04
1.12E+04
1.12E+04
1.12E+04
1.12E+04
1.12E+04
1.12E+04
1.12E+04
1.12E+04
1.11E+04
1.11E+04
1.11E+04
1.11E+04
1.11E+04
1.11E+04
1.11E+04
1.11E+04
1.11E+04
1.11E+04
1.10E+04
1.10E+04
1.10E+04
1.10E+04
1.10E+04
1.10E+04
1.10E+04
1.10E+04
1.10E+04
1.10E+04
1.09E+04
1.09E+04
1.09E+04
1.09E+04
1.09E+04
1.09E+04
1.09E+04
1.09E+04
1.09E+04
1.09E+04
1.08E+04
1.08E+04
1.08E+04
1.08E+04
1.08E+04
1.08E+04
1.08E+04
1.08E+04
1.08E+04
1.08E+04
1.08E+04
1.07E+04
1.07E+04
1.07E+04
1.07E+04
1.07E+04
1.07E+04
1.07E+04
1.07E+04
1.07E+04
1.07E+04
1.06E+04
1.06E+04
1.06E+04
1.06E+04
1.06E+04
1.06E+04
1.06E+04
1.06E+04
1.06E+04
1.06E+04
1.05E+04
1.05E+04
1.05E+04
1.05E+04
1.05E+04
1.05E+04
1.05E+04
1.05E+04
1.05E+04
1.05E+04
1.05E+04
1.04E+04
1.04E+04
1.04E+04
1.04E+04
1.04E+04
1.04E+04
1.04E+04
1.04E+04
1.04E+04
1.04E+04
1.04E+04
1.03E+04
1.03E+04
1.03E+04
1.03E+04
1.03E+04
1.03E+04
1.03E+04
1.03E+04
1.03E+04
1.03E+04
1.03E+04
1.02E+04
1.02E+04
1.02E+04
1.02E+04
1.02E+04
1.02E+04
1.02E+04
1.02E+04
1.02E+04
1.02E+04
1.01E+04
1.01E+04
1.01E+04
1.01E+04
1.01E+04
1.01E+04
1.01E+04
1.01E+04
1.01E+04
1.01E+04
1.01E+04
1.00E+04
1.00E+04
1.00E+04
1.00E+04
1.00E+04
1.00E+04
9.99E+03
9.98E+03
9.97E+03
9.96E+03
9.95E+03
9.95E+03
9.94E+03
9.93E+03
9.92E+03
9.91E+03
9.90E+03
9.89E+03
9.88E+03
9.88E+03
9.87E+03
9.86E+03
9.85E+03
9.84E+03
9.83E+03
9.82E+03
9.81E+03
9.80E+03
9.80E+03
9.79E+03
9.78E+03
9.77E+03
9.76E+03
9.75E+03
9.74E+03
9.73E+03
9.72E+03
9.72E+03
9.71E+03
9.70E+03
9.69E+03
9.68E+03
9.67E+03
9.66E+03
9.65E+03
9.65E+03
9.64E+03
9.63E+03
9.62E+03
9.61E+03
9.60E+03
9.59E+03
9.58E+03
9.58E+03
9.57E+03
9.56E+03
9.55E+03
9.54E+03
9.53E+03
9.52E+03
9.52E+03
9.51E+03
9.50E+03
9.49E+03
9.48E+03
9.47E+03
9.46E+03
9.46E+03
9.45E+03
9.44E+03
9.43E+03
9.42E+03
9.41E+03
9.41E+03
9.40E+03
9.39E+03
9.38E+03
9.37E+03
9.36E+03
9.35E+03
9.35E+03
9.34E+03
9.33E+03
9.32E+03
9.31E+03
9.30E+03
9.30E+03
9.29E+03
9.28E+03
9.27E+03
9.26E+03
9.25E+03
9.24E+03
9.24E+03
9.23E+03
9.22E+03
9.21E+03
9.20E+03
9.19E+03
9.19E+03
9.18E+03
9.17E+03
9.16E+03
9.15E+03
9.14E+03
9.14E+03
9.13E+03
9.12E+03
9.11E+03
9.10E+03
9.09E+03
9.09E+03
9.08E+03
9.07E+03
9.06E+03
9.05E+03
9.05E+03
9.04E+03
9.03E+03
9.02E+03
9.01E+03
9.01E+03
9.00E+03
8.99E+03
8.98E+03
8.97E+03
8.96E+03
8.96E+03
8.95E+03
8.94E+03
8.93E+03
8.92E+03
8.92E+03
8.91E+03
8.90E+03
8.89E+03
8.88E+03
8.88E+03
8.87E+03
8.86E+03
8.85E+03
8.84E+03
8.83E+03
8.83E+03
8.82E+03
8.81E+03
8.80E+03
8.79E+03
8.79E+03
8.78E+03
8.77E+03
8.76E+03
8.75E+03
8.75E+03
8.74E+03
8.73E+03
8.72E+03
8.71E+03
8.71E+03
8.70E+03
8.69E+03
8.68E+03
8.68E+03
8.67E+03
8.66E+03
8.65E+03
8.64E+03
8.64E+03
8.63E+03
8.62E+03
8.61E+03
8.61E+03
8.60E+03
8.59E+03
8.58E+03
8.57E+03
8.57E+03
8.56E+03
8.55E+03
8.54E+03
8.54E+03
8.53E+03
8.52E+03
8.51E+03
8.50E+03
8.50E+03
8.49E+03
8.48E+03
8.47E+03
8.47E+03
8.46E+03
8.45E+03
8.44E+03
8.43E+03
8.43E+03
8.42E+03
8.41E+03
8.40E+03
8.40E+03
8.39E+03
8.38E+03
8.37E+03
8.37E+03
8.36E+03
8.35E+03
8.34E+03
8.33E+03
8.33E+03
8.32E+03
8.31E+03
8.30E+03
8.30E+03
8.29E+03
8.28E+03
8.27E+03
8.27E+03
8.26E+03
8.25E+03
8.24E+03
8.24E+03
8.23E+03
8.22E+03
8.21E+03
8.21E+03
8.20E+03
8.19E+03
8.18E+03
8.18E+03
8.17E+03
8.16E+03
8.15E+03
8.15E+03
8.14E+03
8.13E+03
8.12E+03
8.12E+03
8.11E+03
8.10E+03
8.09E+03
8.09E+03
8.08E+03
8.07E+03
8.07E+03
8.06E+03
8.05E+03
8.04E+03
8.04E+03
8.03E+03
8.02E+03
8.01E+03
8.01E+03
8.00E+03
7.99E+03
7.98E+03
7.98E+03
7.97E+03
7.96E+03
7.95E+03
7.95E+03
7.94E+03
7.93E+03
7.93E+03
7.92E+03
7.91E+03
7.90E+03
7.90E+03
7.89E+03
7.88E+03
7.88E+03
7.87E+03
7.86E+03
7.85E+03
7.85E+03
7.84E+03
7.83E+03
7.83E+03
7.82E+03
7.81E+03
7.80E+03
7.80E+03
7.79E+03
7.78E+03
7.78E+03
7.77E+03
7.76E+03
7.75E+03
7.75E+03
7.74E+03
7.73E+03
7.73E+03
7.72E+03
7.71E+03
7.70E+03
7.70E+03
7.69E+03
7.68E+03
7.68E+03
7.67E+03
7.66E+03
7.65E+03
7.65E+03
7.64E+03
7.63E+03
7.63E+03
7.62E+03
7.61E+03
7.61E+03
7.60E+03
7.59E+03
7.58E+03
7.58E+03
7.57E+03
7.56E+03
7.56E+03
7.55E+03
7.54E+03
7.54E+03
7.53E+03
7.52E+03
7.52E+03
7.51E+03
7.50E+03
7.49E+03
7.49E+03
7.48E+03
7.47E+03
7.47E+03
7.46E+03
7.45E+03
7.45E+03
7.44E+03
7.43E+03
7.43E+03
7.42E+03
7.41E+03
7.41E+03
7.40E+03
7.39E+03
7.38E+03
7.38E+03
7.37E+03
7.36E+03
7.36E+03
7.35E+03
7.34E+03
7.34E+03
7.33E+03
7.32E+03
7.32E+03
7.31E+03
7.30E+03
7.30E+03
7.29E+03
7.28E+03
7.28E+03
7.27E+03
7.26E+03
7.26E+03
7.25E+03
7.24E+03
7.24E+03
7.23E+03
7.22E+03
7.22E+03
7.21E+03
7.20E+03
7.20E+03
7.19E+03
7.18E+03
7.18E+03
7.17E+03
7.16E+03
7.16E+03
7.15E+03
7.14E+03
7.14E+03
7.13E+03
7.12E+03
7.12E+03
7.11E+03
7.10E+03
7.10E+03
7.09E+03
7.08E+03
7.08E+03
7.07E+03
7.06E+03
7.06E+03
7.05E+03
7.04E+03
7.04E+03
7.03E+03
7.02E+03
7.02E+03
7.01E+03
7.00E+03
7.00E+03
6.99E+03
6.99E+03
6.98E+03
6.97E+03
6.97E+03
6.96E+03
6.95E+03
6.95E+03
6.94E+03
6.93E+03
6.93E+03
6.92E+03
6.91E+03
6.91E+03
6.90E+03
6.89E+03
6.89E+03
6.88E+03
6.88E+03
6.87E+03
6.86E+03
6.86E+03
6.85E+03
6.84E+03
6.84E+03
6.83E+03
6.83E+03
6.82E+03
6.81E+03
6.81E+03
6.80E+03
6.79E+03
6.79E+03
6.78E+03
6.77E+03
6.77E+03
6.76E+03
6.76E+03
6.75E+03
6.74E+03
6.74E+03
6.73E+03
6.72E+03
6.72E+03
6.71E+03
6.70E+03
6.70E+03
6.69E+03
6.69E+03
6.68E+03
6.67E+03
6.67E+03
6.66E+03
6.65E+03
6.65E+03
6.64E+03
6.64E+03
6.63E+03
6.62E+03
6.62E+03
6.61E+03
6.60E+03
6.60E+03
6.59E+03
6.59E+03
6.58E+03
6.57E+03
6.57E+03
6.56E+03
6.56E+03
6.55E+03
6.54E+03
6.54E+03
6.53E+03
6.53E+03
6.52E+03
6.51E+03
6.51E+03
6.50E+03
6.49E+03
6.49E+03
6.48E+03
6.48E+03
6.47E+03
6.46E+03
6.46E+03
6.45E+03
6.45E+03
6.44E+03
6.43E+03
6.43E+03
6.42E+03
6.41E+03
6.41E+03
6.40E+03
6.40E+03
6.39E+03
6.38E+03
6.38E+03
6.37E+03
6.37E+03
6.36E+03
6.35E+03
6.35E+03
6.34E+03
6.34E+03
6.33E+03
6.32E+03
6.32E+03
6.31E+03
6.31E+03
6.30E+03
6.29E+03
6.29E+03
6.28E+03
6.28E+03
6.27E+03
6.27E+03
6.26E+03
6.25E+03
6.25E+03
6.24E+03
6.24E+03
6.23E+03
6.22E+03
6.22E+03
6.21E+03
6.21E+03
6.20E+03
6.19E+03
6.19E+03
6.18E+03
6.18E+03
6.17E+03
6.16E+03
6.16E+03
6.15E+03
6.15E+03
6.14E+03
6.13E+03
6.13E+03
6.12E+03
6.12E+03
6.11E+03
6.11E+03
6.10E+03
6.09E+03
6.09E+03
6.08E+03
6.08E+03
6.07E+03
6.06E+03
6.06E+03
6.05E+03
6.05E+03
6.04E+03
6.04E+03
6.03E+03
6.02E+03
6.02E+03
6.01E+03
6.01E+03
6.00E+03
5.99E+03
5.99E+03
5.98E+03
5.97E+03
5.97E+03
5.96E+03
5.96E+03
5.95E+03
5.95E+03
5.94E+03
5.94E+03
5.93E+03
5.92E+03
5.91E+03
5.91E+03
5.90E+03
5.90E+03
5.89E+03
5.89E+03
5.88E+03
5.87E+03
5.87E+03
5.86E+03
5.86E+03
5.85E+03
5.85E+03
5.84E+03
5.83E+03
5.83E+03
5.82E+03
5.81E+03
5.81E+03
5.80E+03
5.80E+03
5.79E+03
5.79E+03
5.78E+03
5.77E+03
5.77E+03
5.76E+03
5.76E+03
5.75E+03
5.75E+03
5.74E+03
5.73E+03
5.73E+03
5.72E+03
5.72E+03
5.71E+03
5.70E+03
5.70E+03
5.69E+03
5.69E+03
5.68E+03
5.67E+03
5.67E+03
5.66E+03
5.66E+03
5.65E+03
5.64E+03
5.64E+03
5.63E+03
5.63E+03
5.62E+03
5.62E+03
5.61E+03
5.61E+03
5.60E+03
5.60E+03
5.59E+03
5.58E+03
5.57E+03
5.57E+03
5.56E+03
5.56E+03
5.55E+03
5.55E+03
5.54E+03
5.53E+03
5.53E+03
5.52E+03
5.52E+03
5.51E+03
5.51E+03
5.50E+03
5.50E+03
5.49E+03
5.49E+03
5.48E+03
5.48E+03
5.47E+03
5.46E+03
5.46E+03
5.45E+03
5.44E+03
5.44E+03
5.43E+03
5.42E+03
5.42E+03
5.41E+03
5.41E+03
5.40E+03
5.40E+03
5.39E+03
5.39E+03
5.38E+03
5.37E+03
5.37E+03
5.36E+03
5.36E+03
5.35E+03
5.35E+03
5.34E+03
5.34E+03
5.33E+03
5.33E+03
5.32E+03
5.32E+03
5.31E+03
5.30E+03
5.29E+03
5.29E+03
5.28E+03
5.28E+03
5.27E+03
5.27E+03
5.26E+03
5.26E+03
5.25E+03
5.25E+03
5.24E+03
5.24E+03
5.23E+03
5.22E+03
5.20E+03
5.20E+03
5.19E+03
5.19E+03
5.18E+03
5.18E+03
5.17E+03
5.17E+03
5.16E+03
5.14E+03
5.14E+03
5.13E+03
5.13E+03
5.12E+03
5.12E+03
5.11E+03
5.11E+03
5.10E+03
5.10E+03
5.09E+03
5.08E+03
5.08E+03
5.07E+03
5.07E+03
5.06E+03
5.06E+03
5.05E+03
5.05E+03
5.05E+03
5.04E+03
5.04E+03
5.03E+03
5.03E+03
5.02E+03
5.02E+03
5.01E+03
5.01E+03
5.00E+03
5.00E+03
4.98E+03
4.97E+03
4.97E+03
4.96E+03
4.95E+03
4.95E+03
4.94E+03
4.94E+03
4.93E+03
4.93E+03
4.92E+03
4.92E+03
4.91E+03
4.91E+03
4.90E+03
4.90E+03
4.88E+03
4.88E+03
4.87E+03
4.87E+03
4.86E+03
4.86E+03
4.85E+03
4.85E+03
4.85E+03
4.84E+03
4.83E+03
4.83E+03
4.82E+03
4.81E+03
4.80E+03
4.80E+03
4.79E+03
4.79E+03
4.78E+03
4.77E+03
4.76E+03
4.76E+03
4.75E+03
4.74E+03
4.74E+03
4.73E+03
4.73E+03
4.73E+03
4.73E+03
4.72E+03
4.71E+03
4.71E+03
4.70E+03
4.68E+03
4.67E+03
4.66E+03
4.66E+03
4.66E+03
4.66E+03
4.65E+03
4.65E+03
4.65E+03
4.64E+03
4.63E+03
4.60E+03
4.59E+03
4.59E+03
4.57E+03
4.57E+03
4.56E+03
4.56E+03
4.56E+03
4.55E+03
4.54E+03
4.54E+03
4.53E+03
4.53E+03
4.52E+03
4.52E+03
4.51E+03
4.51E+03
4.50E+03
4.50E+03
4.49E+03
4.49E+03
4.49E+03
4.48E+03
4.48E+03
4.47E+03
4.47E+03
4.47E+03
4.46E+03
4.46E+03
4.45E+03
4.45E+03
4.45E+03
4.44E+03
4.44E+03
4.43E+03
4.43E+03
4.43E+03
4.42E+03
4.42E+03
4.41E+03
4.41E+03
4.41E+03
4.40E+03
4.40E+03
4.39E+03
4.39E+03
4.39E+03
4.38E+03
4.38E+03
4.37E+03
4.37E+03
4.37E+03
4.36E+03
4.36E+03
4.35E+03
4.35E+03
4.35E+03
4.34E+03
4.34E+03
4.33E+03
4.33E+03
4.33E+03
4.32E+03
4.32E+03
4.31E+03
4.31E+03
4.31E+03
4.30E+03
4.30E+03
4.29E+03
4.29E+03
4.29E+03
4.28E+03
4.28E+03
4.27E+03
4.27E+03
4.27E+03
4.26E+03
4.26E+03
4.25E+03
4.25E+03
4.25E+03
4.24E+03
4.24E+03
4.24E+03
4.23E+03
4.23E+03
4.22E+03
4.22E+03
4.22E+03
4.21E+03
4.21E+03
4.20E+03
4.20E+03
4.20E+03
4.19E+03
4.19E+03
4.19E+03
4.18E+03
4.18E+03
4.17E+03
4.17E+03
4.17E+03
4.16E+03
4.16E+03
4.15E+03
4.15E+03
4.15E+03
4.14E+03
4.14E+03
4.14E+03
4.13E+03
4.13E+03
4.12E+03
4.12E+03
4.12E+03
4.11E+03
4.11E+03
4.11E+03
4.10E+03
4.10E+03
4.09E+03
4.09E+03
4.09E+03
4.08E+03
4.08E+03
4.08E+03
4.07E+03
4.07E+03
4.06E+03
4.06E+03
4.06E+03
4.05E+03
4.05E+03
4.05E+03
4.04E+03
4.04E+03
4.03E+03
4.03E+03
4.03E+03
4.02E+03
4.02E+03
4.02E+03
4.01E+03
4.01E+03
4.01E+03
4.00E+03
4.00E+03
3.99E+03
3.99E+03
3.99E+03
3.98E+03
3.98E+03
3.98E+03
3.97E+03
3.97E+03
3.97E+03
3.96E+03
3.96E+03
3.95E+03
3.95E+03
3.95E+03
3.94E+03
3.94E+03
3.94E+03
3.93E+03
3.93E+03
3.93E+03
3.92E+03
3.92E+03
3.91E+03
3.91E+03
3.91E+03
3.90E+03
3.90E+03
3.90E+03
3.89E+03
3.89E+03
3.89E+03
3.88E+03
3.88E+03
3.87E+03
3.87E+03
3.87E+03
3.86E+03
3.86E+03
3.86E+03
3.85E+03
3.85E+03
3.85E+03
3.84E+03
3.84E+03
3.84E+03
3.83E+03
3.83E+03
3.83E+03
3.82E+03
3.82E+03
3.82E+03
3.81E+03
3.81E+03
3.80E+03
3.80E+03
3.80E+03
3.79E+03
3.79E+03
3.79E+03
3.78E+03
3.78E+03
3.78E+03
3.77E+03
3.77E+03
3.77E+03
3.76E+03
3.76E+03
3.76E+03
3.75E+03
3.75E+03
3.75E+03
3.74E+03
3.74E+03
3.74E+03
3.73E+03
3.73E+03
3.72E+03
3.72E+03
3.72E+03
3.71E+03
3.71E+03
3.71E+03
3.70E+03
3.70E+03
3.70E+03
3.69E+03
3.69E+03
3.69E+03
3.68E+03
3.68E+03
3.68E+03
3.67E+03
3.67E+03
3.67E+03
3.66E+03
3.66E+03
3.66E+03
3.65E+03
3.65E+03
3.65E+03
3.64E+03
3.64E+03
3.64E+03
3.63E+03
3.63E+03
3.63E+03
3.62E+03
3.62E+03
3.62E+03
3.61E+03
3.61E+03
3.61E+03
3.60E+03
3.60E+03
3.60E+03
3.59E+03
3.59E+03
3.59E+03
3.58E+03
3.58E+03
3.58E+03
3.57E+03
3.57E+03
3.57E+03
3.56E+03
3.56E+03
3.56E+03
3.55E+03
3.55E+03
3.55E+03
3.54E+03
3.54E+03
3.54E+03
3.53E+03
3.53E+03
3.53E+03
3.52E+03
3.52E+03
3.52E+03
3.51E+03
3.51E+03
3.51E+03
3.50E+03
3.50E+03
3.50E+03
3.50E+03
3.49E+03
3.49E+03
3.49E+03
3.48E+03
3.48E+03
3.48E+03
3.47E+03
3.47E+03
3.47E+03
3.46E+03
3.46E+03
3.46E+03
3.45E+03
3.45E+03
3.45E+03
3.44E+03
3.44E+03
3.44E+03
3.43E+03
3.43E+03
3.43E+03
3.43E+03
3.42E+03
3.42E+03
3.42E+03
3.41E+03
3.41E+03
3.41E+03
3.40E+03
3.40E+03
3.40E+03
3.39E+03
3.39E+03
3.39E+03
3.38E+03
3.38E+03
3.38E+03
3.37E+03
3.37E+03
3.37E+03
3.37E+03
3.36E+03
3.36E+03
3.36E+03
3.35E+03
3.35E+03
3.35E+03
3.34E+03
3.34E+03
3.34E+03
3.33E+03
3.33E+03
3.33E+03
3.32E+03
3.32E+03
3.32E+03
3.32E+03
3.31E+03
3.31E+03
3.31E+03
3.30E+03
3.30E+03
3.30E+03
3.29E+03
3.29E+03
3.29E+03
3.28E+03
3.28E+03
3.28E+03
3.28E+03
3.27E+03
3.27E+03
3.27E+03
3.26E+03
3.26E+03
3.26E+03
3.26E+03
3.25E+03
3.25E+03
3.25E+03
3.24E+03
3.24E+03
3.24E+03
3.23E+03
3.23E+03
3.23E+03
3.22E+03
3.22E+03
3.22E+03
3.22E+03
3.21E+03
3.21E+03
3.21E+03
3.20E+03
3.20E+03
3.20E+03
3.20E+03
3.19E+03
3.19E+03
3.19E+03
3.18E+03
3.18E+03
3.18E+03
3.17E+03
3.17E+03
3.17E+03
3.17E+03
3.16E+03
3.16E+03
3.16E+03
3.15E+03
3.15E+03
3.15E+03
3.14E+03
3.14E+03
3.14E+03
3.14E+03
3.13E+03
3.13E+03
3.13E+03
3.12E+03
3.12E+03
3.12E+03
3.12E+03
3.11E+03
3.11E+03
3.11E+03
3.10E+03
3.10E+03
3.10E+03
3.10E+03
3.09E+03
3.09E+03
3.09E+03
3.08E+03
3.08E+03
3.08E+03
3.08E+03
3.07E+03
3.07E+03
3.07E+03
3.06E+03
3.06E+03
3.06E+03
3.06E+03
3.05E+03
3.05E+03
3.05E+03
3.04E+03
3.04E+03
3.04E+03
3.04E+03
3.03E+03
3.03E+03
3.03E+03
3.02E+03
3.02E+03
3.02E+03
3.02E+03
3.01E+03
3.01E+03
3.01E+03
3.00E+03
3.00E+03
3.00E+03
3.00E+03
2.99E+03
2.99E+03
2.99E+03
2.99E+03
2.98E+03
2.98E+03
2.98E+03
2.97E+03
2.97E+03
2.97E+03
2.97E+03
2.96E+03
2.96E+03
2.96E+03
2.95E+03
2.95E+03
2.95E+03
2.95E+03
2.94E+03
2.94E+03
2.94E+03
2.94E+03
2.93E+03
2.93E+03
2.93E+03
2.92E+03
2.92E+03
2.92E+03
2.92E+03
2.91E+03
2.91E+03
2.91E+03
2.91E+03
2.90E+03
2.90E+03
2.90E+03
2.89E+03
2.89E+03
2.89E+03
2.89E+03
2.88E+03
2.88E+03
2.88E+03
2.88E+03
2.87E+03
2.87E+03
2.87E+03
2.86E+03
2.86E+03
2.86E+03
2.86E+03
2.85E+03
2.85E+03
2.85E+03
2.85E+03
2.84E+03
2.84E+03
2.84E+03
2.84E+03
2.83E+03
2.83E+03
2.83E+03
2.82E+03
2.82E+03
2.82E+03
2.82E+03
2.81E+03
2.81E+03
2.81E+03
2.81E+03
2.80E+03
2.80E+03
2.80E+03
2.80E+03
2.79E+03
2.79E+03
2.79E+03
2.79E+03
2.78E+03
2.78E+03
2.78E+03
2.78E+03
2.77E+03
2.77E+03
2.77E+03
2.76E+03
2.76E+03
2.76E+03
2.76E+03
2.75E+03
2.75E+03
2.75E+03
2.75E+03
2.74E+03
2.74E+03
2.74E+03
2.74E+03
2.73E+03
2.73E+03
2.73E+03
2.73E+03
2.72E+03
2.72E+03
2.72E+03
2.72E+03
2.71E+03
2.71E+03
2.71E+03
2.71E+03
2.70E+03
2.70E+03
2.70E+03
2.70E+03
2.69E+03
2.69E+03
2.69E+03
2.69E+03
2.68E+03
2.68E+03
2.68E+03
2.67E+03
2.67E+03
2.67E+03
2.67E+03
2.66E+03
2.66E+03
2.66E+03
2.66E+03
2.65E+03
2.65E+03
2.65E+03
2.65E+03
2.64E+03
2.64E+03
2.64E+03
2.64E+03
2.64E+03
2.63E+03
2.63E+03
2.63E+03
2.63E+03
2.62E+03
2.62E+03
2.62E+03
2.62E+03
2.61E+03
2.61E+03
2.61E+03
2.61E+03
2.60E+03
2.60E+03
2.60E+03
2.60E+03
2.59E+03
2.59E+03
2.59E+03
2.59E+03
2.58E+03
2.58E+03
2.58E+03
2.58E+03
2.57E+03
2.57E+03
2.57E+03
2.57E+03
2.56E+03
2.56E+03
2.56E+03
2.56E+03
2.55E+03
2.55E+03
2.55E+03
2.55E+03
2.54E+03
2.54E+03
2.54E+03
2.54E+03
2.53E+03
2.53E+03
2.53E+03
2.53E+03
2.52E+03
2.52E+03
2.52E+03
2.52E+03
2.52E+03
2.51E+03
2.51E+03
2.51E+03
2.51E+03
2.50E+03
2.50E+03
2.50E+03
2.50E+03
2.49E+03
2.49E+03
2.49E+03
2.49E+03
2.48E+03
2.48E+03
2.48E+03
2.48E+03
2.48E+03
2.47E+03
2.47E+03
2.47E+03
2.47E+03
2.46E+03
2.46E+03
2.46E+03
2.46E+03
2.45E+03
2.45E+03
2.45E+03
2.45E+03
2.44E+03
2.44E+03
2.44E+03
2.44E+03
2.44E+03
2.43E+03
2.43E+03
2.43E+03
2.43E+03
2.42E+03
2.42E+03
2.42E+03
2.42E+03
2.41E+03
2.41E+03
2.41E+03
2.41E+03
2.40E+03
2.40E+03
2.40E+03
2.40E+03
2.40E+03
2.39E+03
2.39E+03
2.39E+03
2.39E+03
2.38E+03
2.38E+03
2.38E+03
2.38E+03
2.38E+03
2.37E+03
2.37E+03
2.37E+03
2.37E+03
2.36E+03
2.36E+03
2.36E+03
2.36E+03
2.35E+03
2.35E+03
2.35E+03
2.35E+03
2.35E+03
2.34E+03
2.34E+03
2.34E+03
2.34E+03
2.33E+03
2.33E+03
2.33E+03
2.33E+03
2.32E+03
2.32E+03
2.32E+03
2.32E+03
2.32E+03
2.31E+03
2.31E+03
2.31E+03
2.30E+03
2.30E+03
2.30E+03
2.30E+03
2.30E+03
2.29E+03
2.29E+03
2.29E+03
2.29E+03
2.28E+03
2.28E+03
2.28E+03
2.28E+03
2.28E+03
2.27E+03
2.27E+03
2.27E+03
2.27E+03
2.26E+03
2.26E+03
2.26E+03
2.26E+03
2.25E+03
2.25E+03
2.25E+03
2.25E+03
2.25E+03
2.24E+03
2.24E+03
2.24E+03
2.24E+03
2.23E+03
2.23E+03
2.23E+03
2.23E+03
2.23E+03
2.22E+03
2.22E+03
2.22E+03
2.22E+03
2.21E+03
2.21E+03
2.21E+03
2.21E+03
2.21E+03
2.20E+03
2.20E+03
2.20E+03
2.20E+03
2.19E+03
2.19E+03
2.19E+03
2.19E+03
2.19E+03
2.18E+03
2.18E+03
2.18E+03
2.18E+03
2.17E+03
2.17E+03
2.17E+03
2.17E+03
2.17E+03
2.16E+03
2.16E+03
2.16E+03
2.16E+03
2.15E+03
2.15E+03
2.15E+03
2.15E+03
2.15E+03
2.15E+03
2.14E+03
2.14E+03
2.14E+03
2.14E+03
2.13E+03
2.13E+03
2.13E+03
2.13E+03
2.12E+03
2.12E+03
2.12E+03
2.12E+03
2.12E+03
2.11E+03
2.11E+03
2.11E+03
2.11E+03
2.10E+03
2.10E+03
2.10E+03
2.10E+03
2.10E+03
2.09E+03
2.09E+03
2.09E+03
2.09E+03
2.09E+03
2.08E+03
2.08E+03
2.08E+03
2.08E+03
2.08E+03
2.07E+03
2.07E+03
2.07E+03
2.07E+03
2.07E+03
2.06E+03
2.06E+03
2.06E+03
2.05E+03
2.05E+03
2.05E+03
2.05E+03
2.05E+03
2.04E+03
2.04E+03
2.04E+03
2.04E+03
2.04E+03
2.03E+03
2.03E+03
2.03E+03
2.03E+03
2.03E+03
2.02E+03
2.02E+03
2.02E+03
2.02E+03
2.02E+03
2.01E+03
2.01E+03
2.01E+03
2.01E+03
2.01E+03
2.00E+03
2.00E+03
2.00E+03
2.00E+03
2.00E+03
2.00E+03
1.99E+03
1.99E+03
1.99E+03
1.99E+03
1.99E+03
1.98E+03
1.98E+03
1.98E+03
1.97E+03
1.97E+03
1.97E+03
1.97E+03
1.97E+03
1.96E+03
1.96E+03
1.96E+03
1.96E+03
1.96E+03
1.95E+03
1.95E+03
1.95E+03
1.95E+03
1.95E+03
1.94E+03
1.94E+03
1.94E+03
1.94E+03
1.94E+03
1.93E+03
1.93E+03
1.93E+03
1.93E+03
1.93E+03
1.93E+03
1.92E+03
1.92E+03
1.92E+03
1.92E+03
1.92E+03
1.91E+03
1.91E+03
1.91E+03
1.90E+03
1.90E+03
1.90E+03
1.90E+03
1.89E+03
1.89E+03
1.89E+03
1.89E+03
1.89E+03
1.89E+03
1.88E+03
1.88E+03
1.88E+03
1.88E+03
1.88E+03
1.87E+03
1.87E+03
1.87E+03
1.87E+03
1.87E+03
1.86E+03
1.86E+03
1.86E+03
1.86E+03
1.86E+03
1.86E+03
1.85E+03
1.85E+03
1.85E+03
1.85E+03
1.85E+03
1.85E+03
1.84E+03
1.84E+03
1.84E+03
1.84E+03
1.84E+03
1.83E+03
1.83E+03
1.83E+03
1.83E+03
1.82E+03
1.82E+03
1.82E+03
1.82E+03
1.82E+03
1.81E+03
1.81E+03
1.81E+03
1.81E+03
1.81E+03
1.80E+03
1.80E+03
1.80E+03
1.80E+03
1.80E+03
1.80E+03
1.79E+03
1.79E+03
1.79E+03
1.79E+03
1.79E+03
1.79E+03
1.78E+03
1.78E+03
1.78E+03
1.78E+03
1.78E+03
1.78E+03
1.77E+03
1.77E+03
1.77E+03
1.77E+03
1.76E+03
1.76E+03
1.76E+03
1.76E+03
1.76E+03
1.75E+03
1.75E+03
1.75E+03
1.75E+03
1.75E+03
1.75E+03
1.74E+03
1.74E+03
1.74E+03
1.74E+03
1.74E+03
1.73E+03
1.73E+03
1.73E+03
1.73E+03
1.73E+03
1.73E+03
1.72E+03
1.72E+03
1.72E+03
1.72E+03
1.72E+03
1.72E+03
1.71E+03
1.71E+03
1.71E+03
1.71E+03
1.71E+03
1.70E+03
1.70E+03
1.70E+03
1.70E+03
1.69E+03
1.69E+03
1.69E+03
1.69E+03
1.69E+03
1.69E+03
1.68E+03
1.69E+03
1.68E+03
1.68E+03
1.68E+03
1.68E+03
1.68E+03
1.67E+03
1.67E+03
1.67E+03
1.67E+03
1.67E+03
1.67E+03
1.67E+03
1.66E+03
1.66E+03
1.66E+03
1.66E+03
1.66E+03
1.65E+03
1.65E+03
1.65E+03
1.65E+03
1.64E+03
1.64E+03
1.64E+03
1.64E+03
1.64E+03
1.64E+03
1.63E+03
1.63E+03
1.63E+03
1.63E+03
1.63E+03
1.62E+03
1.62E+03
1.62E+03
1.62E+03
1.62E+03
1.62E+03
1.62E+03
1.62E+03
1.61E+03
1.61E+03
1.61E+03
1.61E+03
1.60E+03
1.59E+03
1.59E+03
1.59E+03
1.59E+03
1.59E+03
1.59E+03
1.59E+03
1.58E+03
1.58E+03
1.58E+03
1.58E+03
1.57E+03
1.57E+03
1.57E+03
1.57E+03
1.57E+03
1.57E+03
1.57E+03
1.57E+03
1.56E+03
1.56E+03
1.56E+03
1.55E+03
1.55E+03
1.55E+03
1.55E+03
1.54E+03
1.54E+03
1.54E+03
1.54E+03
1.54E+03
1.54E+03
1.53E+03
1.53E+03
1.52E+03
1.52E+03
1.52E+03
1.51E+03
1.51E+03
1.51E+03
1.51E+03
1.51E+03
1.51E+03
1.50E+03
1.50E+03
1.50E+03
1.50E+03
1.50E+03
1.49E+03
1.49E+03
1.49E+03
1.49E+03
1.49E+03
1.49E+03
1.49E+03
1.48E+03
1.48E+03
1.48E+03
1.48E+03
1.48E+03
1.48E+03
1.48E+03
1.47E+03
1.47E+03
1.47E+03
1.47E+03
1.47E+03
1.47E+03
1.47E+03
1.46E+03
1.46E+03
1.46E+03
1.46E+03
1.46E+03
1.46E+03
1.46E+03
1.45E+03
1.45E+03
1.45E+03
1.45E+03
1.45E+03
1.45E+03
1.45E+03
1.45E+03
1.44E+03
1.44E+03
1.44E+03
1.44E+03
1.44E+03
1.44E+03
1.44E+03
1.43E+03
1.43E+03
1.43E+03
1.43E+03
1.43E+03
1.43E+03
1.43E+03
1.43E+03
1.42E+03
1.42E+03
1.42E+03
1.42E+03
1.42E+03
1.42E+03
1.42E+03
1.41E+03
1.41E+03
1.41E+03
1.41E+03
1.41E+03
1.41E+03
1.41E+03
1.41E+03
1.40E+03
1.40E+03
1.40E+03
1.40E+03
1.40E+03
1.40E+03
1.40E+03
1.40E+03
1.39E+03
1.39E+03
1.39E+03
1.39E+03
1.39E+03
1.39E+03
1.39E+03
1.38E+03
1.38E+03
1.38E+03
1.38E+03
1.38E+03
1.38E+03
1.38E+03
1.38E+03
1.37E+03
1.37E+03
1.37E+03
1.37E+03
1.37E+03
1.37E+03
1.37E+03
1.37E+03
1.36E+03
1.36E+03
1.36E+03
1.36E+03
1.36E+03
1.36E+03
1.36E+03
1.36E+03
1.35E+03
1.35E+03
1.35E+03
1.35E+03
1.35E+03
1.35E+03
1.35E+03
1.35E+03
1.34E+03
1.34E+03
1.34E+03
1.34E+03
1.34E+03
1.34E+03
1.34E+03
1.34E+03
1.33E+03
1.33E+03
1.33E+03
1.33E+03
1.33E+03
1.33E+03
1.33E+03
1.33E+03
1.32E+03
1.32E+03
1.32E+03
1.32E+03
1.32E+03
1.32E+03
1.32E+03
1.32E+03
1.31E+03
1.31E+03
1.31E+03
1.31E+03
1.31E+03
1.31E+03
1.31E+03
1.31E+03
1.30E+03
1.30E+03
1.30E+03
1.30E+03
1.30E+03
1.30E+03
1.30E+03
1.30E+03
1.29E+03
1.29E+03
1.29E+03
1.29E+03
1.29E+03
1.29E+03
1.29E+03
1.29E+03
1.28E+03
1.28E+03
1.28E+03
1.28E+03
1.28E+03
1.28E+03
1.28E+03
1.28E+03
1.28E+03
1.27E+03
1.27E+03
1.27E+03
1.27E+03
1.27E+03
1.27E+03
1.27E+03
1.27E+03
1.26E+03
1.26E+03
1.26E+03
1.26E+03
1.26E+03
1.26E+03
1.26E+03
1.26E+03
1.26E+03
1.25E+03
1.25E+03
1.25E+03
1.25E+03
1.25E+03
1.25E+03
1.25E+03
1.25E+03
1.24E+03
1.24E+03
1.24E+03
1.24E+03
1.24E+03
1.24E+03
1.24E+03
1.24E+03
1.24E+03
1.23E+03
1.23E+03
1.23E+03
1.23E+03
1.23E+03
1.23E+03
1.23E+03
1.23E+03
1.22E+03
1.22E+03
1.22E+03
1.22E+03
1.22E+03
1.22E+03
1.22E+03
1.22E+03
1.22E+03
1.21E+03
1.21E+03
1.21E+03
1.21E+03
1.21E+03
1.21E+03
1.21E+03
1.21E+03
1.21E+03
1.20E+03
1.20E+03
1.20E+03
1.20E+03
1.20E+03
1.20E+03
1.20E+03
1.20E+03
1.20E+03
1.19E+03
1.19E+03
1.19E+03
1.19E+03
1.19E+03
1.19E+03
1.19E+03
1.19E+03
1.19E+03
1.18E+03
1.18E+03
1.18E+03
1.18E+03
1.18E+03
1.18E+03
1.18E+03
1.18E+03
1.18E+03
1.17E+03
1.17E+03
1.17E+03
1.17E+03
1.17E+03
1.17E+03
1.17E+03
1.17E+03
1.17E+03
1.16E+03
1.16E+03
1.16E+03
1.16E+03
1.16E+03
1.16E+03
1.16E+03
1.16E+03
1.16E+03
1.15E+03
1.15E+03
1.15E+03
1.15E+03
1.15E+03
1.15E+03
1.15E+03
1.15E+03
1.15E+03
1.14E+03
1.14E+03
1.14E+03
1.14E+03
1.14E+03
1.14E+03
1.14E+03
1.14E+03
1.14E+03
1.13E+03
1.13E+03
1.13E+03
1.13E+03
1.13E+03
1.13E+03
1.13E+03
1.13E+03
1.13E+03
1.13E+03
1.12E+03
1.12E+03
1.12E+03
1.12E+03
1.12E+03
1.12E+03
1.12E+03
1.12E+03
1.12E+03
1.11E+03
1.11E+03
1.11E+03
1.11E+03
1.11E+03
1.11E+03
1.11E+03
1.11E+03
1.11E+03
1.11E+03
1.10E+03
1.10E+03
1.10E+03
1.10E+03
1.10E+03
1.10E+03
1.10E+03
1.10E+03
1.10E+03
1.09E+03
1.09E+03
1.09E+03
1.09E+03
1.09E+03
1.09E+03
1.09E+03
1.09E+03
1.09E+03
1.09E+03
1.08E+03
1.08E+03
1.08E+03
1.08E+03
1.08E+03
1.08E+03
1.08E+03
1.08E+03
1.08E+03
1.08E+03
1.07E+03
1.07E+03
1.07E+03
1.07E+03
1.07E+03
1.07E+03
1.07E+03
1.07E+03
1.07E+03
1.07E+03
1.06E+03
1.06E+03
1.06E+03
1.06E+03
1.06E+03
1.06E+03
1.06E+03
1.06E+03
1.06E+03
1.05E+03
1.05E+03
1.05E+03
1.05E+03
1.05E+03
1.05E+03
1.05E+03
1.05E+03
1.05E+03
1.05E+03
1.05E+03
1.04E+03
1.04E+03
1.04E+03
1.04E+03
1.04E+03
1.04E+03
1.04E+03
1.04E+03
1.04E+03
1.04E+03
1.03E+03
1.03E+03
1.03E+03
1.03E+03
1.03E+03
1.03E+03
1.03E+03
1.03E+03
1.03E+03
1.03E+03
1.02E+03
1.02E+03
1.02E+03
1.02E+03
1.02E+03
1.02E+03
1.02E+03
1.02E+03
1.02E+03
1.02E+03
1.01E+03
1.01E+03
1.01E+03
1.01E+03
1.01E+03
1.01E+03
1.01E+03
1.01E+03
1.01E+03
1.01E+03
1.01E+03
1.00E+03
1.00E+03
1.00E+03
1.00E+03
1.00E+03
999
998
997
996
995
994
993
992
991
991
990
989
988
987
986
985
984
983
982
981
980
979
978
977
976
975
975
974
973
972
971
970
969
968
967
966
965
964
963
962
962
961
960
959
958
957
956
955
954
953
952
951
951
950
949
948
947
946
945
944
943
942
941
941
940
939
938
937
936
935
934
933
932
932
931
930
929
928
927
926
926
925
924
923
922
921
920
919
918
918
917
916
915
914
913
912
911
910
910
909
908
907
906
905
904
904
903
902
901
900
899
898
897
897
896
895
894
893
892
891
891
890
889
888
887
886
885
885
884
883
882
881
880
879
879
878
877
876
875
875
874
873
872
871
870
869
869
868
867
866
865
864
864
863
862
861
860
859
859
858
857
856
855
854
854
853
852
851
850
849
849
848
847
846
845
845
844
843
842
841
840
840
839
838
837
836
836
835
834
833
832
831
831
830
829
828
827
827
826
825
824
823
823
822
821
820
820
819
818
817
816
816
815
814
813
812
812
811
810
809
808
808
807
806
805
804
804
803
802
801
801
800
799
798
797
797
796
795
794
794
793
792
791
790
790
789
788
787
786
786
785
784
783
783
782
781
780
779
779
778
777
776
775
775
774
773
772
771
771
770
769
769
768
767
766
766
765
764
763
763
761
761
760
759
758
758
757
756
755
755
754
753
752
751
751
750
749
749
748
747
746
746
745
744
743
743
742
741
740
739
738
738
737
736
735
735
734
733
733
732
731
730
730
729
728
727
727
726
725
724
724
723
722
722
721
720
720
719
718
717
717
716
715
714
713
712
712
711
710
710
709
708
708
707
706
706
705
704
703
703
702
701
700
700
699
698
698
697
696
696
695
694
694
693
692
691
691
690
690
689
688
687
687
686
685
684
683
683
682
681
680
680
679
678
678
677
676
675
675
674
673
673
672
671
671
670
669
669
668
667
667
666
665
665
664
663
663
662
661
661
660
659
659
658
658
657
656
656
655
654
653
652
651
651
650
649
649
648
647
647
646
646
645
644
643
643
642
641
641
640
640
639
638
638
637
636
636
635
635
634
633
633
632
631
631
630
629
629
628
628
627
626
626
625
625
624
623
623
622
620
620
619
618
618
617
617
616
615
615
614
614
613
612
611
611
610
610
609
608
608
607
607
606
605
605
604
603
603
602
602
601
600
600
599
599
598
597
597
596
596
595
594
594
593
593
592
592
591
590
590
589
586
586
585
585
584
584
583
582
582
581
581
580
579
579
578
577
577
576
576
575
575
574
573
573
572
572
571
570
570
569
569
568
568
567
567
566
565
565
564
564
563
563
562
561
561
560
560
559
559
558
558
557
557
555
554
554
553
553
552
552
551
550
550
549
549
548
548
547
546
546
545
545
544
544
543
542
542
541
541
540
540
539
539
538
538
537
536
536
535
535
534
534
533
533
532
532
531
531
530
530
529
529
528
527
527
526
525
524
524
523
523
522
522
521
520
520
519
519
518
518
517
516
516
515
515
514
514
513
513
512
512
511
511
510
510
509
509
508
508
507
507
506
506
505
505
504
504
503
503
502
502
501
501
500
500
499
499
498
496
496
495
495
494
494
493
493
492
492
491
491
490
490
489
489
488
488
487
487
486
486
485
485
484
484
483
483
482
482
481
481
480
480
479
479
478
478
477
477
476
476
476
475
475
474
474
473
473
471
470
470
469
469
468
468
468
467
467
466
466
465
464
464
463
463
463
462
462
461
461
460
460
459
459
458
458
457
457
456
456
455
455
455
454
454
453
453
452
452
452
451
451
450
448
448
447
447
447
446
446
445
445
444
444
443
443
442
442
441
441
440
440
439
439
438
438
438
437
437
436
436
435
435
434
434
434
433
433
432
432
431
431
430
429
428
428
428
427
427
426
426
425
425
424
424
424
423
422
422
421
421
421
420
420
419
419
418
418
418
417
417
417
416
416
415
415
413
413
412
412
411
411
411
410
410
409
409
408
408
408
407
406
406
406
405
405
405
404
404
403
403
402
401
400
400
400
399
399
398
398
398
397
398
397
397
396
396
395
395
395
393
393
392
392
391
391
390
389
387
387
386
386
385
385
384
384
383
383
383
382
382
381
380
380
380
379
379
379
378
378
377
377
377
376
376
376
375
375
374
374
374
373
373
373
372
372
371
371
371
370
370
370
369
369
369
368
368
367
367
367
366
366
366
365
365
365
364
364
363
363
363
362
362
362
361
361
361
360
360
359
359
359
358
358
358
357
357
357
356
356
355
355
355
354
354
354
353
353
353
352
352
352
351
351
350
350
350
349
349
349
348
348
348
347
347
347
346
346
346
345
345
345
344
344
344
343
343
342
342
342
341
341
341
340
340
340
339
339
339
338
338
338
337
337
337
336
336
336
335
335
335
334
334
334
333
333
333
332
332
332
331
331
331
330
330
330
329
329
329
328
328
328
327
327
327
326
326
326
325
325
325
324
324
324
323
323
323
322
322
322
321
321
321
320
320
320
319
319
319
318
318
318
317
317
317
316
316
316
315
315
315
314
314
314
313
313
313
313
312
312
312
311
311
311
310
310
310
309
309
309
308
308
308
307
307
307
306
306
306
306
305
305
305
304
304
304
303
303
303
302
302
302
301
301
301
300
300
300
300
299
299
299
298
298
298
297
297
297
296
296
296
296
295
295
295
294
294
294
293
293
293
293
292
292
292
291
291
291
290
290
290
290
289
289
289
288
288
288
287
287
287
287
286
286
286
285
285
285
284
284
284
284
283
283
283
282
282
282
281
281
281
281
280
280
280
279
279
279
278
278
278
278
277
277
277
276
276
276
276
275
275
275
274
274
274
274
273
273
273
272
272
272
272
271
271
271
270
270
270
270
269
269
269
268
268
268
268
267
267
267
266
266
266
266
265
265
265
264
264
264
264
263
263
263
263
262
262
262
261
261
261
261
260
260
260
259
259
259
259
258
258
258
257
257
257
257
256
256
256
256
255
255
255
254
254
254
254
253
253
253
253
252
252
252
252
251
251
251
250
250
250
250
249
249
249
249
248
248
248
247
247
247
247
246
246
246
246
245
245
245
245
244
244
244
243
243
243
243
242
242
242
242
241
241
241
241
240
240
240
239
239
239
239
238
238
238
238
237
237
237
237
236
236
236
236
235
235
235
235
234
234
234
234
233
233
233
232
232
232
232
231
231
231
231
230
230
230
230
229
229
229
229
228
228
228
228
227
227
227
227
226
226
226
226
225
225
225
225
224
224
224
224
223
223
223
223
222
222
222
222
221
221
221
221
220
220
220
220
219
219
219
219
218
218
218
218
217
217
217
217
216
216
216
216
215
215
215
215
214
214
214
214
213
213
213
213
212
212
212
212
211
211
211
211
210
210
210
210
209
209
209
209
208
208
208
208
207
207
207
207
207
206
206
206
206
205
205
205
205
204
204
204
204
203
203
203
202
202
202
202
201
201
201
201
201
200
200
200
200
199
199
199
198
198
198
197
197
197
197
196
196
196
196
195
195
195
195
194
194
194
194
194
193
193
193
193
192
192
192
191
191
190
190
190
190
189
189
189
189
189
188
188
188
188
187
187
187
187
186
186
186
186
185
185
185
185
185
184
184
184
184
184
183
183
183
183
181
181
181
181
180
180
180
180
180
179
179
179
179
179
178
178
178
177
177
177
177
177
176
176
176
176
175
175
175
175
175
174
174
174
174
174
174
173
173
173
173
172
172
172
172
170
170
170
170
169
169
169
169
169
168
168
168
168
168
167
167
167
166
166
166
166
166
165
165
165
165
165
164
164
164
164
164
163
163
163
163
162
162
162
162
162
161
161
161
161
161
161
160
160
160
160
160
159
158
158
157
157
157
157
157
156
156
156
156
156
155
155
155
155
154
154
154
154
154
153
153
153
153
153
152
152
152
152
152
151
151
151
151
151
150
150
150
150
150
149
149
149
149
149
148
148
148
148
148
148
148
147
147
147
147
147
146
146
145
144
144
144
144
144
143
143
143
143
143
142
142
142
142
141
141
141
141
141
140
140
140
140
140
139
139
139
139
139
139
138
138
138
138
138
137
137
137
137
137
136
136
136
136
136
136
135
135
135
135
135
134
134
134
134
134
134
134
133
133
133
133
133
132
132
131
130
130
130
130
130
130
129
129
129
129
129
128
128
128
128
127
127
127
127
127
126
126
126
126
126
126
125
125
125
125
125
125
124
124
124
124
124
124
123
123
123
123
123
122
122
122
122
122
122
121
121
121
121
121
121
120
120
120
120
120
120
120
119
119
119
119
119
118
118
117
117
116
116
116
116
116
116
115
115
115
115
115
114
114
114
114
113
113
113
113
113
113
113
112
112
112
112
112
111
111
111
111
111
111
110
110
110
110
110
110
109
109
109
109
109
109
108
108
108
108
108
108
107
107
107
107
107
107
106
106
106
106
106
106
106
106
105
105
105
105
105
103
103
103
103
102
102
102
102
102
102
101
101
101
101
101
101
100
100
99.8
99.6
99.5
99.3
99.1
99
98.8
98.7
98.5
98.3
98.2
98
97.9
97.7
97.5
97.4
97.2
97
96.9
96.7
96.6
96.4
96.3
96.1
95.9
95.8
95.6
95.4
95.3
95.1
94.9
94.8
94.6
94.4
94.3
94.1
93.9
93.8
93.6
93.5
93.3
93.1
93
92.8
92.6
92.5
92.3
92.5
92.3
92.1
91.9
91.8
91.6
91.4
91.2
91
89.5
89.4
89.2
89
88.9
88.7
88.6
88.4
88.2
88.1
87.9
87.7
87.6
87.4
87.2
86.7
86.6
86.4
86.3
86.1
85.9
85.8
85.6
85.4
85.3
85.1
85
84.8
84.6
84.5
84.3
84.1
84
83.8
83.7
83.5
83.3
83.2
83
82.8
82.7
82.5
82.3
82.2
82
81.8
81.7
81.5
81.3
81.2
81
80.8
80.7
80.5
80.3
80.1
80
79.8
79.6
79.5
79.3
79.1
79
78.8
78.9
78.8
78.6
78.4
78.2
78
77.8
77.6
77.4
76
75.8
75.7
75.5
75.3
75.1
75
74.8
74.6
74.5
74.3
74.1
73.9
73.8
73.6
73.4
72.9
72.7
72.6
72.4
72.2
72.1
71.9
71.7
71.5
71.4
71.2
71
70.8
70.6
70.5
70.3
70.1
69.9
69.7
69.6
69.4
69.2
69
68.8
68.6
68.5
68.3
68.1
67.9
67.7
67.5
67.3
67.1
66.9
66.8
66.6
66.4
66.2
66
65.8
65.6
65.4
65.2
65
64.8
64.6
64.4
64.5
64.3
64.1
63.9
63.7
63.5
63.2
63
62.7
61.3
61.1
60.9
60.7
60.5
60.2
60
59.8
59.6
59.4
59.2
58.9
58.7
58.5
58.2
58
57.5
57.2
57
56.8
56.5
56.3
56.1
55.8
55.6
55.3
55
54.8
54.5
54.3
54
53.7
53.5
53.2
52.9
52.6
52.4
52.1
51.8
51.4
51.1
50.8
50.6
50.3
50.1
49.8
49.6
49.4
49.2
49
48.8
48.6
47.9
47.4
47.2
47
46.7
46.5
46.2
46.1
45.6
45
44.3
43.3
42.1
40.3
9.29E-03