1.38E-02
5.93E-02
1.38E-01
0.243
0.361
0.479
0.58
0.655
0.696
0.704
0.682
0.637
0.576
0.508
0.437
0.369
0.307
0.252
0.204
0.164
0.131
0.104
8.26E-02
6.53E-02
5.15E-02
4.06E-02
3.20E-02
2.53E-02
2.00E-02
1.59E-02
1.26E-02
1.01E-02
8.06E-03
6.48E-03
5.24E-03
4.26E-03
3.50E-03
2.91E-03
2.44E-03
2.09E-03
1.82E-03
1.61E-03
1.47E-03
1.37E-03
1.30E-03
1.27E-03
1.26E-03
1.28E-03
1.31E-03
1.36E-03
1.42E-03
1.50E-03
1.58E-03
1.68E-03
1.79E-03
1.90E-03
2.02E-03
2.15E-03
2.29E-03
2.44E-03
2.59E-03
2.75E-03
2.91E-03
3.09E-03
3.27E-03
3.45E-03
3.65E-03
3.85E-03
4.06E-03
4.27E-03
4.49E-03
4.72E-03
4.95E-03
5.19E-03
5.44E-03
5.70E-03
5.96E-03
6.23E-03
6.51E-03
6.79E-03
7.09E-03
7.39E-03
7.69E-03
8.01E-03
8.33E-03
8.66E-03
9.00E-03
9.35E-03
9.70E-03
1.01E-02
1.04E-02
1.08E-02
1.12E-02
1.16E-02
1.20E-02
1.24E-02
1.29E-02
1.33E-02
1.38E-02
1.42E-02
1.47E-02
1.52E-02
1.57E-02
1.62E-02
1.67E-02
1.72E-02
1.78E-02
1.83E-02
1.89E-02
1.95E-02
2.01E-02
2.07E-02
2.14E-02
2.20E-02
2.27E-02
2.34E-02
2.41E-02
2.48E-02
2.55E-02
2.63E-02
2.71E-02
2.79E-02
2.87E-02
2.96E-02
3.04E-02
3.13E-02
3.22E-02
3.32E-02
3.41E-02
3.51E-02
3.61E-02
3.71E-02
3.82E-02
3.93E-02
4.04E-02
4.16E-02
4.27E-02
4.40E-02
4.52E-02
4.65E-02
4.78E-02
4.91E-02
5.05E-02
5.19E-02
5.33E-02
5.48E-02
5.63E-02
5.78E-02
5.94E-02
6.10E-02
6.27E-02
6.44E-02
6.62E-02
6.79E-02
6.98E-02
7.16E-02
7.35E-02
7.55E-02
7.75E-02
7.96E-02
8.16E-02
8.38E-02
8.60E-02
8.82E-02
9.05E-02
9.28E-02
9.52E-02
9.77E-02
1.00E-01
0.103
0.105
0.108
0.111
0.113
0.116
0.119
0.122
0.125
0.128
0.131
0.135
0.138
0.141
0.145
0.148
0.151
0.155
0.159
0.162
0.166
0.17
0.174
0.178
0.182
0.186
0.191
0.195
0.199
0.204
0.208
0.213
0.218
0.223
0.227
0.232
0.237
0.243
0.248
0.253
0.259
0.264
0.27
0.275
0.281
0.287
0.293
0.299
0.305
0.311
0.318
0.324
0.331
0.337
0.344
0.351
0.358
0.365
0.372
0.38
0.387
0.395
0.402
0.41
0.418
0.426
0.434
0.442
0.451
0.459
0.468
0.476
0.485
0.494
0.503
0.512
0.522
0.531
0.541
0.551
0.56
0.57
0.581
0.591
0.601
0.612
0.622
0.633
0.644
0.655
0.667
0.678
0.69
0.701
0.713
0.725
0.738
0.75
0.762
0.775
0.788
0.801
0.814
0.827
0.841
0.854
0.868
0.882
0.896
0.911
0.925
0.94
0.955
0.97
0.985
1
1.02
1.03
1.05
1.06
1.08
1.1
1.11
1.13
1.15
1.16
1.18
1.2
1.22
1.24
1.25
1.27
1.29
1.31
1.33
1.35
1.37
1.39
1.41
1.43
1.45
1.47
1.49
1.51
1.53
1.55
1.57
1.6
1.62
1.64
1.66
1.69
1.71
1.73
1.76
1.78
1.8
1.83
1.85
1.88
1.9
1.93
1.95
1.98
2.01
2.03
2.06
2.09
2.11
2.14
2.17
2.2
2.23
2.25
2.28
2.31
2.34
2.37
2.4
2.43
2.46
2.49
2.52
2.56
2.59
2.62
2.65
2.68
2.72
2.75
2.78
2.82
2.85
2.89
2.92
2.96
2.99
3.03
3.06
3.1
3.14
3.17
3.21
3.25
3.29
3.32
3.36
3.4
3.44
3.48
3.52
3.56
3.6
3.64
3.69
3.73
3.77
3.81
3.86
3.9
3.94
3.99
4.03
4.08
4.12
4.17
4.21
4.26
4.31
4.35
4.4
4.45
4.5
4.55
4.59
4.64
4.69
4.74
4.8
4.85
4.9
4.95
5
5.06
5.11
5.16
5.22
5.27
5.33
5.38
5.44
5.49
5.55
5.61
5.67
5.72
5.78
5.84
5.9
5.96
6.02
6.08
6.14
6.21
6.27
6.33
6.39
6.46
6.52
6.59
6.65
6.72
6.78
6.85
6.92
6.98
7.05
7.12
7.19
7.26
7.33
7.4
7.47
7.54
7.62
7.69
7.76
7.84
7.91
7.99
8.06
8.14
8.21
8.29
8.37
8.45
8.53
8.6
8.68
8.77
8.85
8.93
9.01
9.09
9.18
9.26
9.34
9.43
9.52
9.6
9.69
9.78
9.86
9.95
10
10.1
10.2
10.3
10.4
10.5
10.6
10.7
10.8
10.9
11
11.1
11.2
11.3
11.4
11.5
11.6
11.7
11.8
11.9
12
12.1
12.2
12.3
12.4
12.5
12.6
12.7
12.8
12.9
13
13.1
13.2
13.3
13.5
13.6
13.7
13.8
13.9
14
14.1
14.3
14.4
14.5
14.6
14.7
14.9
15
15.1
15.2
15.3
15.5
15.6
15.7
15.8
16
16.1
16.2
16.4
16.5
16.6
16.8
16.9
17
17.2
17.3
17.4
17.6
17.7
17.8
18
18.1
18.3
18.4
18.5
18.7
18.8
19
19.1
19.3
19.4
19.6
19.7
19.9
20
20.2
20.3
20.5
20.6
20.8
20.9
21.1
21.3
21.4
21.6
21.7
21.9
22.1
22.2
22.4
22.6
22.7
22.9
23.1
23.2
23.4
23.6
23.8
23.9
24.1
24.3
24.5
24.6
24.8
25.4
34.2
184
1.55E+03
1.54E+03
1.54E+03
1.54E+03
1.53E+03
1.53E+03
1.52E+03
1.52E+03
1.52E+03
1.51E+03
1.51E+03
1.50E+03
1.50E+03
1.50E+03
1.49E+03
1.49E+03
1.48E+03
1.48E+03
1.48E+03
1.47E+03
1.47E+03
1.46E+03
1.46E+03
1.46E+03
1.45E+03
1.45E+03
1.45E+03
1.44E+03
1.44E+03
1.44E+03
1.43E+03
1.43E+03
1.42E+03
1.42E+03
1.42E+03
1.41E+03
1.41E+03
1.41E+03
1.40E+03
1.40E+03
1.40E+03
1.39E+03
1.39E+03
1.38E+03
1.38E+03
1.38E+03
1.37E+03
1.37E+03
1.37E+03
1.36E+03
1.36E+03
1.36E+03
1.35E+03
1.35E+03
1.35E+03
1.34E+03
1.34E+03
1.34E+03
1.33E+03
1.33E+03
1.33E+03
1.32E+03
1.32E+03
1.32E+03
1.31E+03
1.31E+03
1.31E+03
1.30E+03
1.30E+03
1.30E+03
1.29E+03
1.29E+03
1.29E+03
1.29E+03
1.28E+03
1.28E+03
1.28E+03
1.27E+03
1.27E+03
1.27E+03
1.26E+03
1.26E+03
1.26E+03
1.25E+03
1.25E+03
1.25E+03
1.25E+03
1.24E+03
1.24E+03
1.24E+03
1.23E+03
1.23E+03
1.23E+03
1.22E+03
1.22E+03
1.22E+03
1.22E+03
1.21E+03
1.21E+03
1.21E+03
1.20E+03
1.20E+03
1.20E+03
1.20E+03
1.19E+03
1.19E+03
1.19E+03
1.18E+03
1.18E+03
1.18E+03
1.18E+03
1.17E+03
1.17E+03
1.17E+03
1.16E+03
1.16E+03
1.16E+03
1.16E+03
1.15E+03
1.15E+03
1.15E+03
1.14E+03
1.14E+03
1.14E+03
1.14E+03
1.13E+03
1.13E+03
1.13E+03
1.13E+03
1.12E+03
1.12E+03
1.12E+03
1.12E+03
1.11E+03
1.11E+03
1.11E+03
1.11E+03
1.10E+03
1.10E+03
1.10E+03
1.10E+03
1.09E+03
1.09E+03
1.09E+03
1.08E+03
1.08E+03
1.08E+03
1.08E+03
1.07E+03
1.07E+03
1.07E+03
1.07E+03
1.07E+03
1.06E+03
1.06E+03
1.06E+03
1.06E+03
1.05E+03
1.05E+03
1.05E+03
1.05E+03
1.04E+03
1.04E+03
1.04E+03
1.04E+03
1.03E+03
1.03E+03
1.03E+03
1.03E+03
1.02E+03
1.02E+03
1.02E+03
1.02E+03
1.02E+03
1.01E+03
1.01E+03
1.01E+03
1.01E+03
1.00E+03
1.00E+03
9.99E+02
996
994
992
990
987
985
983
981
978
976
974
972
970
968
965
963
961
959
957
955
953
950
948
946
944
942
940
938
936
934
932
930
928
925
923
921
919
917
915
913
911
909
907
905
903
901
899
897
895
893
892
890
888
886
884
882
880
878
876
874
872
870
869
867
865
863
861
859
857
855
854
852
850
848
846
844
843
841
839
837
835
834
832
830
828
827
825
823
821
820
818
816
814
813
811
809
807
806
804
802
801
799
797
796
794
792
790
789
787
785
784
782
781
779
777
776
774
772
771
769
768
766
764
763
761
760
758
756
755
753
752
750
749
747
745
744
742
741
739
738
736
735
733
732
730
729
727
726
724
723
721
720
718
717
715
714
712
711
709
708
706
705
704
702
701
699
698
696
695
694
692
691
689
688
687
685
684
682
681
680
678
677
676
674
673
671
670
669
667
666
665
663
662
661
659
658
657
655
654
653
651
650
649
648
646
645
644
642
641
640
639
637
636
635
633
632
631
630
628
627
626
625
623
622
621
620
619
617
616
615
614
612
611
610
609
608
606
605
604
603
602
601
599
598
597
596
595
593
592
591
590
589
588
587
585
584
583
582
581
580
579
577
576
575
574
573
572
571
570
569
567
566
565
564
563
562
561
560
559
558
557
555
554
553
552
551
550
549
548
547
546
545
544
543
542
541
540
539
538
537
536
535
534
533
531
530
529
528
527
526
525
524
523
522
521
520
519
518
518
517
516
515
514
513
512
511
510
509
508
507
506
505
504
503
502
501
500
499
498
497
496
495
495
494
493
492
491
490
489
488
487
486
485
484
484
483
482
481
480
479
478
477
476
476
475
474
473
472
471
470
469
468
468
467
466
465
464
463
462
462
461
460
459
458
457
456
456
455
454
453
452
451
451
450
449
448
447
446
446
445
444
443
442
442
441
440
439
438
438
437
436
435
434
434
433
432
431
430
430
429
428
427
427
426
425
424
423
423
422
421
420
420
419
418
417
417
416
415
414
414
413
412
411
411
410
409
408
408
407
406
405
405
404
403
402
402
401
400
400
399
398
397
397
396
395
395
394
393
393
392
391
390
390
389
388
388
387
386
386
385
384
383
383
382
381
381
380
379
379
378
377
377
376
375
375
374
373
373
372
371
371
370
369
369
368
367
367
366
366
365
364
364
363
362
362
361
360
360
359
359
358
357
357
356
355
355
354
354
353
352
352
351
350
350
349
349
348
347
347
346
346
345
344
344
343
343
342
341
341
340
340
339
338
338
337
337
336
335
335
334
334
333
333
332
331
331
330
330
329
329
328
327
327
326
326
325
325
324
323
323
322
322
321
321
320
320
319
319
318
317
317
316
316
315
315
314
314
313
313
312
311
311
310
310
309
309
308
308
307
307
306
306
305
305
304
304
303
303
302
302
301
301
300
299
299
298
298
297
297
296
296
295
295
294
294
293
293
292
292
291
291
290
290
289
289
289
288
288
287
287
286
286
285
285
284
284
283
283
282
282
281
281
280
280
279
279
278
278
278
277
277
276
276
275
275
274
274
273
273
272
272
272
271
271
270
270
269
269
268
268
268
267
267
266
266
265
265
264
264
264
263
263
262
262
261
261
260
260
260
259
259
258
258
257
257
257
256
256
255
255
255
254
254
253
253
252
252
252
251
251
250
250
250
249
249
248
248
247
247
247
246
246
245
245
245
244
244
243
243
243
242
242
241
241
241
240
240
239
239
239
238
238
238
237
237
236
236
236
235
235
234
234
234
233
233
233
232
232
231
231
231
230
230
230
229
229
228
228
228
227
227
227
226
226
225
225
225
224
224
224
223
223
223
222
222
222
221
221
220
220
220
219
219
219
218
218
218
217
217
217
216
216
216
215
215
215
214
214
213
213
213
212
212
212
211
211
211
210
210
210
209
209
209
208
208
208
207
207
207
206
206
206
205
205
205
204
204
204
203
203
203
203
202
202
202
201
201
201
200
200
200
199
199
199
198
198
198
197
197
197
196
196
196
196
195
195
195
194
194
194
193
193
193
193
192
192
192
191
191
191
190
190
190
189
189
189
189
188
188
188
187
187
187
187
186
186
186
185
185
185
184
184
184
184
183
183
183
182
182
182
182
181
181
181
180
180
180
180
179
179
179
179
178
178
178
177
177
177
177
176
176
176
175
175
175
175
174
174
174
174
173
173
173
173
172
172
172
171
171
171
171
170
170
170
170
169
169
169
169
168
168
168
168
167
167
167
166
166
166
166
165
165
165
165
164
164
164
164
163
163
163
163
162
162
162
162
161
161
161
161
160
160
160
160
159
159
159
159
159
158
158
158
158
157
157
157
157
156
156
156
156
155
155
155
155
154
154
154
154
154
153
153
153
153
152
152
152
152
151
151
151
151
151
150
150
150
150
149
149
149
149
148
148
148
148
148
147
147
147
147
147
146
146
146
146
145
145
145
145
145
144
144
144
144
143
143
143
143
143
142
142
142
142
141
141
141
141
141
140
140
140
140
140
139
139
139
139
139
138
138
138
138
138
137
137
137
137
137
136
136
136
136
136
135
135
135
135
134
134
134
134
134
134
133
133
133
133
133
132
132
132
132
132
131
131
131
131
131
130
130
130
130
130
129
129
129
129
129
128
128
128
128
128
128
127
127
127
127
127
126
126
126
126
126
126
125
125
125
125
125
124
124
124
124
124
124
123
123
123
123
123
123
122
122
122
122
122
121
121
121
121
121
121
120
120
120
120
120
120
119
119
119
119
119
118
118
118
118
118
118
118
117
117
117
117
117
116
116
116
116
116
116
116
115
115
115
115
115
115
114
114
114
114
114
114
113
113
113
113
113
113
112
112
112
112
112
112
111
111
111
111
111
111
110
110
110
110
110
110
110
109
109
109
109
109
109
108
108
108
108
108
108
108
107
107
107
107
107
107
107
106
106
106
106
106
106
105
105
105
105
105
105
105
104
104
104
104
104
104
104
103
103
103
103
103
103
103
103
102
102
102
102
102
102
102
101
101
101
101
101
101
101
100
100
100
99.9
99.8
99.6
99.6
99.4
99.3
99.2
99
98.9
98.7
98.6
98.4
98.4
98.3
98.1
98
97.9
97.8
97.7
97.5
97.4
97.2
97.1
97
96.8
96.7
96.5
96.4
96.3
96.1
96
95.9
95.7
95.6
95.5
95.3
95.2
95.1
94.9
94.9
94.7
94.6
94.5
94.3
94.2
94.1
94
93.9
93.8
93.7
93.6
93.5
93.3
93.2
93.1
92.9
92.8
92.7
92.6
92.4
92.3
92.2
92.1
91.9
91.8
91.7
91.5
91.4
91.3
91.2
91
90.9
90.8
90.6
90.5
90.4
90.2
90.1
90
89.9
89.8
89.8
89.6
89.6
89.5
89.4
89.3
89.2
89
88.9
88.8
88.7
88.5
88.4
88.3
88.2
88
87.9
87.8
87.7
87.5
87.4
87.3
87.2
87
86.9
86.8
86.7
86.5
86.4
86.3
86.3
86.2
86.1
86
85.9
85.8
85.8
85.7
85.5
85.5
85.4
85.2
85.1
85
84.9
84.8
84.7
84.5
84.4
84.3
84.2
84.1
84
83.8
83.7
83.6
83.5
83.4
83.3
83.2
83.1
83
82.9
82.8
82.7
82.6
82.5
82.5
82.3
82.3
82.2
82.2
82
81.9
81.8
81.8
81.6
81.5
81.4
81.3
81.2
81.1
81
80.8
80.7
80.6
80.5
80.4
80.3
80.2
80.2
80.1
80
79.9
79.9
79.8
79.6
79.5
79.4
79.3
79.3
79.2
79.1
78.9
78.9
78.8
78.8
78.5
70.4
119
3.74E+03
3.74E+03
3.74E+03
3.75E+03
4.98E+03
4.97E+03
4.97E+03
4.97E+03
4.96E+03
4.96E+03
4.96E+03
4.95E+03
4.95E+03
4.94E+03
4.94E+03
4.94E+03
4.93E+03
4.93E+03
4.92E+03
4.92E+03
4.92E+03
4.91E+03
4.91E+03
4.90E+03
4.90E+03
4.90E+03
4.89E+03
4.89E+03
4.89E+03
4.88E+03
4.88E+03
4.87E+03
4.87E+03
4.87E+03
4.86E+03
4.86E+03
4.85E+03
4.85E+03
4.85E+03
4.84E+03
4.84E+03
4.84E+03
4.84E+03
4.84E+03
4.83E+03
4.83E+03
4.83E+03
4.82E+03
4.82E+03
4.82E+03
4.81E+03
4.81E+03
4.81E+03
4.80E+03
4.80E+03
4.80E+03
4.79E+03
4.79E+03
4.78E+03
4.78E+03
4.78E+03
4.77E+03
4.77E+03
4.77E+03
4.76E+03
4.76E+03
4.75E+03
4.75E+03
4.75E+03
4.74E+03
4.74E+03
4.74E+03
4.73E+03
4.71E+03
3.10E+03
3.16E+03
7.94E+03
7.93E+03
7.92E+03
7.93E+03
9.00E+03
8.99E+03
8.98E+03
8.98E+03
8.97E+03
8.96E+03
8.96E+03
8.95E+03
8.94E+03
8.94E+03
8.93E+03
8.92E+03
8.92E+03
8.91E+03
8.90E+03
8.89E+03
8.89E+03
8.88E+03
8.87E+03
8.87E+03
8.86E+03
8.85E+03
8.85E+03
8.84E+03
8.83E+03
8.82E+03
8.82E+03
8.81E+03
8.81E+03
8.80E+03
8.79E+03
8.79E+03
8.78E+03
8.77E+03
8.76E+03
8.76E+03
8.75E+03
8.74E+03
8.74E+03
8.73E+03
8.72E+03
8.72E+03
8.72E+03
8.71E+03
8.70E+03
8.70E+03
8.69E+03
8.69E+03
8.68E+03
8.67E+03
8.66E+03
8.66E+03
8.65E+03
8.64E+03
8.64E+03
8.63E+03
8.63E+03
8.62E+03
8.61E+03
8.61E+03
8.58E+03
7.25E+03
7.30E+03
1.14E+04
1.14E+04
1.14E+04
1.14E+04
1.24E+04
1.24E+04
1.23E+04
1.23E+04
1.23E+04
1.23E+04
1.23E+04
1.23E+04
1.23E+04
1.23E+04
1.23E+04
1.23E+04
1.23E+04
1.22E+04
1.22E+04
1.22E+04
1.22E+04
1.22E+04
1.22E+04
1.22E+04
1.22E+04
1.22E+04
1.22E+04
1.22E+04
1.21E+04
1.21E+04
1.21E+04
1.21E+04
1.21E+04
1.21E+04
1.21E+04
1.21E+04
1.21E+04
1.21E+04
1.20E+04
1.20E+04
1.20E+04
1.20E+04
1.20E+04
1.20E+04
1.20E+04
1.20E+04
1.20E+04
1.20E+04
1.20E+04
1.20E+04
1.19E+04
1.19E+04
1.19E+04
1.19E+04
1.19E+04
1.19E+04
1.19E+04
1.08E+04
1.08E+04
1.08E+04
1.44E+04
1.44E+04
1.44E+04
1.44E+04
1.52E+04
1.52E+04
1.52E+04
1.52E+04
1.52E+04
1.52E+04
1.52E+04
1.51E+04
1.51E+04
1.51E+04
1.51E+04
1.51E+04
1.51E+04
1.51E+04
1.51E+04
1.51E+04
1.50E+04
1.50E+04
1.50E+04
1.50E+04
1.50E+04
1.50E+04
1.50E+04
1.50E+04
1.49E+04
1.49E+04
1.49E+04
1.49E+04
1.49E+04
1.49E+04
1.49E+04
1.49E+04
1.49E+04
1.48E+04
1.48E+04
1.48E+04
1.48E+04
1.48E+04
1.48E+04
1.48E+04
1.48E+04
1.48E+04
1.47E+04
1.47E+04
1.47E+04
1.38E+04
1.38E+04
1.70E+04
1.70E+04
1.70E+04
1.70E+04
1.77E+04
1.77E+04
1.77E+04
1.77E+04
1.77E+04
1.77E+04
1.76E+04
1.76E+04
1.76E+04
1.76E+04
1.76E+04
1.76E+04
1.76E+04
1.75E+04
1.75E+04
1.75E+04
1.75E+04
1.75E+04
1.75E+04
1.75E+04
1.75E+04
1.74E+04
1.74E+04
1.74E+04
1.74E+04
1.74E+04
1.74E+04
1.74E+04
1.73E+04
1.73E+04
1.73E+04
1.73E+04
1.73E+04
1.73E+04
1.73E+04
1.73E+04
1.72E+04
1.72E+04
1.64E+04
1.64E+04
1.64E+04
1.93E+04
1.93E+04
1.92E+04
1.92E+04
1.99E+04
1.99E+04
1.99E+04
1.99E+04
1.99E+04
1.98E+04
1.98E+04
1.98E+04
1.98E+04
1.98E+04
1.98E+04
1.97E+04
1.97E+04
1.97E+04
1.97E+04
1.97E+04
1.97E+04
1.97E+04
1.96E+04
1.96E+04
1.96E+04
1.96E+04
1.96E+04
1.96E+04
1.95E+04
1.95E+04
1.95E+04
1.95E+04
1.95E+04
1.95E+04
1.95E+04
1.88E+04
1.88E+04
2.13E+04
2.13E+04
2.13E+04
2.13E+04
2.13E+04
2.19E+04
2.19E+04
2.19E+04
2.18E+04
2.18E+04
2.18E+04
2.18E+04
2.18E+04
2.18E+04
2.18E+04
2.17E+04
2.17E+04
2.17E+04
2.17E+04
2.17E+04
2.16E+04
2.16E+04
2.16E+04
2.16E+04
2.16E+04
2.16E+04
2.15E+04
2.15E+04
2.15E+04
2.09E+04
2.09E+04
2.09E+04
2.32E+04
2.32E+04
2.32E+04
2.32E+04
2.37E+04
2.37E+04
2.37E+04
2.37E+04
2.37E+04
2.36E+04
2.36E+04
2.36E+04
2.36E+04
2.36E+04
2.35E+04
2.35E+04
2.35E+04
2.35E+04
2.35E+04
2.34E+04
2.34E+04
2.34E+04
2.34E+04
2.28E+04
2.28E+04
2.28E+04
2.49E+04
2.49E+04
2.49E+04
2.49E+04
2.54E+04
2.54E+04
2.54E+04
2.53E+04
2.53E+04
2.53E+04
2.53E+04
2.53E+04
2.52E+04
2.52E+04
2.52E+04
2.52E+04
2.52E+04
2.51E+04
2.47E+04
2.47E+04
2.47E+04
2.65E+04
2.65E+04
2.65E+04
2.65E+04
2.70E+04
2.69E+04
2.69E+04
2.69E+04
2.69E+04
2.68E+04
2.68E+04
2.68E+04
2.68E+04
2.68E+04
2.63E+04
2.63E+04
2.83E+04
2.82E+04
2.82E+04
2.82E+04
2.82E+04
2.86E+04
2.86E+04
2.86E+04
2.85E+04
2.85E+04
2.81E+04
2.81E+04
2.81E+04
2.98E+04
2.98E+04
2.97E+04
2.97E+04
3.01E+04
3.01E+04
2.98E+04
2.97E+04
2.97E+04
3.12E+04
3.12E+04
3.11E+04
3.11E+04
3.12E+04
3.12E+04
3.24E+04
3.24E+04
3.22E+04
3.21E+04
3.21E+04
3.33E+04
3.32E+04
3.38E+04
3.38E+04
3.48E+04
3.58E+04
3.58E+04
3.60E+04
3.62E+04
3.65E+04
3.64E+04
3.64E+04
3.64E+04
3.63E+04
3.63E+04
3.63E+04
3.63E+04
3.62E+04
3.62E+04
3.62E+04
3.62E+04
3.61E+04
3.61E+04
3.61E+04
3.60E+04
3.60E+04
3.60E+04
3.60E+04
3.59E+04
3.59E+04
3.59E+04
3.59E+04
3.58E+04
3.58E+04
3.58E+04
3.58E+04
3.57E+04
3.57E+04
3.57E+04
3.57E+04
3.56E+04
3.56E+04
3.56E+04
3.56E+04
3.55E+04
3.55E+04
3.55E+04
3.55E+04
3.54E+04
3.54E+04
3.54E+04
3.54E+04
3.54E+04
3.53E+04
3.53E+04
3.53E+04
3.53E+04
3.53E+04
3.52E+04
3.52E+04
3.52E+04
3.52E+04
3.53E+04
3.52E+04
3.53E+04
3.55E+04
3.62E+04
3.51E+04
3.50E+04
3.49E+04
3.50E+04
3.48E+04
3.46E+04
3.45E+04
3.48E+04
3.48E+04
3.47E+04
3.47E+04
3.47E+04
3.48E+04
3.47E+04
3.47E+04
3.47E+04
3.47E+04
3.46E+04
3.46E+04
3.46E+04
3.45E+04
3.45E+04
3.45E+04
3.45E+04
3.44E+04
3.44E+04
3.44E+04
3.43E+04
3.43E+04
3.43E+04
3.43E+04
3.42E+04
3.42E+04
3.42E+04
3.42E+04
3.41E+04
3.41E+04
3.41E+04
3.40E+04
3.40E+04
3.40E+04
3.40E+04
3.39E+04
3.39E+04
3.39E+04
3.39E+04
3.38E+04
3.38E+04
3.38E+04
3.38E+04
3.37E+04
3.37E+04
3.37E+04
3.37E+04
3.36E+04
3.36E+04
3.36E+04
3.35E+04
3.35E+04
3.35E+04
3.35E+04
3.34E+04
3.34E+04
3.34E+04
3.34E+04
3.33E+04
3.33E+04
3.33E+04
3.32E+04
3.32E+04
3.32E+04
3.32E+04
3.31E+04
3.31E+04
3.31E+04
3.31E+04
3.30E+04
3.30E+04
3.29E+04
3.29E+04
3.28E+04
3.32E+04
3.32E+04
3.31E+04
3.31E+04
3.32E+04
3.32E+04
3.31E+04
3.31E+04
3.31E+04
3.31E+04
3.30E+04
3.30E+04
3.30E+04
3.29E+04
3.29E+04
3.29E+04
3.29E+04
3.28E+04
3.28E+04
3.28E+04
3.28E+04
3.27E+04
3.27E+04
3.27E+04
3.27E+04
3.26E+04
3.26E+04
3.26E+04
3.25E+04
3.25E+04
3.25E+04
3.25E+04
3.24E+04
3.24E+04
3.24E+04
3.24E+04
3.24E+04
3.23E+04
3.23E+04
3.23E+04
3.22E+04
3.22E+04
3.22E+04
3.22E+04
3.21E+04
3.21E+04
3.21E+04
3.21E+04
3.20E+04
3.20E+04
3.20E+04
3.20E+04
3.19E+04
3.19E+04
3.19E+04
3.19E+04
3.18E+04
3.18E+04
3.18E+04
3.18E+04
3.17E+04
3.16E+04
3.16E+04
3.16E+04
3.19E+04
3.19E+04
3.19E+04
3.18E+04
3.18E+04
3.19E+04
3.19E+04
3.18E+04
3.18E+04
3.18E+04
3.18E+04
3.17E+04
3.17E+04
3.17E+04
3.17E+04
3.16E+04
3.16E+04
3.16E+04
3.16E+04
3.15E+04
3.15E+04
3.15E+04
3.15E+04
3.14E+04
3.14E+04
3.14E+04
3.14E+04
3.13E+04
3.13E+04
3.13E+04
3.13E+04
3.12E+04
3.12E+04
3.12E+04
3.12E+04
3.11E+04
3.11E+04
3.11E+04
3.11E+04
3.10E+04
3.10E+04
3.10E+04
3.10E+04
3.09E+04
3.09E+04
3.09E+04
3.09E+04
3.08E+04
3.08E+04
3.08E+04
3.08E+04
3.07E+04
3.07E+04
3.06E+04
3.06E+04
3.09E+04
3.09E+04
3.09E+04
3.09E+04
3.08E+04
3.09E+04
3.09E+04
3.09E+04
3.08E+04
3.08E+04
3.08E+04
3.08E+04
3.07E+04
3.07E+04
3.07E+04
3.07E+04
3.06E+04
3.06E+04
3.06E+04
3.06E+04
3.05E+04
3.05E+04
3.05E+04
3.05E+04
3.04E+04
3.04E+04
3.04E+04
3.06E+04
3.05E+04
3.05E+04
3.05E+04
3.05E+04
3.04E+04
3.04E+04
3.04E+04
3.04E+04
3.03E+04
3.03E+04
3.03E+04
3.03E+04
3.02E+04
3.02E+04
3.02E+04
3.02E+04
3.01E+04
3.00E+04
3.00E+04
3.00E+04
3.03E+04
3.03E+04
3.03E+04
3.03E+04
3.02E+04
3.03E+04
3.03E+04
3.03E+04
3.02E+04
3.02E+04
3.02E+04
3.02E+04
3.01E+04
3.01E+04
3.01E+04
3.01E+04
3.00E+04
3.00E+04
3.00E+04
3.00E+04
2.99E+04
2.99E+04
2.99E+04
2.99E+04
2.99E+04
2.98E+04
2.98E+04
2.98E+04
2.98E+04
2.97E+04
2.97E+04
2.97E+04
2.97E+04
2.96E+04
2.96E+04
2.96E+04
2.96E+04
2.95E+04
2.94E+04
2.94E+04
2.94E+04
2.97E+04
2.97E+04
2.97E+04
2.97E+04
2.96E+04
2.97E+04
2.97E+04
2.97E+04
2.96E+04
2.96E+04
2.96E+04
2.96E+04
2.95E+04
2.95E+04
2.95E+04
2.95E+04
2.94E+04
2.94E+04
2.94E+04
2.94E+04
2.94E+04
2.93E+04
2.93E+04
2.93E+04
2.93E+04
2.92E+04
2.92E+04
2.92E+04
2.92E+04
2.91E+04
2.90E+04
2.90E+04
2.90E+04
2.93E+04
2.93E+04
2.93E+04
2.93E+04
2.92E+04
2.93E+04
2.93E+04
2.93E+04
2.92E+04
2.92E+04
2.92E+04
2.92E+04
2.91E+04
2.91E+04
2.91E+04
2.91E+04
2.91E+04
2.90E+04
2.90E+04
2.90E+04
2.90E+04
2.89E+04
2.89E+04
2.89E+04
2.88E+04
2.88E+04
2.87E+04
2.91E+04
2.90E+04
2.90E+04
2.90E+04
2.90E+04
2.91E+04
2.90E+04
2.90E+04
2.90E+04
2.90E+04
2.89E+04
2.89E+04
2.89E+04
2.89E+04
2.88E+04
2.88E+04
2.88E+04
2.88E+04
2.87E+04
2.86E+04
2.86E+04
2.86E+04
2.89E+04
2.89E+04
2.89E+04
2.88E+04
2.88E+04
2.89E+04
2.89E+04
2.88E+04
2.88E+04
2.88E+04
2.88E+04
2.88E+04
2.87E+04
2.86E+04
2.86E+04
2.86E+04
2.87E+04
2.87E+04
2.87E+04
2.87E+04
2.86E+04
2.87E+04
2.87E+04
2.87E+04
2.86E+04
2.86E+04
2.85E+04
2.85E+04
2.88E+04
2.88E+04
2.88E+04
2.88E+04
2.87E+04
2.87E+04
2.87E+04
2.87E+04
2.90E+04
2.90E+04
2.89E+04
2.88E+04
2.88E+04
2.92E+04
2.92E+04
2.93E+04
2.98E+04
3.00E+04
3.01E+04
3.01E+04
3.01E+04
3.01E+04
3.02E+04
3.02E+04
3.02E+04
3.02E+04
3.01E+04
3.01E+04
3.01E+04
3.01E+04
3.00E+04
3.00E+04
3.00E+04
3.00E+04
2.99E+04
2.99E+04
2.99E+04
2.99E+04
2.98E+04
2.98E+04
2.98E+04
2.98E+04
2.97E+04
2.97E+04
2.97E+04
2.97E+04
2.96E+04
2.96E+04
2.96E+04
2.96E+04
2.95E+04
2.95E+04
2.95E+04
2.95E+04
2.95E+04
2.94E+04
2.94E+04
2.94E+04
2.94E+04
2.93E+04
2.93E+04
2.93E+04
2.93E+04
2.92E+04
2.92E+04
2.92E+04
2.92E+04
2.91E+04
2.91E+04
2.91E+04
2.91E+04
2.90E+04
2.90E+04
2.90E+04
2.90E+04
2.89E+04
2.89E+04
2.89E+04
2.89E+04
2.89E+04
2.88E+04
2.88E+04
2.88E+04
2.88E+04
2.87E+04
2.87E+04
2.87E+04
2.87E+04
2.86E+04
2.86E+04
2.86E+04
2.86E+04
2.86E+04
2.85E+04
2.85E+04
2.85E+04
2.85E+04
2.84E+04
2.84E+04
2.84E+04
2.84E+04
2.83E+04
2.83E+04
2.83E+04
2.83E+04
2.82E+04
2.82E+04
2.82E+04
2.82E+04
2.82E+04
2.81E+04
2.81E+04
2.81E+04
2.81E+04
2.80E+04
2.80E+04
2.80E+04
2.80E+04
2.80E+04
2.79E+04
2.79E+04
2.79E+04
2.79E+04
2.78E+04
2.78E+04
2.78E+04
2.78E+04
2.77E+04
2.77E+04
2.77E+04
2.77E+04
2.77E+04
2.76E+04
2.76E+04
2.76E+04
2.76E+04
2.75E+04
2.75E+04
2.75E+04
2.75E+04
2.74E+04
2.74E+04
2.74E+04
2.74E+04
2.74E+04
2.73E+04
2.73E+04
2.73E+04
2.73E+04
2.73E+04
2.72E+04
2.72E+04
2.72E+04
2.72E+04
2.71E+04
2.71E+04
2.71E+04
2.71E+04
2.71E+04
2.70E+04
2.70E+04
2.70E+04
2.70E+04
2.69E+04
2.69E+04
2.69E+04
2.69E+04
2.69E+04
2.68E+04
2.68E+04
2.68E+04
2.68E+04
2.67E+04
2.67E+04
2.67E+04
2.67E+04
2.67E+04
2.66E+04
2.66E+04
2.66E+04
2.66E+04
2.65E+04
2.65E+04
2.65E+04
2.65E+04
2.65E+04
2.64E+04
2.64E+04
2.64E+04
2.64E+04
2.64E+04
2.63E+04
2.63E+04
2.63E+04
2.63E+04
2.62E+04
2.62E+04
2.62E+04
2.62E+04
2.62E+04
2.61E+04
2.61E+04
2.61E+04
2.61E+04
2.60E+04
2.60E+04
2.60E+04
2.60E+04
2.60E+04
2.59E+04
2.59E+04
2.59E+04
2.59E+04
2.59E+04
2.58E+04
2.58E+04
2.58E+04
2.58E+04
2.58E+04
2.57E+04
2.57E+04
2.57E+04
2.57E+04
2.56E+04
2.56E+04
2.56E+04
2.56E+04
2.56E+04
2.55E+04
2.55E+04
2.55E+04
2.55E+04
2.55E+04
2.54E+04
2.54E+04
2.54E+04
2.54E+04
2.54E+04
2.54E+04
2.54E+04
2.51E+04
2.51E+04
2.50E+04
2.50E+04
2.50E+04
2.50E+04
2.49E+04
2.49E+04
2.48E+04
2.48E+04
2.48E+04
2.48E+04
2.47E+04
2.47E+04
2.47E+04
2.47E+04
2.47E+04
2.46E+04
2.46E+04
2.46E+04
2.46E+04
2.46E+04
2.45E+04
2.45E+04
2.45E+04
2.45E+04
2.45E+04
2.44E+04
2.44E+04
2.44E+04
2.44E+04
2.44E+04
2.43E+04
2.43E+04
2.43E+04
2.43E+04
2.43E+04
2.42E+04
2.42E+04
2.42E+04
2.42E+04
2.42E+04
2.41E+04
2.41E+04
2.41E+04
2.41E+04
2.41E+04
2.40E+04
2.40E+04
2.40E+04
2.40E+04
2.40E+04
2.39E+04
2.39E+04
2.39E+04
2.39E+04
2.39E+04
2.38E+04
2.38E+04
2.38E+04
2.38E+04
2.38E+04
2.37E+04
2.37E+04
2.37E+04
2.38E+04
2.37E+04
2.37E+04
2.37E+04
2.34E+04
2.34E+04
2.34E+04
2.34E+04
2.34E+04
2.33E+04
2.32E+04
2.32E+04
2.32E+04
2.32E+04
2.32E+04
2.31E+04
2.31E+04
2.31E+04
2.31E+04
2.31E+04
2.31E+04
2.30E+04
2.30E+04
2.30E+04
2.30E+04
2.30E+04
2.29E+04
2.29E+04
2.29E+04
2.29E+04
2.29E+04
2.28E+04
2.28E+04
2.28E+04
2.28E+04
2.28E+04
2.28E+04
2.27E+04
2.27E+04
2.27E+04
2.27E+04
2.27E+04
2.26E+04
2.26E+04
2.26E+04
2.26E+04
2.26E+04
2.25E+04
2.25E+04
2.25E+04
2.25E+04
2.25E+04
2.24E+04
2.24E+04
2.24E+04
2.24E+04
2.24E+04
2.24E+04
2.23E+04
2.24E+04
2.24E+04
2.23E+04
2.23E+04
2.21E+04
2.21E+04
2.21E+04
2.20E+04
2.20E+04
2.20E+04
2.19E+04
2.19E+04
2.19E+04
2.19E+04
2.19E+04
2.18E+04
2.18E+04
2.18E+04
2.18E+04
2.18E+04
2.17E+04
2.17E+04
2.17E+04
2.17E+04
2.17E+04
2.17E+04
2.16E+04
2.16E+04
2.16E+04
2.16E+04
2.16E+04
2.15E+04
2.15E+04
2.15E+04
2.15E+04
2.15E+04
2.15E+04
2.14E+04
2.14E+04
2.14E+04
2.14E+04
2.14E+04
2.13E+04
2.13E+04
2.13E+04
2.13E+04
2.13E+04
2.13E+04
2.12E+04
2.12E+04
2.12E+04
2.12E+04
2.12E+04
2.12E+04
2.10E+04
2.10E+04
2.10E+04
2.10E+04
2.09E+04
2.09E+04
2.08E+04
2.08E+04
2.08E+04
2.08E+04
2.08E+04
2.08E+04
2.08E+04
2.07E+04
2.07E+04
2.07E+04
2.07E+04
2.07E+04
2.06E+04
2.06E+04
2.06E+04
2.06E+04
2.06E+04
2.06E+04
2.05E+04
2.05E+04
2.05E+04
2.05E+04
2.05E+04
2.05E+04
2.04E+04
2.04E+04
2.04E+04
2.04E+04
2.04E+04
2.04E+04
2.03E+04
2.03E+04
2.03E+04
2.03E+04
2.03E+04
2.03E+04
2.01E+04
2.01E+04
2.01E+04
2.01E+04
2.01E+04
2.00E+04
2.00E+04
2.00E+04
1.99E+04
1.99E+04
1.99E+04
1.99E+04
1.99E+04
1.99E+04
1.98E+04
1.98E+04
1.98E+04
1.98E+04
1.98E+04
1.98E+04
1.97E+04
1.97E+04
1.97E+04
1.97E+04
1.97E+04
1.97E+04
1.96E+04
1.96E+04
1.96E+04
1.96E+04
1.96E+04
1.96E+04
1.96E+04
1.96E+04
1.95E+04
1.94E+04
1.94E+04
1.94E+04
1.94E+04
1.93E+04
1.93E+04
1.93E+04
1.92E+04
1.92E+04
1.92E+04
1.92E+04
1.92E+04
1.92E+04
1.92E+04
1.91E+04
1.91E+04
1.91E+04
1.91E+04
1.91E+04
1.91E+04
1.90E+04
1.90E+04
1.90E+04
1.90E+04
1.90E+04
1.90E+04
1.90E+04
1.88E+04
1.88E+04
1.88E+04
1.88E+04
1.88E+04
1.88E+04
1.87E+04
1.87E+04
1.87E+04
1.87E+04
1.87E+04
1.86E+04
1.86E+04
1.86E+04
1.86E+04
1.86E+04
1.86E+04
1.85E+04
1.86E+04
1.85E+04
1.85E+04
1.84E+04
1.84E+04
1.84E+04
1.84E+04
1.83E+04
1.83E+04
1.83E+04
1.83E+04
1.83E+04
1.82E+04
1.82E+04
1.82E+04
1.82E+04
1.82E+04
1.82E+04
1.82E+04
1.81E+04
1.80E+04
1.80E+04
1.80E+04
1.80E+04
1.79E+04
1.79E+04
1.79E+04
1.79E+04
1.78E+04
1.78E+04
1.77E+04
1.77E+04
1.77E+04
1.77E+04
1.77E+04
1.76E+04
1.75E+04
1.75E+04
1.74E+04
1.73E+04
1.73E+04
1.73E+04
1.73E+04
1.72E+04
1.72E+04
1.72E+04
1.72E+04
1.71E+04
1.71E+04
1.71E+04
1.71E+04
1.71E+04
1.71E+04
1.71E+04
1.70E+04
1.70E+04
1.70E+04
1.70E+04
1.70E+04
1.70E+04
1.70E+04
1.69E+04
1.69E+04
1.69E+04
1.69E+04
1.69E+04
1.69E+04
1.69E+04
1.68E+04
1.68E+04
1.68E+04
1.68E+04
1.68E+04
1.68E+04
1.68E+04
1.68E+04
1.67E+04
1.67E+04
1.67E+04
1.67E+04
1.67E+04
1.67E+04
1.67E+04
1.66E+04
1.66E+04
1.66E+04
1.66E+04
1.66E+04
1.66E+04
1.66E+04
1.65E+04
1.65E+04
1.65E+04
1.65E+04
1.65E+04
1.65E+04
1.65E+04
1.64E+04
1.64E+04
1.64E+04
1.64E+04
1.64E+04
1.64E+04
1.64E+04
1.63E+04
1.63E+04
1.63E+04
1.63E+04
1.63E+04
1.63E+04
1.63E+04
1.63E+04
1.62E+04
1.62E+04
1.62E+04
1.62E+04
1.62E+04
1.62E+04
1.62E+04
1.61E+04
1.61E+04
1.61E+04
1.61E+04
1.61E+04
1.61E+04
1.61E+04
1.60E+04
1.60E+04
1.60E+04
1.60E+04
1.60E+04
1.60E+04
1.60E+04
1.59E+04
1.59E+04
1.59E+04
1.59E+04
1.59E+04
1.59E+04
1.59E+04
1.59E+04
1.58E+04
1.58E+04
1.58E+04
1.58E+04
1.58E+04
1.58E+04
1.58E+04
1.57E+04
1.57E+04
1.57E+04
1.57E+04
1.57E+04
1.57E+04
1.57E+04
1.57E+04
1.56E+04
1.56E+04
1.56E+04
1.56E+04
1.56E+04
1.56E+04
1.56E+04
1.55E+04
1.55E+04
1.55E+04
1.55E+04
1.55E+04
1.55E+04
1.55E+04
1.55E+04
1.54E+04
1.54E+04
1.54E+04
1.54E+04
1.54E+04
1.54E+04
1.54E+04
1.54E+04
1.53E+04
1.53E+04
1.53E+04
1.53E+04
1.53E+04
1.53E+04
1.53E+04
1.52E+04
1.52E+04
1.52E+04
1.52E+04
1.52E+04
1.52E+04
1.52E+04
1.52E+04
1.51E+04
1.51E+04
1.51E+04
1.51E+04
1.51E+04
1.51E+04
1.51E+04
1.51E+04
1.50E+04
1.50E+04
1.50E+04
1.50E+04
1.50E+04
1.50E+04
1.50E+04
1.50E+04
1.49E+04
1.49E+04
1.49E+04
1.49E+04
1.49E+04
1.49E+04
1.49E+04
1.49E+04
1.48E+04
1.48E+04
1.48E+04
1.48E+04
1.48E+04
1.48E+04
1.48E+04
1.48E+04
1.47E+04
1.47E+04
1.47E+04
1.47E+04
1.47E+04
1.47E+04
1.47E+04
1.47E+04
1.46E+04
1.46E+04
1.46E+04
1.46E+04
1.46E+04
1.46E+04
1.46E+04
1.46E+04
1.45E+04
1.45E+04
1.45E+04
1.45E+04
1.45E+04
1.45E+04
1.45E+04
1.45E+04
1.44E+04
1.44E+04
1.44E+04
1.44E+04
1.44E+04
1.44E+04
1.44E+04
1.44E+04
1.43E+04
1.43E+04
1.43E+04
1.43E+04
1.43E+04
1.43E+04
1.43E+04
1.43E+04
1.42E+04
1.42E+04
1.42E+04
1.42E+04
1.42E+04
1.42E+04
1.42E+04
1.42E+04
1.42E+04
1.41E+04
1.41E+04
1.41E+04
1.41E+04
1.41E+04
1.41E+04
1.41E+04
1.41E+04
1.40E+04
1.40E+04
1.40E+04
1.40E+04
1.40E+04
1.40E+04
1.40E+04
1.40E+04
1.39E+04
1.39E+04
1.39E+04
1.39E+04
1.39E+04
1.39E+04
1.39E+04
1.39E+04
1.39E+04
1.38E+04
1.38E+04
1.38E+04
1.38E+04
1.38E+04
1.38E+04
1.38E+04
1.38E+04
1.37E+04
1.37E+04
1.37E+04
1.37E+04
1.37E+04
1.37E+04
1.37E+04
1.37E+04
1.37E+04
1.36E+04
1.36E+04
1.36E+04
1.36E+04
1.36E+04
1.36E+04
1.36E+04
1.36E+04
1.36E+04
1.35E+04
1.35E+04
1.35E+04
1.35E+04
1.35E+04
1.35E+04
1.35E+04
1.35E+04
1.34E+04
1.34E+04
1.34E+04
1.34E+04
1.34E+04
1.34E+04
1.34E+04
1.34E+04
1.34E+04
1.33E+04
1.33E+04
1.33E+04
1.33E+04
1.33E+04
1.33E+04
1.33E+04
1.33E+04
1.33E+04
1.32E+04
1.32E+04
1.32E+04
1.32E+04
1.32E+04
1.32E+04
1.32E+04
1.32E+04
1.32E+04
1.31E+04
1.31E+04
1.31E+04
1.31E+04
1.31E+04
1.31E+04
1.31E+04
1.31E+04
1.31E+04
1.30E+04
1.30E+04
1.30E+04
1.30E+04
1.30E+04
1.30E+04
1.30E+04
1.30E+04
1.29E+04
1.29E+04
1.29E+04
1.29E+04
1.29E+04
1.29E+04
1.29E+04
1.29E+04
1.29E+04
1.28E+04
1.28E+04
1.28E+04
1.28E+04
1.28E+04
1.28E+04
1.28E+04
1.28E+04
1.28E+04
1.28E+04
1.27E+04
1.27E+04
1.27E+04
1.27E+04
1.27E+04
1.27E+04
1.27E+04
1.27E+04
1.27E+04
1.26E+04
1.26E+04
1.26E+04
1.26E+04
1.26E+04
1.26E+04
1.26E+04
1.26E+04
1.26E+04
1.25E+04
1.25E+04
1.25E+04
1.25E+04
1.25E+04
1.25E+04
1.25E+04
1.25E+04
1.25E+04
1.25E+04
1.24E+04
1.24E+04
1.24E+04
1.24E+04
1.24E+04
1.24E+04
1.24E+04
1.24E+04
1.24E+04
1.23E+04
1.23E+04
1.24E+04
1.24E+04
1.24E+04
1.24E+04
1.24E+04
1.24E+04
1.24E+04
1.24E+04
1.24E+04
1.23E+04
1.23E+04
1.23E+04
1.23E+04
1.23E+04
1.23E+04
1.23E+04
1.23E+04
1.23E+04
1.23E+04
1.23E+04
1.22E+04
1.22E+04
1.22E+04
1.22E+04
1.22E+04
1.22E+04
1.22E+04
1.22E+04
1.22E+04
1.21E+04
1.21E+04
1.21E+04
1.21E+04
1.21E+04
1.21E+04
1.21E+04
1.21E+04
1.21E+04
1.21E+04
1.20E+04
1.20E+04
1.20E+04
1.20E+04
1.20E+04
1.20E+04
1.20E+04
1.20E+04
1.20E+04
1.20E+04
1.19E+04
1.19E+04
1.19E+04
1.19E+04
1.19E+04
1.19E+04
1.19E+04
1.19E+04
1.19E+04
1.18E+04
1.18E+04
1.18E+04
1.18E+04
1.18E+04
1.18E+04
1.18E+04
1.18E+04
1.18E+04
1.18E+04
1.18E+04
1.18E+04
1.18E+04
1.18E+04
1.18E+04
1.18E+04
1.17E+04
1.17E+04
1.17E+04
1.17E+04
1.17E+04
1.17E+04
1.17E+04
1.17E+04
1.17E+04
1.17E+04
1.17E+04
1.16E+04
1.16E+04
1.16E+04
1.16E+04
1.16E+04
1.16E+04
1.16E+04
1.16E+04
1.16E+04
1.16E+04
1.15E+04
1.15E+04
1.15E+04
1.15E+04
1.15E+04
1.15E+04
1.15E+04
1.15E+04
1.15E+04
1.15E+04
1.14E+04
1.14E+04
1.14E+04
1.14E+04
1.14E+04
1.14E+04
1.14E+04
1.14E+04
1.13E+04
1.13E+04
1.13E+04
1.13E+04
1.13E+04
1.14E+04
1.14E+04
1.13E+04
1.13E+04
1.13E+04
1.13E+04
1.13E+04
1.13E+04
1.13E+04
1.13E+04
1.13E+04
1.13E+04
1.13E+04
1.13E+04
1.12E+04
1.12E+04
1.12E+04
1.12E+04
1.12E+04
1.12E+04
1.12E+04
1.12E+04
1.12E+04
1.12E+04
1.12E+04
1.11E+04
1.11E+04
1.11E+04
1.11E+04
1.11E+04
1.11E+04
1.11E+04
1.11E+04
1.11E+04
1.11E+04
1.10E+04
1.10E+04
1.10E+04
1.10E+04
1.10E+04
1.10E+04
1.10E+04
1.10E+04
1.10E+04
1.10E+04
1.10E+04
1.10E+04
1.10E+04
1.10E+04
1.10E+04
1.10E+04
1.10E+04
1.10E+04
1.10E+04
1.09E+04
1.09E+04
1.09E+04
1.09E+04
1.09E+04
1.09E+04
1.09E+04
1.09E+04
1.09E+04
1.09E+04
1.09E+04
1.08E+04
1.08E+04
1.08E+04
1.08E+04
1.08E+04
1.08E+04
1.08E+04
1.08E+04
1.07E+04
1.07E+04
1.07E+04
1.07E+04
1.08E+04
1.08E+04
1.08E+04
1.08E+04
1.07E+04
1.07E+04
1.07E+04
1.08E+04
1.07E+04
1.07E+04
1.08E+04
1.07E+04
1.07E+04
1.07E+04
1.07E+04
1.07E+04
1.07E+04
1.07E+04
1.07E+04
1.07E+04
1.07E+04
1.07E+04
1.07E+04
1.07E+04
1.07E+04
1.07E+04
1.07E+04
1.07E+04
1.07E+04
1.07E+04
1.07E+04
1.08E+04
1.08E+04
1.08E+04
1.08E+04
1.08E+04
1.07E+04
1.07E+04
1.07E+04
1.07E+04
1.08E+04
1.08E+04
1.07E+04
1.07E+04
1.07E+04
1.07E+04
1.08E+04
1.08E+04
1.08E+04
1.08E+04
1.08E+04
1.08E+04
1.08E+04
1.08E+04
1.08E+04
1.08E+04
1.08E+04
1.09E+04
1.08E+04
1.09E+04
1.09E+04
1.09E+04
1.09E+04
1.08E+04
1.09E+04
1.09E+04
1.09E+04
1.10E+04
1.10E+04
1.10E+04
1.11E+04
1.11E+04
1.11E+04
1.11E+04
1.11E+04
1.11E+04
1.11E+04
1.11E+04
1.11E+04
1.11E+04
1.11E+04
1.11E+04
1.10E+04
1.10E+04
1.10E+04
1.10E+04
1.10E+04
1.10E+04
1.10E+04
1.10E+04
1.10E+04
1.10E+04
1.10E+04
1.09E+04
1.09E+04
1.09E+04
1.09E+04
1.09E+04
1.09E+04
1.09E+04
1.09E+04
1.09E+04
1.09E+04
1.08E+04
1.08E+04
1.08E+04
1.08E+04
1.08E+04
1.08E+04
1.08E+04
1.08E+04
1.08E+04
1.08E+04
1.08E+04
1.07E+04
1.07E+04
1.07E+04
1.07E+04
1.07E+04
1.07E+04
1.07E+04
1.07E+04
1.07E+04
1.07E+04
1.07E+04
1.06E+04
1.06E+04
1.06E+04
1.06E+04
1.06E+04
1.06E+04
1.06E+04
1.06E+04
1.06E+04
1.06E+04
1.06E+04
1.05E+04
1.05E+04
1.05E+04
1.05E+04
1.05E+04
1.05E+04
1.05E+04
1.05E+04
1.05E+04
1.05E+04
1.05E+04
1.04E+04
1.04E+04
1.04E+04
1.04E+04
1.04E+04
1.04E+04
1.04E+04
1.04E+04
1.04E+04
1.04E+04
1.04E+04
1.03E+04
1.03E+04
1.03E+04
1.03E+04
1.03E+04
1.03E+04
1.03E+04
1.03E+04
1.03E+04
1.03E+04
1.03E+04
1.02E+04
1.02E+04
1.02E+04
1.02E+04
1.02E+04
1.02E+04
1.02E+04
1.02E+04
1.02E+04
1.02E+04
1.02E+04
1.01E+04
1.01E+04
1.01E+04
1.01E+04
1.01E+04
1.01E+04
1.01E+04
1.01E+04
1.01E+04
1.01E+04
1.01E+04
1.01E+04
1.00E+04
1.00E+04
1.00E+04
1.00E+04
1.00E+04
1.00E+04
9.99E+03
9.98E+03
9.97E+03
9.96E+03
9.95E+03
9.94E+03
9.94E+03
9.93E+03
9.92E+03
9.91E+03
9.90E+03
9.89E+03
9.88E+03
9.88E+03
9.87E+03
9.86E+03
9.85E+03
9.84E+03
9.83E+03
9.82E+03
9.82E+03
9.81E+03
9.80E+03
9.79E+03
9.78E+03
9.78E+03
9.77E+03
9.76E+03
9.75E+03
9.74E+03
9.73E+03
9.72E+03
9.72E+03
9.71E+03
9.70E+03
9.69E+03
9.68E+03
9.67E+03
9.66E+03
9.66E+03
9.65E+03
9.64E+03
9.63E+03
9.62E+03
9.61E+03
9.61E+03
9.60E+03
9.59E+03
9.58E+03
9.57E+03
9.56E+03
9.56E+03
9.55E+03
9.54E+03
9.53E+03
9.52E+03
9.51E+03
9.51E+03
9.50E+03
9.49E+03
9.48E+03
9.47E+03
9.47E+03
9.46E+03
9.45E+03
9.44E+03
9.43E+03
9.42E+03
9.42E+03
9.41E+03
9.40E+03
9.39E+03
9.38E+03
9.38E+03
9.37E+03
9.36E+03
9.35E+03
9.34E+03
9.33E+03
9.33E+03
9.32E+03
9.31E+03
9.30E+03
9.29E+03
9.29E+03
9.28E+03
9.27E+03
9.26E+03
9.25E+03
9.24E+03
9.24E+03
9.23E+03
9.22E+03
9.21E+03
9.21E+03
9.20E+03
9.19E+03
9.18E+03
9.17E+03
9.17E+03
9.16E+03
9.15E+03
9.14E+03
9.13E+03
9.13E+03
9.12E+03
9.11E+03
9.10E+03
9.09E+03
9.09E+03
9.08E+03
9.07E+03
9.06E+03
9.05E+03
9.05E+03
9.04E+03
9.03E+03
9.02E+03
9.01E+03
9.01E+03
9.00E+03
8.99E+03
8.98E+03
8.98E+03
8.97E+03
8.96E+03
8.95E+03
8.94E+03
8.94E+03
8.93E+03
8.92E+03
8.91E+03
8.91E+03
8.90E+03
8.89E+03
8.88E+03
8.88E+03
8.87E+03
8.86E+03
8.85E+03
8.84E+03
8.84E+03
8.83E+03
8.82E+03
8.81E+03
8.81E+03
8.80E+03
8.79E+03
8.78E+03
8.78E+03
8.77E+03
8.76E+03
8.75E+03
8.74E+03
8.74E+03
8.73E+03
8.72E+03
8.71E+03
8.71E+03
8.70E+03
8.69E+03
8.68E+03
8.68E+03
8.67E+03
8.66E+03
8.65E+03
8.65E+03
8.64E+03
8.63E+03
8.62E+03
8.62E+03
8.61E+03
8.60E+03
8.59E+03
8.59E+03
8.58E+03
8.57E+03
8.56E+03
8.56E+03
8.55E+03
8.54E+03
8.53E+03
8.53E+03
8.52E+03
8.51E+03
8.50E+03
8.50E+03
8.49E+03
8.48E+03
8.47E+03
8.47E+03
8.46E+03
8.45E+03
8.44E+03
8.44E+03
8.43E+03
8.42E+03
8.41E+03
8.41E+03
8.40E+03
8.39E+03
8.39E+03
8.38E+03
8.37E+03
8.37E+03
8.36E+03
8.35E+03
8.34E+03
8.34E+03
8.33E+03
8.32E+03
8.31E+03
8.31E+03
8.30E+03
8.29E+03
8.29E+03
8.28E+03
8.27E+03
8.26E+03
8.26E+03
8.25E+03
8.24E+03
8.23E+03
8.23E+03
8.22E+03
8.21E+03
8.20E+03
8.20E+03
8.19E+03
8.18E+03
8.18E+03
8.17E+03
8.16E+03
8.15E+03
8.15E+03
8.14E+03
8.13E+03
8.13E+03
8.12E+03
8.11E+03
8.11E+03
8.10E+03
8.09E+03
8.09E+03
8.08E+03
8.07E+03
8.06E+03
8.06E+03
8.05E+03
8.04E+03
8.04E+03
8.03E+03
8.02E+03
8.01E+03
8.01E+03
8.00E+03
7.99E+03
7.99E+03
7.98E+03
7.97E+03
7.96E+03
7.96E+03
7.95E+03
7.94E+03
7.94E+03
7.93E+03
7.92E+03
7.92E+03
7.91E+03
7.90E+03
7.89E+03
7.89E+03
7.88E+03
7.87E+03
7.87E+03
7.86E+03
7.86E+03
7.85E+03
7.84E+03
7.83E+03
7.83E+03
7.82E+03
7.81E+03
7.81E+03
7.80E+03
7.79E+03
7.79E+03
7.78E+03
7.77E+03
7.77E+03
7.76E+03
7.75E+03
7.75E+03
7.74E+03
7.73E+03
7.72E+03
7.72E+03
7.71E+03
7.70E+03
7.70E+03
7.69E+03
7.68E+03
7.68E+03
7.67E+03
7.66E+03
7.66E+03
7.65E+03
7.64E+03
7.64E+03
7.63E+03
7.62E+03
7.62E+03
7.61E+03
7.61E+03
7.60E+03
7.59E+03
7.59E+03
7.58E+03
7.57E+03
7.57E+03
7.56E+03
7.55E+03
7.55E+03
7.54E+03
7.53E+03
7.53E+03
7.52E+03
7.51E+03
7.51E+03
7.50E+03
7.49E+03
7.49E+03
7.48E+03
7.47E+03
7.47E+03
7.46E+03
7.45E+03
7.45E+03
7.44E+03
7.43E+03
7.43E+03
7.42E+03
7.41E+03
7.41E+03
7.40E+03
7.39E+03
7.39E+03
7.38E+03
7.37E+03
7.37E+03
7.36E+03
7.36E+03
7.35E+03
7.34E+03
7.34E+03
7.33E+03
7.32E+03
7.32E+03
7.31E+03
7.30E+03
7.30E+03
7.29E+03
7.28E+03
7.28E+03
7.27E+03
7.27E+03
7.26E+03
7.25E+03
7.25E+03
7.24E+03
7.23E+03
7.23E+03
7.22E+03
7.21E+03
7.21E+03
7.20E+03
7.20E+03
7.19E+03
7.18E+03
7.18E+03
7.17E+03
7.16E+03
7.16E+03
7.15E+03
7.14E+03
7.14E+03
7.13E+03
7.13E+03
7.12E+03
7.12E+03
7.11E+03
7.10E+03
7.10E+03
7.09E+03
7.08E+03
7.08E+03
7.07E+03
7.06E+03
7.06E+03
7.05E+03
7.05E+03
7.04E+03
7.03E+03
7.03E+03
7.02E+03
7.02E+03
7.01E+03
7.00E+03
7.00E+03
6.99E+03
6.98E+03
6.98E+03
6.97E+03
6.97E+03
6.96E+03
6.95E+03
6.95E+03
6.94E+03
6.93E+03
6.93E+03
6.92E+03
6.92E+03
6.91E+03
6.91E+03
6.90E+03
6.89E+03
6.89E+03
6.88E+03
6.88E+03
6.87E+03
6.86E+03
6.86E+03
6.85E+03
6.85E+03
6.84E+03
6.83E+03
6.83E+03
6.82E+03
6.81E+03
6.81E+03
6.80E+03
6.80E+03
6.79E+03
6.79E+03
6.78E+03
6.77E+03
6.77E+03
6.76E+03
6.76E+03
6.75E+03
6.74E+03
6.74E+03
6.73E+03
6.73E+03
6.72E+03
6.71E+03
6.71E+03
6.70E+03
6.70E+03
6.69E+03
6.69E+03
6.68E+03
6.67E+03
6.67E+03
6.66E+03
6.66E+03
6.65E+03
6.64E+03
6.64E+03
6.63E+03
6.63E+03
6.62E+03
6.63E+03
6.63E+03
6.62E+03
6.62E+03
6.51E+03
6.50E+03
6.49E+03
6.49E+03
6.48E+03
6.48E+03
6.47E+03
6.47E+03
6.46E+03
6.43E+03
6.42E+03
6.41E+03
6.41E+03
6.40E+03
6.40E+03
6.39E+03
6.39E+03
6.38E+03
6.37E+03
6.37E+03
6.36E+03
6.36E+03
6.35E+03
6.35E+03
6.34E+03
6.33E+03
6.33E+03
6.32E+03
6.32E+03
6.31E+03
6.31E+03
6.30E+03
6.30E+03
6.29E+03
6.29E+03
6.28E+03
6.28E+03
6.27E+03
6.26E+03
6.26E+03
6.25E+03
6.25E+03
6.24E+03
6.24E+03
6.23E+03
6.23E+03
6.22E+03
6.22E+03
6.24E+03
6.23E+03
6.22E+03
6.22E+03
6.11E+03
6.11E+03
6.09E+03
6.08E+03
6.08E+03
6.07E+03
6.07E+03
6.06E+03
6.06E+03
6.03E+03
5.99E+03
5.99E+03
5.98E+03
5.98E+03
5.97E+03
5.97E+03
5.97E+03
5.96E+03
5.95E+03
5.95E+03
5.94E+03
5.91E+03
5.90E+03
5.90E+03
5.89E+03
5.89E+03
5.88E+03
5.88E+03
5.87E+03
5.86E+03
5.86E+03
5.85E+03
5.85E+03
5.84E+03
5.80E+03
5.80E+03
5.79E+03
5.79E+03
5.81E+03
5.80E+03
5.80E+03
5.79E+03
5.70E+03
5.68E+03
5.68E+03
5.68E+03
5.67E+03
5.67E+03
5.66E+03
5.62E+03
5.61E+03
5.58E+03
5.58E+03
5.57E+03
5.57E+03
5.56E+03
5.56E+03
5.54E+03
5.54E+03
5.53E+03
5.54E+03
5.53E+03
5.53E+03
5.52E+03
5.52E+03
5.46E+03
5.46E+03
5.45E+03
5.45E+03
5.44E+03
5.46E+03
5.46E+03
5.45E+03
5.43E+03
5.43E+03
5.34E+03
5.34E+03
5.34E+03
5.33E+03
5.33E+03
5.33E+03
5.26E+03
5.26E+03
5.26E+03
5.23E+03
5.22E+03
5.22E+03
5.21E+03
5.21E+03
5.19E+03
5.20E+03
5.19E+03
5.19E+03
5.18E+03
5.18E+03
5.13E+03
5.13E+03
5.13E+03
5.12E+03
5.12E+03
5.03E+03
5.02E+03
5.02E+03
5.02E+03
5.01E+03
5.01E+03
5.00E+03
5.00E+03
4.97E+03
4.91E+03
4.90E+03
4.92E+03
4.91E+03
4.91E+03
4.92E+03
4.91E+03
4.83E+03
4.81E+03
4.81E+03
4.74E+03
4.75E+03
4.76E+03
4.76E+03
4.77E+03
4.75E+03
4.67E+03
4.59E+03
4.57E+03
4.50E+03
4.49E+03
4.49E+03
4.48E+03
4.48E+03
4.48E+03
4.43E+03
4.43E+03
4.42E+03
4.40E+03
4.40E+03
4.40E+03
4.39E+03
4.39E+03
4.38E+03
4.38E+03
4.38E+03
4.37E+03
4.37E+03
4.36E+03
4.36E+03
4.36E+03
4.35E+03
4.35E+03
4.34E+03
4.34E+03
4.34E+03
4.33E+03
4.33E+03
4.33E+03
4.32E+03
4.32E+03
4.31E+03
4.31E+03
4.31E+03
4.30E+03
4.30E+03
4.29E+03
4.29E+03
4.29E+03
4.28E+03
4.28E+03
4.28E+03
4.27E+03
4.27E+03
4.26E+03
4.26E+03
4.26E+03
4.25E+03
4.25E+03
4.24E+03
4.24E+03
4.24E+03
4.23E+03
4.23E+03
4.23E+03
4.22E+03
4.22E+03
4.22E+03
4.21E+03
4.21E+03
4.20E+03
4.20E+03
4.20E+03
4.19E+03
4.19E+03
4.19E+03
4.18E+03
4.18E+03
4.17E+03
4.17E+03
4.17E+03
4.16E+03
4.16E+03
4.16E+03
4.15E+03
4.15E+03
4.14E+03
4.14E+03
4.14E+03
4.13E+03
4.13E+03
4.13E+03
4.12E+03
4.12E+03
4.12E+03
4.11E+03
4.11E+03
4.10E+03
4.10E+03
4.10E+03
4.09E+03
4.09E+03
4.09E+03
4.08E+03
4.08E+03
4.08E+03
4.07E+03
4.07E+03
4.06E+03
4.06E+03
4.06E+03
4.05E+03
4.05E+03
4.05E+03
4.04E+03
4.04E+03
4.04E+03
4.03E+03
4.03E+03
4.03E+03
4.02E+03
4.02E+03
4.01E+03
4.01E+03
4.01E+03
4.00E+03
4.00E+03
4.00E+03
3.99E+03
3.99E+03
3.99E+03
3.98E+03
3.98E+03
3.98E+03
3.97E+03
3.97E+03
3.96E+03
3.96E+03
3.96E+03
3.95E+03
3.95E+03
3.95E+03
3.94E+03
3.94E+03
3.94E+03
3.93E+03
3.93E+03
3.93E+03
3.92E+03
3.92E+03
3.92E+03
3.91E+03
3.91E+03
3.91E+03
3.90E+03
3.90E+03
3.89E+03
3.89E+03
3.89E+03
3.88E+03
3.88E+03
3.88E+03
3.87E+03
3.87E+03
3.87E+03
3.86E+03
3.86E+03
3.86E+03
3.85E+03
3.85E+03
3.85E+03
3.84E+03
3.84E+03
3.84E+03
3.83E+03
3.83E+03
3.83E+03
3.82E+03
3.82E+03
3.82E+03
3.81E+03
3.81E+03
3.81E+03
3.80E+03
3.80E+03
3.80E+03
3.79E+03
3.79E+03
3.79E+03
3.78E+03
3.78E+03
3.78E+03
3.77E+03
3.77E+03
3.77E+03
3.76E+03
3.76E+03
3.76E+03
3.75E+03
3.75E+03
3.75E+03
3.74E+03
3.74E+03
3.74E+03
3.73E+03
3.73E+03
3.73E+03
3.72E+03
3.72E+03
3.72E+03
3.71E+03
3.71E+03
3.71E+03
3.70E+03
3.70E+03
3.70E+03
3.69E+03
3.69E+03
3.69E+03
3.68E+03
3.68E+03
3.68E+03
3.67E+03
3.67E+03
3.67E+03
3.66E+03
3.66E+03
3.66E+03
3.65E+03
3.65E+03
3.65E+03
3.64E+03
3.64E+03
3.64E+03
3.63E+03
3.63E+03
3.63E+03
3.62E+03
3.62E+03
3.62E+03
3.61E+03
3.61E+03
3.61E+03
3.60E+03
3.60E+03
3.60E+03
3.60E+03
3.59E+03
3.59E+03
3.59E+03
3.58E+03
3.58E+03
3.58E+03
3.57E+03
3.57E+03
3.57E+03
3.56E+03
3.56E+03
3.56E+03
3.55E+03
3.55E+03
3.55E+03
3.54E+03
3.54E+03
3.54E+03
3.54E+03
3.53E+03
3.53E+03
3.53E+03
3.52E+03
3.52E+03
3.52E+03
3.51E+03
3.51E+03
3.51E+03
3.50E+03
3.50E+03
3.50E+03
3.49E+03
3.49E+03
3.49E+03
3.49E+03
3.48E+03
3.48E+03
3.48E+03
3.47E+03
3.47E+03
3.47E+03
3.46E+03
3.46E+03
3.46E+03
3.45E+03
3.45E+03
3.45E+03
3.44E+03
3.44E+03
3.44E+03
3.44E+03
3.43E+03
3.43E+03
3.43E+03
3.42E+03
3.42E+03
3.42E+03
3.41E+03
3.41E+03
3.41E+03
3.40E+03
3.40E+03
3.40E+03
3.40E+03
3.39E+03
3.39E+03
3.39E+03
3.38E+03
3.38E+03
3.38E+03
3.38E+03
3.37E+03
3.37E+03
3.37E+03
3.36E+03
3.36E+03
3.36E+03
3.35E+03
3.35E+03
3.35E+03
3.35E+03
3.34E+03
3.34E+03
3.34E+03
3.33E+03
3.33E+03
3.33E+03
3.32E+03
3.32E+03
3.32E+03
3.32E+03
3.31E+03
3.31E+03
3.31E+03
3.30E+03
3.30E+03
3.30E+03
3.29E+03
3.29E+03
3.29E+03
3.29E+03
3.28E+03
3.28E+03
3.28E+03
3.27E+03
3.27E+03
3.27E+03
3.26E+03
3.26E+03
3.26E+03
3.26E+03
3.25E+03
3.25E+03
3.25E+03
3.24E+03
3.24E+03
3.24E+03
3.24E+03
3.23E+03
3.23E+03
3.23E+03
3.23E+03
3.22E+03
3.22E+03
3.22E+03
3.21E+03
3.21E+03
3.21E+03
3.20E+03
3.20E+03
3.20E+03
3.20E+03
3.19E+03
3.19E+03
3.19E+03
3.18E+03
3.18E+03
3.18E+03
3.18E+03
3.17E+03
3.17E+03
3.17E+03
3.16E+03
3.16E+03
3.16E+03
3.16E+03
3.15E+03
3.15E+03
3.15E+03
3.14E+03
3.14E+03
3.14E+03
3.14E+03
3.13E+03
3.13E+03
3.13E+03
3.12E+03
3.12E+03
3.12E+03
3.12E+03
3.11E+03
3.11E+03
3.11E+03
3.11E+03
3.10E+03
3.10E+03
3.10E+03
3.10E+03
3.09E+03
3.09E+03
3.09E+03
3.08E+03
3.08E+03
3.08E+03
3.08E+03
3.07E+03
3.07E+03
3.07E+03
3.06E+03
3.06E+03
3.06E+03
3.06E+03
3.05E+03
3.05E+03
3.05E+03
3.05E+03
3.04E+03
3.04E+03
3.04E+03
3.03E+03
3.03E+03
3.03E+03
3.03E+03
3.02E+03
3.02E+03
3.02E+03
3.02E+03
3.01E+03
3.01E+03
3.01E+03
3.00E+03
3.00E+03
3.00E+03
3.00E+03
2.99E+03
2.99E+03
2.99E+03
2.99E+03
2.98E+03
2.98E+03
2.98E+03
2.97E+03
2.97E+03
2.97E+03
2.97E+03
2.96E+03
2.96E+03
2.96E+03
2.96E+03
2.95E+03
2.95E+03
2.95E+03
2.95E+03
2.94E+03
2.94E+03
2.94E+03
2.94E+03
2.93E+03
2.93E+03
2.93E+03
2.93E+03
2.92E+03
2.92E+03
2.92E+03
2.91E+03
2.91E+03
2.91E+03
2.91E+03
2.90E+03
2.90E+03
2.90E+03
2.90E+03
2.89E+03
2.89E+03
2.89E+03
2.89E+03
2.88E+03
2.88E+03
2.88E+03
2.88E+03
2.87E+03
2.87E+03
2.87E+03
2.87E+03
2.86E+03
2.86E+03
2.86E+03
2.86E+03
2.85E+03
2.85E+03
2.85E+03
2.84E+03
2.84E+03
2.84E+03
2.84E+03
2.84E+03
2.83E+03
2.83E+03
2.83E+03
2.83E+03
2.82E+03
2.82E+03
2.82E+03
2.82E+03
2.81E+03
2.81E+03
2.81E+03
2.80E+03
2.80E+03
2.80E+03
2.80E+03
2.79E+03
2.79E+03
2.79E+03
2.79E+03
2.78E+03
2.78E+03
2.78E+03
2.78E+03
2.77E+03
2.77E+03
2.77E+03
2.77E+03
2.76E+03
2.76E+03
2.76E+03
2.76E+03
2.75E+03
2.75E+03
2.75E+03
2.75E+03
2.74E+03
2.74E+03
2.74E+03
2.74E+03
2.73E+03
2.73E+03
2.73E+03
2.73E+03
2.73E+03
2.72E+03
2.72E+03
2.72E+03
2.72E+03
2.71E+03
2.71E+03
2.71E+03
2.71E+03
2.70E+03
2.70E+03
2.70E+03
2.70E+03
2.69E+03
2.69E+03
2.69E+03
2.69E+03
2.68E+03
2.68E+03
2.68E+03
2.68E+03
2.67E+03
2.67E+03
2.67E+03
2.67E+03
2.67E+03
2.66E+03
2.66E+03
2.66E+03
2.66E+03
2.65E+03
2.65E+03
2.65E+03
2.65E+03
2.64E+03
2.64E+03
2.64E+03
2.64E+03
2.63E+03
2.63E+03
2.63E+03
2.63E+03
2.62E+03
2.62E+03
2.62E+03
2.62E+03
2.62E+03
2.61E+03
2.61E+03
2.61E+03
2.61E+03
2.60E+03
2.60E+03
2.60E+03
2.60E+03
2.59E+03
2.59E+03
2.59E+03
2.59E+03
2.59E+03
2.58E+03
2.58E+03
2.58E+03
2.58E+03
2.57E+03
2.57E+03
2.57E+03
2.57E+03
2.56E+03
2.56E+03
2.56E+03
2.56E+03
2.56E+03
2.55E+03
2.55E+03
2.55E+03
2.55E+03
2.54E+03
2.54E+03
2.54E+03
2.54E+03
2.53E+03
2.53E+03
2.53E+03
2.53E+03
2.53E+03
2.52E+03
2.52E+03
2.52E+03
2.52E+03
2.51E+03
2.51E+03
2.51E+03
2.51E+03
2.50E+03
2.50E+03
2.50E+03
2.50E+03
2.50E+03
2.49E+03
2.49E+03
2.49E+03
2.49E+03
2.48E+03
2.48E+03
2.48E+03
2.48E+03
2.48E+03
2.47E+03
2.47E+03
2.47E+03
2.47E+03
2.47E+03
2.46E+03
2.46E+03
2.46E+03
2.46E+03
2.45E+03
2.45E+03
2.45E+03
2.45E+03
2.45E+03
2.44E+03
2.44E+03
2.44E+03
2.44E+03
2.43E+03
2.43E+03
2.43E+03
2.43E+03
2.43E+03
2.42E+03
2.42E+03
2.42E+03
2.42E+03
2.41E+03
2.41E+03
2.41E+03
2.41E+03
2.41E+03
2.40E+03
2.40E+03
2.40E+03
2.40E+03
2.40E+03
2.39E+03
2.39E+03
2.39E+03
2.39E+03
2.38E+03
2.38E+03
2.38E+03
2.38E+03
2.37E+03
2.37E+03
2.37E+03
2.37E+03
2.36E+03
2.36E+03
2.36E+03
2.36E+03
2.36E+03
2.35E+03
2.35E+03
2.35E+03
2.34E+03
2.34E+03
2.34E+03
2.34E+03
2.34E+03
2.33E+03
2.33E+03
2.33E+03
2.33E+03
2.33E+03
2.32E+03
2.32E+03
2.32E+03
2.32E+03
2.32E+03
2.31E+03
2.31E+03
2.31E+03
2.30E+03
2.30E+03
2.30E+03
2.30E+03
2.30E+03
2.29E+03
2.29E+03
2.29E+03
2.29E+03
2.28E+03
2.28E+03
2.28E+03
2.28E+03
2.28E+03
2.27E+03
2.27E+03
2.27E+03
2.26E+03
2.26E+03
2.26E+03
2.26E+03
2.26E+03
2.25E+03
2.25E+03
2.25E+03
2.25E+03
2.24E+03
2.24E+03
2.24E+03
2.24E+03
2.24E+03
2.23E+03
2.23E+03
2.23E+03
2.23E+03
2.23E+03
2.23E+03
2.22E+03
2.22E+03
2.21E+03
2.21E+03
2.21E+03
2.21E+03
2.21E+03
2.20E+03
2.20E+03
2.20E+03
2.20E+03
2.19E+03
2.19E+03
2.19E+03
2.19E+03
2.19E+03
2.18E+03
2.18E+03
2.18E+03
2.18E+03
2.18E+03
2.18E+03
2.17E+03
2.17E+03
2.17E+03
2.16E+03
2.16E+03
2.16E+03
2.16E+03
2.15E+03
2.15E+03
2.15E+03
2.15E+03
2.15E+03
2.14E+03
2.14E+03
2.14E+03
2.14E+03
2.13E+03
2.13E+03
2.13E+03
2.13E+03
2.13E+03
2.12E+03
2.12E+03
2.12E+03
2.12E+03
2.12E+03
2.12E+03
2.11E+03
2.11E+03
2.10E+03
2.10E+03
2.10E+03
2.10E+03
2.10E+03
2.09E+03
2.09E+03
2.09E+03
2.09E+03
2.09E+03
2.09E+03
2.08E+03
2.08E+03
2.08E+03
2.06E+03
2.06E+03
2.06E+03
2.06E+03
2.06E+03
2.05E+03
2.05E+03
2.05E+03
2.05E+03
2.03E+03
2.03E+03
2.03E+03
2.03E+03
2.02E+03
2.02E+03
2.02E+03
2.02E+03
2.02E+03
2.02E+03
2.01E+03
2.01E+03
2.01E+03
2.01E+03
2.01E+03
2.00E+03
2.00E+03
2.00E+03
2.00E+03
2.00E+03
2.00E+03
1.99E+03
1.99E+03
1.99E+03
1.99E+03
1.99E+03
1.99E+03
1.99E+03
1.99E+03
1.98E+03
1.97E+03
1.96E+03
1.96E+03
1.96E+03
1.96E+03
1.95E+03
1.95E+03
1.95E+03
1.95E+03
1.95E+03
1.94E+03
1.94E+03
1.94E+03
1.94E+03
1.94E+03
1.93E+03
1.92E+03
1.92E+03
1.92E+03
1.92E+03
1.92E+03
1.91E+03
1.91E+03
1.92E+03
1.91E+03
1.91E+03
1.91E+03
1.91E+03
1.90E+03
1.89E+03
1.89E+03
1.89E+03
1.89E+03
1.88E+03
1.88E+03
1.87E+03
1.87E+03
1.87E+03
1.87E+03
1.86E+03
1.86E+03
1.86E+03
1.85E+03
1.86E+03
1.86E+03
1.85E+03
1.85E+03
1.85E+03
1.85E+03
1.83E+03
1.82E+03
1.82E+03
1.82E+03
1.82E+03
1.82E+03
1.82E+03
1.82E+03
1.82E+03
1.82E+03
1.81E+03
1.78E+03
1.78E+03
1.78E+03
1.77E+03
1.76E+03
1.76E+03
1.76E+03
1.76E+03
1.76E+03
1.75E+03
1.75E+03
1.75E+03
1.75E+03
1.74E+03
1.74E+03
1.74E+03
1.74E+03
1.73E+03
1.73E+03
1.73E+03
1.73E+03
1.73E+03
1.73E+03
1.72E+03
1.72E+03
1.72E+03
1.72E+03
1.72E+03
1.72E+03
1.72E+03
1.71E+03
1.71E+03
1.71E+03
1.71E+03
1.71E+03
1.71E+03
1.71E+03
1.70E+03
1.70E+03
1.70E+03
1.70E+03
1.70E+03
1.70E+03
1.69E+03
1.69E+03
1.69E+03
1.69E+03
1.69E+03
1.69E+03
1.69E+03
1.68E+03
1.68E+03
1.68E+03
1.68E+03
1.68E+03
1.68E+03
1.67E+03
1.67E+03
1.67E+03
1.67E+03
1.67E+03
1.67E+03
1.67E+03
1.66E+03
1.66E+03
1.66E+03
1.66E+03
1.66E+03
1.66E+03
1.65E+03
1.65E+03
1.65E+03
1.65E+03
1.65E+03
1.65E+03
1.65E+03
1.64E+03
1.64E+03
1.64E+03
1.64E+03
1.64E+03
1.64E+03
1.64E+03
1.63E+03
1.63E+03
1.63E+03
1.63E+03
1.63E+03
1.63E+03
1.63E+03
1.62E+03
1.62E+03
1.62E+03
1.62E+03
1.62E+03
1.62E+03
1.62E+03
1.61E+03
1.61E+03
1.61E+03
1.61E+03
1.61E+03
1.61E+03
1.60E+03
1.60E+03
1.60E+03
1.60E+03
1.60E+03
1.60E+03
1.60E+03
1.59E+03
1.59E+03
1.59E+03
1.59E+03
1.59E+03
1.59E+03
1.59E+03
1.58E+03
1.58E+03
1.58E+03
1.58E+03
1.58E+03
1.58E+03
1.58E+03
1.57E+03
1.57E+03
1.57E+03
1.57E+03
1.57E+03
1.57E+03
1.57E+03
1.56E+03
1.56E+03
1.56E+03
1.56E+03
1.56E+03
1.56E+03
1.56E+03
1.55E+03
1.55E+03
1.55E+03
1.55E+03
1.55E+03
1.55E+03
1.55E+03
1.55E+03
1.54E+03
1.54E+03
1.54E+03
1.54E+03
1.54E+03
1.54E+03
1.54E+03
1.53E+03
1.53E+03
1.53E+03
1.53E+03
1.53E+03
1.53E+03
1.53E+03
1.52E+03
1.52E+03
1.52E+03
1.52E+03
1.52E+03
1.52E+03
1.52E+03
1.51E+03
1.51E+03
1.51E+03
1.51E+03
1.51E+03
1.51E+03
1.51E+03
1.50E+03
1.50E+03
1.50E+03
1.50E+03
1.50E+03
1.50E+03
1.50E+03
1.50E+03
1.49E+03
1.49E+03
1.49E+03
1.49E+03
1.49E+03
1.49E+03
1.49E+03
1.48E+03
1.48E+03
1.48E+03
1.48E+03
1.48E+03
1.48E+03
1.48E+03
1.47E+03
1.47E+03
1.47E+03
1.47E+03
1.47E+03
1.47E+03
1.47E+03
1.47E+03
1.46E+03
1.46E+03
1.46E+03
1.46E+03
1.46E+03
1.46E+03
1.46E+03
1.46E+03
1.45E+03
1.45E+03
1.45E+03
1.45E+03
1.45E+03
1.45E+03
1.45E+03
1.44E+03
1.44E+03
1.44E+03
1.44E+03
1.44E+03
1.44E+03
1.44E+03
1.44E+03
1.43E+03
1.43E+03
1.43E+03
1.43E+03
1.43E+03
1.43E+03
1.43E+03
1.43E+03
1.42E+03
1.42E+03
1.42E+03
1.42E+03
1.42E+03
1.42E+03
1.42E+03
1.41E+03
1.41E+03
1.41E+03
1.41E+03
1.41E+03
1.41E+03
1.41E+03
1.41E+03
1.40E+03
1.40E+03
1.40E+03
1.40E+03
1.40E+03
1.40E+03
1.40E+03
1.40E+03
1.39E+03
1.39E+03
1.39E+03
1.39E+03
1.39E+03
1.39E+03
1.39E+03
1.39E+03
1.38E+03
1.38E+03
1.38E+03
1.38E+03
1.38E+03
1.38E+03
1.38E+03
1.38E+03
1.37E+03
1.37E+03
1.37E+03
1.37E+03
1.37E+03
1.37E+03
1.37E+03
1.37E+03
1.36E+03
1.36E+03
1.36E+03
1.36E+03
1.36E+03
1.36E+03
1.36E+03
1.36E+03
1.35E+03
1.35E+03
1.35E+03
1.35E+03
1.35E+03
1.35E+03
1.35E+03
1.35E+03
1.34E+03
1.34E+03
1.34E+03
1.34E+03
1.34E+03
1.34E+03
1.34E+03
1.34E+03
1.33E+03
1.33E+03
1.33E+03
1.33E+03
1.33E+03
1.33E+03
1.33E+03
1.33E+03
1.33E+03
1.32E+03
1.32E+03
1.32E+03
1.32E+03
1.32E+03
1.32E+03
1.32E+03
1.32E+03
1.31E+03
1.31E+03
1.31E+03
1.31E+03
1.31E+03
1.31E+03
1.31E+03
1.31E+03
1.31E+03
1.30E+03
1.30E+03
1.30E+03
1.30E+03
1.30E+03
1.30E+03
1.30E+03
1.30E+03
1.29E+03
1.29E+03
1.29E+03
1.29E+03
1.29E+03
1.29E+03
1.29E+03
1.29E+03
1.29E+03
1.28E+03
1.28E+03
1.28E+03
1.28E+03
1.28E+03
1.28E+03
1.28E+03
1.28E+03
1.27E+03
1.27E+03
1.27E+03
1.27E+03
1.27E+03
1.27E+03
1.27E+03
1.27E+03
1.27E+03
1.26E+03
1.26E+03
1.26E+03
1.26E+03
1.26E+03
1.26E+03
1.26E+03
1.26E+03
1.26E+03
1.25E+03
1.25E+03
1.25E+03
1.25E+03
1.25E+03
1.25E+03
1.25E+03
1.25E+03
1.25E+03
1.24E+03
1.24E+03
1.24E+03
1.24E+03
1.24E+03
1.24E+03
1.24E+03
1.24E+03
1.23E+03
1.23E+03
1.23E+03
1.23E+03
1.23E+03
1.23E+03
1.23E+03
1.23E+03
1.23E+03
1.22E+03
1.22E+03
1.22E+03
1.22E+03
1.22E+03
1.22E+03
1.22E+03
1.22E+03
1.22E+03
1.21E+03
1.21E+03
1.21E+03
1.21E+03
1.21E+03
1.21E+03
1.21E+03
1.21E+03
1.21E+03
1.20E+03
1.20E+03
1.20E+03
1.20E+03
1.20E+03
1.20E+03
1.20E+03
1.20E+03
1.20E+03
1.20E+03
1.19E+03
1.19E+03
1.19E+03
1.19E+03
1.19E+03
1.19E+03
1.19E+03
1.19E+03
1.19E+03
1.18E+03
1.18E+03
1.18E+03
1.18E+03
1.18E+03
1.18E+03
1.18E+03
1.18E+03
1.18E+03
1.17E+03
1.17E+03
1.17E+03
1.17E+03
1.17E+03
1.17E+03
1.17E+03
1.17E+03
1.17E+03
1.17E+03
1.16E+03
1.16E+03
1.16E+03
1.16E+03
1.16E+03
1.16E+03
1.16E+03
1.16E+03
1.16E+03
1.15E+03
1.15E+03
1.15E+03
1.15E+03
1.15E+03
1.15E+03
1.15E+03
1.15E+03
1.15E+03
1.14E+03
1.14E+03
1.14E+03
1.14E+03
1.14E+03
1.14E+03
1.14E+03
1.14E+03
1.14E+03
1.14E+03
1.13E+03
1.13E+03
1.13E+03
1.13E+03
1.13E+03
1.13E+03
1.13E+03
1.13E+03
1.13E+03
1.13E+03
1.12E+03
1.12E+03
1.12E+03
1.12E+03
1.12E+03
1.12E+03
1.12E+03
1.12E+03
1.12E+03
1.12E+03
1.11E+03
1.11E+03
1.11E+03
1.11E+03
1.11E+03
1.11E+03
1.11E+03
1.11E+03
1.11E+03
1.11E+03
1.10E+03
1.10E+03
1.10E+03
1.10E+03
1.10E+03
1.10E+03
1.10E+03
1.10E+03
1.10E+03
1.10E+03
1.09E+03
1.09E+03
1.09E+03
1.09E+03
1.09E+03
1.09E+03
1.09E+03
1.09E+03
1.09E+03
1.09E+03
1.08E+03
1.08E+03
1.08E+03
1.08E+03
1.08E+03
1.08E+03
1.08E+03
1.08E+03
1.08E+03
1.08E+03
1.07E+03
1.07E+03
1.07E+03
1.07E+03
1.07E+03
1.07E+03
1.07E+03
1.07E+03
1.07E+03
1.07E+03
1.06E+03
1.06E+03
1.06E+03
1.06E+03
1.06E+03
1.06E+03
1.06E+03
1.06E+03
1.06E+03
1.06E+03
1.06E+03
1.05E+03
1.05E+03
1.05E+03
1.05E+03
1.05E+03
1.05E+03
1.05E+03
1.05E+03
1.05E+03
1.05E+03
1.04E+03
1.04E+03
1.04E+03
1.04E+03
1.04E+03
1.04E+03
1.04E+03
1.04E+03
1.04E+03
1.04E+03
1.03E+03
1.03E+03
1.03E+03
1.03E+03
1.03E+03
1.03E+03
1.03E+03
1.03E+03
1.03E+03
1.03E+03
1.03E+03
1.02E+03
1.02E+03
1.02E+03
1.02E+03
1.02E+03
1.02E+03
1.02E+03
1.02E+03
1.02E+03
1.02E+03
1.02E+03
1.01E+03
1.01E+03
1.01E+03
1.01E+03
1.01E+03
1.01E+03
1.01E+03
1.01E+03
1.01E+03
1.01E+03
1.01E+03
1.00E+03
1.00E+03
1.00E+03
1.00E+03
1.00E+03
9.99E+02
998
998
997
996
995
994
993
992
991
990
989
988
987
987
986
985
984
983
982
981
980
979
978
978
977
976
975
974
973
973
972
971
970
969
968
967
966
965
965
964
963
962
961
960
959
958
957
957
956
955
954
953
952
951
950
950
949
948
947
946
945
944
943
943
942
941
940
939
938
937
937
936
935
934
933
932
931
931
930
929
928
928
927
926
925
924
923
922
921
921
920
919
918
917
916
915
914
913
912
911
910
910
909
908
907
906
905
905
904
903
901
900
899
898
898
897
896
895
894
893
893
892
891
890
889
889
888
887
886
885
885
884
881
881
880
879
878
877
876
876
875
874
873
872
871
870
870
869
868
867
866
866
865
864
864
863
862
861
859
858
857
856
855
855
854
853
852
852
851
849
849
848
847
846
846
845
844
843
843
842
841
840
840
839
839
838
837
836
836
832
831
831
830
829
828
828
827
826
825
825
823
822
821
821
820
820
819
818
817
817
816
815
814
814
813
812
812
811
810
810
809
808
805
804
803
802
802
801
800
799
799
798
797
796
795
794
794
793
792
791
791
790
790
789
788
787
787
786
785
784
784
783
783
782
781
781
780
779
779
775
774
773
773
772
771
770
770
769
768
768
766
766
765
764
763
763
762
761
761
760
759
759
758
757
756
756
755
754
754
754
753
753
752
751
750
750
743
742
742
741
740
740
739
738
738
737
736
735
734
733
733
732
731
731
730
729
729
728
727
727
726
725
725
724
723
723
723
722
721
721
720
719
719
715
715
714
713
713
712
711
711
710
709
709
707
707
706
705
705
704
703
703
702
701
701
700
699
699
698
697
697
696
696
696
695
694
694
693
693
688
688
687
687
686
685
685
684
683
683
682
681
680
679
679
678
678
677
677
676
675
675
674
673
673
672
672
672
671
671
670
669
669
664
664
663
663
662
661
661
660
660
659
658
660
659
658
657
657
656
656
655
654
654
653
653
653
652
652
651
651
650
649
645
645
644
643
643
642
642
641
640
640
639
639
637
637
636
635
635
634
634
635
635
634
633
633
632
632
622
621
621
620
619
619
618
618
617
617
616
613
613
613
613
612
613
612
612
611
606
606
605
600
599
599
599
599
600
599
598
598
598
593
591
586
585
585
580
579
579
578
578
577
576
575
575
573
572
572
570
570
569
569
568
567
567
566
566
565
565
564
564
563
563
562
562
561
561
560
560
559
559
558
558
557
557
556
555
555
554
554
553
553
552
552
551
551
550
550
549
549
548
548
547
547
546
546
546
545
545
544
544
543
543
542
542
541
541
540
540
539
539
538
538
537
537
536
536
535
535
534
534
533
533
532
532
531
531
530
530
529
529
528
528
527
527
526
526
525
525
524
524
523
523
522
522
522
521
521
520
520
519
519
518
518
517
517
516
516
515
515
515
514
514
513
513
512
512
511
511
510
510
509
509
508
508
507
507
507
506
506
505
505
504
504
503
503
502
502
501
501
500
500
500
499
499
498
498
497
497
496
496
495
495
494
494
494
493
493
492
492
491
491
490
490
489
489
489
488
488
487
487
486
486
485
485
485
484
484
483
483
482
482
482
481
481
480
480
479
479
478
478
478
477
477
476
476
475
475
474
474
474
473
473
472
472
471
471
471
470
470
469
469
468
468
467
467
467
466
466
465
465
464
464
464
463
463
462
462
461
461
461
460
460
459
459
458
458
458
457
457
457
456
456
455
455
454
454
454
453
453
452
452
452
451
451
450
450
449
449
449
448
448
447
447
447
446
446
445
445
444
444
444
443
443
442
442
442
441
441
440
440
440
439
439
438
438
437
437
437
436
436
435
435
435
434
434
433
433
433
432
432
431
431
431
430
430
430
429
429
428
428
428
427
427
426
426
426
425
425
424
424
424
423
423
423
422
422
421
421
421
420
420
419
419
419
418
418
417
417
417
416
416
416
415
415
414
414
414
413
413
412
412
412
411
411
411
410
410
409
409
409
408
408
407
407
407
406
406
406
405
405
405
404
404
404
403
403
402
402
402
401
401
401
400
400
399
399
399
398
398
398
397
397
396
396
396
395
395
395
394
394
394
393
393
392
392
392
391
391
391
390
390
390
389
389
388
388
388
387
387
387
386
386
386
385
385
384
384
384
383
383
383
382
382
382
381
381
381
380
380
380
379
379
379
378
378
378
377
377
377
376
376
375
375
375
374
374
374
373
373
373
372
372
372
371
371
371
370
370
370
369
369
369
368
368
368
367
367
367
366
366
365
365
365
364
364
364
363
363
363
362
362
362
361
361
361
360
360
360
360
359
359
359
358
358
358
357
357
357
356
356
356
355
355
355
354
354
354
353
353
353
352
352
352
351
351
351
350
350
350
349
349
349
348
348
348
347
347
347
346
346
346
345
345
345
345
344
344
344
343
343
343
342
342
342
341
341
341
340
340
340
339
339
339
339
338
338
338
337
337
337
336
336
336
336
335
335
335
334
334
334
333
333
333
332
332
332
331
331
331
331
330
330
330
329
329
329
328
328
328
327
327
327
327
326
326
326
325
325
325
324
324
324
324
323
323
323
322
322
322
321
321
321
321
320
320
320
320
319
319
319
318
318
318
317
317
317
317
316
316
316
315
315
315
314
314
314
314
313
313
313
312
312
312
312
311
311
311
310
310
310
310
309
309
309
308
308
308
308
307
307
307
306
306
306
305
305
305
305
304
304
304
303
303
303
302
302
302
301
301
301
301
300
300
300
300
299
299
299
299
298
298
298
297
297
296
296
296
296
295
295
295
295
294
294
294
293
293
293
292
292
292
292
291
291
291
291
290
290
290
290
289
289
288
288
288
287
287
287
287
286
286
286
286
285
285
285
284
284
284
284
283
283
283
283
282
282
282
281
281
281
281
281
280
280
280
280
279
278
278
278
278
277
277
277
276
276
276
276
276
275
275
275
274
274
274
274
273
273
273
273
272
272
272
272
271
271
271
271
270
270
270
270
269
269
269
269
268
267
267
267
267
266
266
266
266
265
265
265
265
264
264
264
263
263
263
263
262
262
262
262
261
261
261
261
261
260
260
260
260
259
259
259
259
258
258
258
258
258
257
257
257
257
256
255
255
255
255
254
254
254
254
253
253
253
253
252
252
252
251
251
251
251
251
250
250
250
250
249
249
249
249
249
248
248
248
248
247
247
247
247
246
246
246
246
246
246
245
245
245
245
244
244
243
243
242
242
242
242
242
241
241
241
241
240
240
240
240
239
239
239
239
238
238
238
238
238
237
237
237
237
236
236
236
236
236
235
235
235
235
234
234
234
234
234
233
233
233
233
233
233
232
232
232
232
230
229
229
229
229
229
228
228
228
228
227
227
227
227
226
226
226
226
226
225
225
225
225
224
224
224
224
224
223
223
223
223
223
222
222
222
222
222
221
221
221
221
221
220
220
220
220
220
220
219
219
219
219
218
217
217
217
217
217
216
216
216
216
216
215
215
215
215
214
214
214
214
214
213
213
213
213
213
212
212
212
212
212
211
211
211
211
211
210
210
210
210
210
209
209
209
209
209
209
208
208
208
208
208
208
207
206
206
206
205
205
205
205
205
205
204
204
204
204
204
203
203
203
203
202
202
202
202
202
201
201
201
201
201
201
200
200
200
200
200
199
199
199
199
199
199
198
198
198
198
198
198
197
197
197
197
197
197
195
195
195
195
195
194
194
194
194
194
193
193
193
193
192
192
192
192
192
192
191
191
191
191
191
191
190
190
190
190
190
190
189
189
189
189
189
188
188
188
188
188
188
188
188
187
187
187
187
185
185
185
185
185
185
184
184
184
184
184
184
183
183
183
183
183
182
182
182
182
182
182
181
181
181
181
181
181
180
180
180
180
180
180
179
179
179
179
179
179
179
178
178
178
177
177
177
176
176
176
176
176
176
175
175
175
175
174
174
174
174
174
174
173
173
173
173
173
173
172
172
172
172
172
172
172
172
172
171
171
171
171
171
171
169
169
169
169
169
169
168
168
168
168
168
168
167
167
167
167
167
166
166
166
166
166
166
165
165
165
165
165
165
165
165
165
164
163
163
163
163
162
162
162
162
162
162
162
161
161
161
161
161
160
160
160
160
160
160
160
160
160
159
158
158
158
158
158
157
157
157
157
157
157
157
157
157
157
156
156
156
155
155
155
155
155
155
154
153
152
152
151
151
151
151
151
150
150
150
150
150
149
149
149
149
149
148
148
148
148
148
148
148
147
147
147
147
147
147
147
147
146
146
146
146
146
146
146
145
145
145
145
145
145
145
145
144
144
144
144
144
144
144
143
143
143
143
143
143
143
143
142
142
142
142
142
142
142
141
141
141
141
141
141
141
141
140
140
140
140
140
140
140
139
139
139
139
139
139
139
139
138
138
138
138
138
138
138
138
137
137
137
137
137
137
137
136
136
136
136
136
136
136
136
136
135
135
135
135
135
135
135
135
134
134
134
134
134
134
134
134
133
133
133
133
133
133
133
133
132
132
132
132
132
132
132
132
131
131
131
131
131
131
131
131
130
130
130
130
130
130
130
130
129
129
129
129
129
129
129
129
128
128
128
128
128
128
128
128
128
127
127
127
127
127
127
127
127
127
126
126
126
126
126
126
126
126
125
125
125
125
125
125
125
125
125
124
124
124
124
124
124
124
124
123
123
123
123
123
123
123
123
123
122
122
122
122
122
122
122
122
122
121
121
121
121
121
121
121
121
120
120
120
120
120
120
120
120
120
119
119
119
119
119
119
119
119
119
118
118
118
118
118
118
118
118
118
118
117
117
117
117
117
117
117
117
117
116
116
116
116
116
116
116
116
116
115
115
115
115
115
115
115
115
115
114
114
114
114
114
114
114
114
114
114
113
113
113
113
113
113
113
113
113
112
112
112
112
112
112
112
112
112
112
111
111
111
111
111
111
111
111
111
110
110
110
110
110
110
110
110
110
110
109
109
109
109
109
109
109
109
109
109
108
108
108
108
108
108
108
108
108
108
107
107
107
107
107
107
107
107
107
107
106
106
106
106
106
106
106
106
106
106
105
105
105
105
105
105
105
105
105
105
104
104
104
104
104
104
104
104
104
104
103
103
103
103
103
103
103
103
103
103
103
102
102
102
102
102
102
102
102
102
102
102
101
101
101
101
101
101
101
101
101
101
100
100
100
100
100
100
99.9
99.8
99.7
99.6
99.5
99.4
99.3
99.2
99.2
99.1
99
98.9
98.8
98.7
98.6
98.5
98.4
98.3
98.2
98.1
98
97.9
97.9
97.8
97.7
97.6
97.5
97.4
97.3
97.2
97.1
97
96.9
96.9
96.8
96.7
96.6
96.5
96.4
96.3
96.2
96.2
96.1
96
95.9
95.8
95.7
95.6
95.5
95.5
95.4
95.3
95.2
95.1
95
94.9
94.8
94.7
94.6
94.6
94.5
94.4
94.3
94.2
94.1
94
93.9
93.9
93.8
93.7
93.6
93.5
93.4
93.3
93.2
93.1
93.1
93
92.9
92.8
92.7
92.6
92.5
92.4
92.4
92.3
92.2
92.1
92
91.9
91.8
91.8
91.7
91.6
91.5
91.4
91.3
91.2
91.2
91.1
91
90.9
90.8
90.7
90.6
90.6
90.5
90.4
90.3
90.2
90.1
90
90
89.9
89.8
89.8
89.7
89.6
89.5
89.4
89.3
89.2
89.2
89.1
89
88.9
88.8
88.7
88.7
88.6
88.5
88.4
88.3
88.2
88.2
88.1
88
87.9
87.8
87.7
87.7
87.6
87.5
87.4
87.3
87.3
87.2
87.1
87
86.9
86.8
86.8
86.7
86.6
86.5
86.4
86.4
86.3
86.2
86.2
86.1
86
85.9
85.8
85.8
85.7
85.4
85.3
85.2
85.1
85
85
84.9
84.8
84.8
84.7
84.7
84.6
84.5
84.4
84.3
84.2
83.7
83.6
83.5
83.4
83.3
83.3
83.2
83.1
83
83
82.9
82.8
82.7
82.6
82.6
82.4
82.3
82.2
82.3
82.2
82.1
82.1
82
81.9
81.8
81.7
81.7
80.9
80.8
80.8
80.7
80.6
80.5
80.5
80.4
80.3
80.2
80.2
80.1
80
79.9
79.9
79.6
79.5
79.5
79.4
79.3
79.2
79.2
79.1
79
78.9
78.9
78.8
78.7
78.8
78.7
78.7
78.6
78.5
78.5
78.4
78.3
78.2
77.3
77.2
77.1
77.1
77
76.9
76.8
76.8
76.7
76.6
76.6
76.5
76.5
76.4
76.1
76
76
75.9
75.8
75.7
75.7
75.6
75.5
75.5
75.4
75.3
75.2
75.2
75.1
75
75
74.9
74.8
74.7
74.7
74.6
74.8
74.7
74.6
74.5
74.5
74.4
74.3
74.3
74.2
73.1
73
72.9
72.9
72.8
72.8
72.7
72.6
72.6
72.5
72.4
72.4
72.3
72.2
72.2
71.8
71.8
71.7
71.6
71.6
71.5
71.4
71.4
71.3
71.2
71.2
71.1
71
71
70.9
70.8
70.8
70.7
70.6
70.6
70.5
70.4
70.4
70.3
70.2
70.2
70.1
70
70
70.1
70.1
70
69.9
69.9
69.8
69.7
69.7
69.6
68.4
68.3
68.3
68.2
68.1
68.1
68
68
67.9
67.9
67.8
67.7
67.7
67.6
67.5
67.2
67.1
67.1
67
66.9
66.9
66.8
66.8
66.7
66.6
66.6
66.5
66.4
66.4
66.3
66.3
66.2
66.1
66.1
66
65.9
65.9
65.8
65.8
65.7
65.6
65.6
65.5
65.4
65.4
65.3
65.3
65.2
65.1
65.1
65
65.2
65.2
65.1
65
65
64.9
64.8
64.8
64.7
63.5
63.4
63.3
63.3
63.2
63.2
63.1
63
63
62.9
62.9
62.8
62.7
62.7
62.6
62.3
62.2
62.2
62.1
62
62
61.9
61.9
61.8
61.7
61.7
61.6
61.6
61.5
61.5
61.4
61.3
61.3
61.2
61.2
61.1
61.1
61
60.9
60.9
60.8
60.8
60.7
60.6
60.6
60.5
60.5
60.4
60.4
60.3
60.3
60.2
60.1
60.1
60
60
59.9
60.1
60.1
60
60
59.9
59.8
59.8
59.8
59.7
58.4
58.3
58.3
58.2
58.1
58.1
58
58
57.9
57.9
57.8
57.8
57.7
57.7
57.6
57.2
57.2
57.1
57.1
57
57
56.9
56.9
56.8
56.8
56.7
56.7
56.6
56.6
56.5
56.4
56.4
56.3
56.3
56.2
56.2
56.1
56.1
56
56
55.9
55.9
55.8
55.8
55.7
55.7
55.6
55.5
55.5
55.4
55.4
55.3
55.3
55.2
55.2
55.1
55.1
55
55
54.9
54.9
55.1
55
55
54.9
54.9
54.8
54.8
54.7
54.7
53.4
53.4
53.3
53.3
53.2
53.2
53.1
53.1
53
53
52.9
52.9
52.8
52.8
52.7
52.4
52.3
52.3
52.2
52.2
52.2
52.1
52.1
52
52
51.9
51.9
51.8
51.8
51.7
51.7
51.6
51.6
51.5
51.5
51.4
51.4
51.3
51.3
51.2
51.2
51.1
51.1
51
51
50.9
50.9
50.8
50.8
50.7
50.7
50.7
50.6
50.6
50.5
50.5
50.4
50.4
50.3
50.3
50.2
50.2
50.1
50.4
50.3
50.3
50.2
50.2
50.1
50.1
50
50
48.7
48.7
48.6
48.6
48.5
48.5
48.5
48.4
48.4
48.3
48.3
48.2
48.2
48.1
48.1
48
47.7
47.7
47.6
47.6
47.5
47.5
47.4
47.4
47.4
47.3
47.3
47.2
47.2
47.1
47.1
47
47
47
46.9
46.9
46.8
46.8
46.8
46.7
46.7
46.6
46.6
46.5
46.5
46.5
46.4
46.4
46.3
46.3
46.2
46.2
46.1
46.1
46.1
46
46
45.9
45.9
45.8
45.8
45.8
45.7
45.7
45.6
45.9
45.8
45.8
45.7
45.7
45.6
45.6
45.6
45.5
44.3
44.3
44.2
44.2
44.2
44.1
44.1
44
44
43.9
43.9
43.9
43.8
43.8
43.7
43.4
43.4
43.3
43.3
43.2
43.2
43.2
43.1
43.1
43
43
43
42.9
42.9
42.8
42.8
42.8
42.7
42.7
42.6
42.6
42.6
42.5
42.5
42.4
42.4
42.4
42.3
42.3
42.2
42.2
42.2
42.1
42.1
42
42
42
41.9
41.9
41.8
41.8
41.8
41.7
41.7
41.6
41.6
41.6
41.5
41.5
41.7
41.7
41.6
41.6
41.6
41.5
41.5
41.4
41.4
40.3
40.2
40.2
40.1
40.1
40.1
40
40
40
39.9
39.9
39.8
39.8
39.8
39.7
39.7
39.4
39.3
39.3
39.3
39.2
39.2
39.2
39.1
39.1
39
39
39
38.9
38.9
38.9
38.8
38.8
38.8
38.7
38.7
38.6
38.6
38.6
38.5
38.5
38.5
38.4
38.4
38.4
38.3
38.3
38.2
38.2
38.2
38.2
38.1
38.1
38.1
38
38
37.9
37.9
37.9
37.8
37.8
37.8
37.7
38
37.9
37.9
37.9
37.8
37.8
37.7
37.7
37.7
36.6
36.5
36.5
36.5
36.4
36.4
36.4
36.3
36.3
36.3
36.2
36.2
36.2
36.1
36.1
36.1
35.8
35.7
35.7
35.7
35.6
35.6
35.6
35.5
35.5
35.5
35.4
35.4
35.4
35.3
35.3
35.3
35.2
35.2
35.2
35.1
35.1
35.1
35
35
35
34.9
34.9
34.9
34.8
34.8
34.8
34.7
34.7
34.7
34.6
34.6
34.6
34.5
34.5
34.5
34.4
34.4
34.4
34.6
34.6
34.5
34.5
34.5
34.4
34.3
7.80E-03