0.12248
0.525339
1.23429
2.23248
3.47812
4.95939
6.601
8.366
10.171
11.968
13.436
14.707
15.394
15.414
14.777
13.809
13.317
14.012
16.304
19.204
23.131
28.294
35.9326
46.2453
55.2415
55.0406
53.932
52.2253
50.12
48.6159
48.8126
48.2101
47.80806
47.90648
48.94524
51.05426
54.9935
61.23291
68.36244
76.31209
85.12182
95.13161
105.85147
118.42137
129.6813
142.61127
155.58126
171.19128
185.84131
202.21136
219.44142
239.5815
262.66158
288.70168
315.73179
345.8619
377.40202
412.20215
450.00229
488.60244
522.80259
558.50275
594.20291
630.70309
669.20327
707.70345
747.00365
789.30385
834.60406
883.90427
933.10449
984.30472
1046.50495
1115.70519
1188.00544
1266.2057
1342.60596
1412.93623
1483.28651
1556.65679
1625.04709
1697.43739
1771.83769
1844.26801
1918.74833
1994.27866
2070.839
2147.43935
2220.0697
2302.7201
2368.4004
2365.1108
2177.8612
2324.6216
2215.402
2058.2024
2115.0229
2217.8633
2327.7238
2406.5942
2507.5047
2583.4752
2657.6557
2727.7162
2795.7167
2863.7072
2932.7778
2999.9383
3069.2189
3137.0595
3204.1701
3269.1007
3302.0614
3226.032
3278.0167
3300.0004
3370.9841
3364.9698
3438.9575
3511.9693
3582.0471
3641.1379
3671.2287
3738.3296
3795.4204
3862.5213
3911.6222
3979.7232
4048.8341
4118.9451
4190.0561
4261.1671
4332.2882
4403.3993
4475.5204
4548.6316
4620.7627
4694.884
4768.0052
4842.1465
4916.2878
4990.4391
5065.5905
5136.7519
5176.9033
5074.0748
5125.2463
5099.4178
5108.5894
5164.771
5150.9627
5217.1444
5285.3362
5326.5279
5347.7298
5411.9216
5457.0935
5513.2655
5578.4675
5624.6696
5689.8616
5758.0438
5826.216
5896.3682
5969.5005
6061.5928
6129.6352
6208.6077
6281.66
6350.363
6431.055
6501.718
6570.411
6638.013
6706.616
6774.219
6841.822
6909.425
6976.028
7043.631
7109.235
7162.838
7228.541
7288.145
7330.848
7152.451
5695.155
5809.859
5311.562
5009.266
4789.07
4755.774
4530.578
4555.382
4580.186
4616.091
4651.895
4687.799
4726.704
4767.608
4802.513
4840.418
4877.423
4913.427
4950.432
4985.537
5011.543
5046.648
5078.753
5111.959
5145.064
5179.27
5213.475
5247.681
5283.987
5320.293
5355.599
5390.905
5426.311
5461.718
5496.124
5530.531
5566.037
5600.544
5636.051
5669.658
5702.365
5737.272
5767.08
5796.587
5828.595
5858.402
5889.31
5920.518
5964.726
5996.434
6028.842
6060.851
6084.959
6102.468
6133.476
6182.485
6200.494
5991.503
5745.512
5835.522
5653.531
5571.541
5486.551
5437.56
5441.57
5350.581
5362.591
5387.601
5416.612
5444.622
5478.633
5510.644
5538.655
5564.667
5584.678
5614.69
5622.701
5634.713
5645.725
5657.738
5676.75
5673.762
5701.775
5725.788
5752.801
5779.814
5809.827
5836.841
5863.854
5889.868
5906.882
5930.896
5952.911
5959.925
6046.94
6064.955
6085.97
6117.985
6137
6174.02
6204.03
6237.05
6378.06
6419.08
6453.1
6506.11
6552.13
6600.15
6635.16
6667.18
6708.2
6555.22
6544.24
6543.25
6514.27
6490.29
6477.31
6468.33
6467.35
6496.37
5598.39
5499.41
5464.43
5298.45
5187.47
5120.49
5026.51
4994.53
5023.55
4946.57
4975.6
5054.62
5086.64
5115.66
5147.69
5175.71
5203.73
5230.76
5272.78
5302.8
5333.83
5364.85
5397.88
5433.9
5467.93
5509.95
5544.98
5581.01
5618.03
5655.06
5692.09
5729.11
5766.14
5806.17
5843.2
5882.23
5920.25
5957.28
5977.31
5983.34
5990.37
6018.4
6033.43
6050.46
6109.49
6160.52
6186.56
6212.59
6252.62
6293.65
6336.68
6386.72
6436.75
6486.78
6534.82
6586.85
6634.89
6682.92
6731.96
6778.99
6832.03
6897.06
6529.1
6548.14
6610.17
6617.21
6596.25
6612.29
6634.32
6659.36
6687.4
6714.44
6753.48
6780.52
6874.56
6937.6
6991.64
7036.69
7093.73
7152.77
7207.81
7266.86
7324.9
7280.94
7338.99
7403.03
7480.08
7562.12
7647.17
7735.21
7822.26
7910.31
7999.35
8090.4
8182.45
8278.5
8413.55
8495.59
8612.64
8715.69
8817.74
8950.8
9082.85
9186.9
9288.95
9399
9512.06
9621.11
9732.16
9843.22
9954.27
10065.33
10165.38
10258.44
10373.49
10501.55
10599.61
10697.67
10829.72
10759.78
10717.84
10835.9
10993.96
11115.02
11247.08
11409.14
11600.21
11740.27
11889.33
12058.39
12216.46
12384.52
12531.59
12698.65
12875.72
13042.78
13218.85
13394.92
13570.98
13747.05
13923.12
14109.19
14294.26
14480.33
14666.4
14851.47
15076.54
15312.62
15517.69
15912.76
15257.84
15472.91
15667.99
15883.06
16098.14
16212.21
16406.29
16619.37
16842.45
17035.53
17266.6
17467.68
17687.77
17895.85
18151.93
18415.01
18625.09
18860.18
19120.26
19379.34
19633.43
19783.52
19919.6
20202.69
20474.78
20775.86
21014.95
21294
21563.1
21852.2
22170.3
22497.4
22785.5
23083.6
23380.7
23678.8
23985.9
24294
24611.1
24919.2
25247.3
25574.4
25932.5
26330.6
26709.7
27037.8
27376.9
27726
28085.1
28444.2
28793.3
29163.4
29549.5
30140.6
31111.7
31248.8
31667.9
32459
32794.1
33188.2
33608.3
34030.5
34462.6
34934.7
35396.8
35818.9
35791
35704.1
36125.3
36454.4
36946.5
37464.6
37967.7
38414.9
38742
39197.1
39763.2
40234.3
40745.5
41240.6
41756.7
42297.8
42818
43349.1
43890.2
44432.4
44974.5
45537.6
46090.8
46664.9
47239
47824.2
48409.3
49004.4
49601.6
50207.7
50875.8
51493
52112.1
52741.3
53380.4
54025.5
54666.7
55318.8
55974
56650.1
57312.3
57993.4
58675.6
59367.7
60056.9
60618
61237.2
61956.3
62674.5
63390.6
64143.8
64867.9
65699.1
66527.3
67287.4
68062.6
68862.7
69632.9
70439.1
71266.2
72188.4
72485.6
72814.7
73781.9
74688.1
75655.2
76481.4
77384.6
78340.8
79273.9
80244.1
81184.3
82254.5
83334.6
84304.8
85325.4
87114.2
104494
302050
302050
302160
302170
302280
302280
301980
301970
301970
302060
302440
302530
302690
302690
302740
302710
302660
302710
302670
302610
302660
302590
302540
302570
302790
302830
302860
302760
302680
302680
302680
302580
302450
301530
300970
300880
300550
291240
287220
286670
286510
278270
274860
274920
274970
274990
275270
274930
276420
276380
276320
276240
276270
276290
276310
276230
276260
276180
276090
276110
276140
276050
275970
275990
275990
275910
275820
275730
275750
275670
275660
275580
275500
275500
275410
275310
275230
275020
280130
282040
281940
281840
281740
281640
281540
281450
281350
281240
280640
280330
280210
280110
280000
279890
279770
279670
279550
279640
279520
279400
279280
279160
279040
278920
278770
278550
278420
278280
278150
278010
277970
272720
270480
270340
270180
270020
269880
269720
269550
269390
269320
269140
269060
269030
269080
269160
269230
269300
269270
269320
269390
269440
269400
267140
267090
267040
267090
267120
267160
267200
267230
267460
267490
267520
267540
267560
267590
267510
267520
267540
267560
267570
267600
267600
267510
267530
267540
267530
267640
267750
267750
267750
267660
267660
267670
267660
267550
267560
267560
267540
267550
267450
267640
267640
267710
264210
262800
262810
262780
262680
262659
262646
262644
262532
262620
262697
262695
262583
262571
262548
262436
262424
262402
262390
262468
262455
262453
262331
262319
262297
262185
262163
262230
262218
262196
262084
262062
262040
262008
261996
262074
262062
262040
262008
261985
261963
261831
261819
261797
261465
261343
261221
261189
261077
261045
261023
260891
260869
260837
260715
260683
260662
260730
258308
257276
257154
257122
256990
256968
256936
256804
256982
256940
256909
256787
256755
256723
256591
256559
256437
256395
256264
256232
256200
256058
256026
255894
255863
255821
255689
255657
255525
255484
255352
255320
255088
251347
251205
249373
249531
249600
249478
249466
249424
249283
249241
249109
249067
248926
248884
248732
248701
248559
248507
248576
246724
246682
245830
245789
245637
245595
245444
245402
245551
245399
245247
245196
245054
244992
244841
244789
244628
244586
243894
243793
243271
243180
242998
242906
242715
242623
242432
242240
242149
242247
242155
242054
241852
241751
241549
241448
241236
241125
240913
240692
240570
240359
240127
240006
239764
239623
239791
238340
238188
237527
237265
237104
236752
238081
235399
235618
234296
233975
233724
233352
233331
234599
228098
226456
226365
226374
226272
226161
226149
226028
225987
225855
225714
225862
225721
225770
225408
225137
225066
224904
224733
224641
224470
224479
224407
224316
224115
223913
223842
221251
221169
220898
220917
220925
220834
220753
220861
220780
220779
220688
220686
220695
220584
220592
220481
220490
220379
220267
220256
220155
220143
220032
219911
219910
219798
219677
219656
219545
219423
219402
219481
217560
217439
216597
216476
216455
215424
215302
214971
214830
214809
214678
214536
214505
214374
214233
214202
214061
213919
213778
213747
213606
213465
213423
213282
213131
213080
212949
212798
212747
212595
212434
212383
212232
212111
211950
211899
211837
210986
210825
210464
210393
210232
210071
210010
209849
209677
209616
209435
209274
209113
209032
208851
208690
208609
208428
208247
208115
208124
208063
208212
206861
206800
206309
206358
206317
206356
205785
205534
205563
205492
205421
205450
205409
205368
205327
205386
205345
205304
205363
204921
204780
204739
204688
204747
204686
204645
204584
204633
204592
204531
204170
204119
203958
203898
203947
203886
203815
203854
203803
203732
203671
203700
203629
203558
203487
203416
203435
203354
203263
203232
203081
202790
202859
202818
201867
201806
201445
201375
201304
201233
201262
201181
201110
201039
201058
200987
200906
200935
200654
200564
200393
200812
198031
197950
196759
196788
196697
196616
196536
196545
196464
196373
196382
196111
196020
195929
195838
195758
195767
195686
195595
195504
195513
195422
195332
195141
195150
194959
194968
194877
194776
194786
193995
194004
193613
193522
193411
193321
193230
193129
193038
193047
192846
192856
192755
192654
192563
192462
192372
192261
192170
192069
191978
191968
191877
191826
190105
189974
189144
189033
188922
188801
189000
185780
185659
184448
184337
184327
184206
184085
183984
183863
183843
183732
183721
183100
183490
183069
181058
180937
180127
180006
179895
179774
179664
179643
179522
179411
179301
179280
179159
179038
178928
178807
178786
178675
178555
178444
178423
178302
178182
178061
177950
177930
177809
177688
177577
177467
177446
177325
177205
177184
177063
175553
175532
175301
175180
175060
174939
174828
174808
174687
174566
174446
174425
174304
174193
174063
174042
173921
173801
173680
173559
173539
173418
173297
173177
173056
173025
172945
172274
172133
171983
171832
171691
171551
170010
169759
169129
168988
168837
168707
168656
168516
168375
168234
168194
168053
167902
167772
167621
167580
167450
167319
167179
167088
167067
166937
166806
166685
166675
166544
166424
166403
165982
165952
165731
166010
162580
162469
161239
161108
160987
160867
160846
160716
160595
160474
160344
160313
160193
160072
160041
159921
159800
159670
159539
159518
159188
159167
158937
158916
158785
158665
158534
158514
158583
157363
157332
157201
156681
156550
156520
156399
156269
156138
156116
156013
155808
155713
155517
155421
155424
155333
155233
155232
155142
155041
154951
154850
154850
154759
154659
154558
154567
154367
154266
154266
154165
154075
153944
153954
153853
153670
153561
153420
153409
153297
153185
153073
152961
152848
152837
152724
152612
152499
152387
152373
152261
152148
152035
152121
151208
151195
151081
150668
150555
150540
150425
150312
150197
150084
150069
149955
149836
149720
149706
149594
149479
149365
149350
149237
149121
149007
148892
148877
148761
148647
148630
148515
148400
148283
148168
148151
148045
147942
147843
147893
147784
147016
146903
147067
143653
143538
143424
142210
142095
141980
141964
141849
141834
141118
141104
140789
140672
140558
140542
140425
140318
140215
140212
140115
140017
139918
139920
139789
139650
137636
137517
137123
136405
136286
136267
136148
136030
136012
135893
135774
135655
135638
135518
135401
135381
135264
135146
135027
135009
134891
134773
134654
134636
134518
134501
134382
133864
133746
133528
133411
133292
133275
133157
133039
133022
132904
132787
132669
132651
132534
132416
132399
132281
132164
132048
132029
131912
131794
131678
131661
131543
131426
131409
131292
131174
131058
131041
130923
130807
130690
130674
130557
130539
130123
130006
129889
129672
129656
129539
129422
129307
129290
129173
129057
129040
129224
127708
127691
127575
127059
126942
126825
126809
126693
126577
126461
126445
126328
126213
126198
126081
125966
125850
125833
125818
125702
125286
125171
124954
124939
124824
124707
124592
124576
124460
124345
124229
124213
124098
123982
123967
123851
123737
123622
123606
123491
123876
120560
120445
120330
119214
119100
119085
118969
118654
118538
118425
118310
118294
118179
118065
117947
117930
117821
117713
117704
117598
117489
117483
117375
117267
117260
117153
117046
117238
116131
116023
115816
115408
115301
115195
115086
114979
114972
114864
114757
114748
114508
114512
114928
114822
114810
114802
114694
114586
114579
114470
114262
114254
114146
114038
113930
113822
113815
113707
113698
113590
113483
113475
113367
113259
113252
113143
112935
112928
112819
112712
112705
112596
112488
112381
112372
112265
112158
112149
112042
111934
111825
111718
111711
111604
111494
111487
111380
111272
111264
111356
110448
110341
110233
109926
109818
109810
109703
109595
109588
109480
109371
109364
109257
109149
109041
109034
108927
108818
108811
108703
108595
108588
108481
108373
108365
108258
108151
108142
108036
107926
107918
107811
107703
107696
107588
107481
107473
107365
107258
107251
107144
107036
107028
106921
106913
106806
106699
106692
106584
106476
106469
106362
106254
106247
106239
105631
105525
105417
105210
105102
105095
104988
104879
104873
104756
104688
104611
104543
104466
104399
104321
104254
104177
104110
104032
103965
103888
103820
103753
103676
103618
103991
103863
101026
100939
99991
99924
99847
99780
99712
99646
99568
99501
99433
99372
99296
99228
99161
99094
99027
98959
98892
98935
98858
98300
98233
98155
97939
97871
97804
97726
97660
97592
97525
97457
97390
97333
97266
97199
97131
97063
96995
96928
96851
96783
96716
96650
96583
96516
96446
96379
96302
96234
96166
96099
96032
95965
95897
95820
95754
95687
95619
95552
95485
95508
95430
94982
94916
94869
94682
94613
94546
94480
94413
94344
94277
94201
94133
94065
93998
93931
93864
93797
93729
93662
93595
93527
93470
93402
93335
93268
93200
93132
93066
92998
92931
92862
93246
93149
91541
91484
91476
90918
90551
90494
90335
90268
90201
90144
90076
90008
89941
89874
89816
89748
89680
89613
89545
89478
89409
89352
89284
89217
89148
89081
89023
88956
88889
88830
88762
88694
88626
88619
88540
87712
87645
87577
87449
87380
87312
87244
87187
87118
87050
86982
86924
86856
86797
86728
86661
86602
86534
86466
86397
86338
86269
86201
86142
86113
86045
85756
85698
85629
85510
85441
85372
85313
85245
85174
85116
85046
84988
84918
84858
85138
85069
83750
83690
83620
83199
83159
83089
82857
82796
82726
82625
82554
82494
82442
82371
82310
82239
82178
82107
82044
81973
81911
81839
81797
81734
81542
81470
81407
81305
81232
81168
81094
81031
80968
80894
80828
80754
80700
81335
76770
76605
76539
76443
74937
74870
74803
74736
74668
74600
74542
74473
74334
74263
74193
74132
74031
73959
73887
73822
73744
73607
73538
73497
73454
73402
73366
73329
73271
73513
73463
72363
72322
72261
71910
71877
71825
71760
71726
71662
71616
71572
71527
71481
71435
71390
71344
71297
71251
71202
71165
71117
71069
71021
70973
70923
70884
70835
70786
70736
70687
70646
70596
70546
70496
70445
70412
70195
70187
72958
72901
72864
74113
74052
74002
73941
73881
73821
73760
73709
73648
73588
73526
73466
73405
73354
73292
73231
73170
73119
73288
73218
72306
72245
72194
72133
71822
71761
71710
71648
71587
71537
71475
71414
71363
71301
71249
71198
71146
71085
71023
70972
70909
70848
70796
70734
70672
70621
70559
70496
70444
70382
70330
70269
70207
70155
70092
70030
69977
69915
69863
69801
69749
69687
69624
69571
69509
69457
69394
69332
69279
69216
69163
69101
69249
69176
68414
68351
68297
68235
67972
67908.9
67856.8
67793.6
67740.6
67678.4
67625.3
67563.2
67509
67445.9
67393.7
67330.6
67277.4
67214.4
67162.3
67098.1
67046
66981.9
66928.8
66864.7
66800.5
66731.4
66678.2
66635.1
66582
66540.8
66488.7
66448.5
66396.4
66356.3
66314.1
66263
66231.9
66189.7
66138.6
66097.5
66055.3
66004.2
65962.1
65910.9
65868.9
65977.7
65915.6
65273.5
65222.3
65180.2
65128.1
64916
64874.9
64822.8
64779.7
64747.6
64706.5
64654.3
64612.2
64569.1
64527.9
64474.8
64432.7
64390.6
64337.4
64296.3
64243.2
64201.1
64157.9
64105.8
64063.7
64020.5
63978.4
63925.3
63883.2
63840
63787.9
63744.8
63701.6
63659.5
63606.4
63564.2
63521.1
63468
63425.9
63382.8
63459.8
63406.6
62863.6
62810.5
62767.4
62574.3
62531.2
62488
62444.9
62411.8
62348.7
62305.5
62262.4
62229.3
62186.2
62143
62088.9
62045.8
62002.7
61959.5
61915.4
61862.3
61819.2
61776
61731.9
61688.8
61645.7
61601.5
61558.4
62184.3
62091.3
58317.2
58274.1
58240
58286.9
57162.8
56679.8
56635.7
56601.5
56558.5
56384.4
56341.2
56297.1
56263
56219.9
56175.8
56131.7
56088.5
56054.4
56010.3
55966.2
55922.1
55888
55844.8
55800.7
55756.6
55722.5
55679.4
55634.3
55591.2
55557.1
55513
55468.9
55514.8
55470.7
55056.6
55012.5
54968.5
54924.3
54780.3
54736.2
54701.2
54658
54613.9
54578.8
54534.8
54490.6
54446.5
54412.4
54368.3
54324.2
54289.1
54245
54200.8
54166.7
54122.6
54077.5
54113.4
54079.3
54024.2
53600.2
53566.1
53522
53386.9
53342.9
53308.8
53263.6
53219.5
53184.4
53140.3
53106.3
53061.2
53017.1
52982.9
52935.9
52901.8
52857.8
52882.5
53119.4
52774
55451
55416
55372
55257
56203
56148
56113
56069
56024
55980
55945
55891
55856
55862
55817
55492
55448
55403
55359
55255
55190
55135
55101
55066
55022
55027
54972
54697
54653
54608
54564
54459
54424
54379
54335
54330
54285
54050
54016
53961
53926
53831
53826
53781
53577
53542
53507
53482
53397
53223
53188
53153
53028
52953
52918
52813
52698
52633
52588
52523
52478
52423
52378
52343
52298
52263
52208
52173
52137
52092
52047
52012
51966
51911
50495
50500
54495
54449
54403
54368
55192
55146
55100
55064
55018
54971
54924
54877
54830
54792
54744
54705
54666
54616
54557
54478
54385
54312
54315
54303
54266
54221
54204
54171
54134
54096
54066
54025
53983
53941
53899
53866
53823
53779
53736
53702
53648
53604
53571
53527
53482
53448
53414
53360
53316
53281
53237
53202
53158
53114
53069
53034
52990
52945
52901
52856
52821
52797
52752
52708
52653
51468
51474
54909
54874
54840
54805
55600
55566
55431
55396
55361
55327
55292
55257
55222
55188
55153
55118
55083
54949
54914
54879
54844
54810
54775
54740
54705
54671
54636
54601
54466
54431
54406
54382
54347
54312
54278
54243
54208
54173
54038
54004
53969
53934
53899
53864
53830
53795
53760
53735
53700
53666
53531
53506
53471
53397
53362
53327
53292
52298
52263
52228
55273
55247
55213
55178
55803
55768
55733
55698
55664
55629
55594
55470
55435
55400
55365
55331
55296
55271
55236
55202
55067
55032
54997
54973
54938
54903
54869
54834
54709
54674
54640
54605
54570
54535
54511
54476
54441
54307
54272
54247
54222
54198
54863
54789
51084
51059
50924
50886
50381
49557
47958
50664
50639
50602
50415
50960
50925
50901
50876
50841
50817
50682
50657
50622
50598
50573
50539
50514
50379
50355
50330
50296
50271
50236
50212
50197
50062
50038
50013
49979
49954
49929
49895
49770
49736
49711
49687
49652
49627
49603
49568
49444
49419
48694
48670
48636
51101
51076
50942
50917
51483
51459
51424
51400
51375
51250
51226
51201
51177
51142
51118
50994
50959
50935
50910
50876
50851
50827
50703
50668
50644
50619
50585
50560
50436
50412
50377
50353
50329
50294
50270
49635
49601
51727
51702
51678
51644
51619
52105
52081
52046
51922
51898
51873
51839
51815
51790
51766
51642
51608
51583
51559
51535
51401
51376
51352
51338
51313
51289
51155
51131
51107
50562
50528
50504
52470
52446
52421
52387
52783
52759
52735
52710
52686
52532
52498
52474
52450
52425
52291
52267
52243
52209
52185
52061
52037
52012
51988
51424
51400
51376
53182
53158
53134
53100
53506
53481
53458
53334
53309
53286
53261
53237
53114
53079
53055
53031
53007
52883
52519
52496
52461
53797
53773
53750
53725
54141
54017
53994
53970
53946
53822
53798
53774
53750
53726
53252
53218
54954
54831
54807
54783
54759
55085
55061
55037
54913
54889
54506
54482
54458
55934
55910
55787
55763
56089
56065
55781
55657
55634
56940
56916
56792
56768
56835
56811
57837
57823
57620
57496
57472
58508
58405
58901
58877
59743
60609
60586
60742
60899
61145
61021
60997
60973
60850
60836
60813
60789
60665
60641
60618
60604
60480
60456
60433
60309
60285
60261
60248
60124
60100
60077
60053
59940
59926
59903
59880
59756
59733
59719
59696
59572
59549
59525
59512
59388
59365
59341
59328
59205
59191
59168
59144
59131
59007
58983
58970
58957
58933
58810
58796
58783
58769
58856
58733
58829
59076
59942
58529
58396
58262
58359
58105
57962
57829
57795
57772
57649
57625
57612
57608
57485
57462
57439
57425
57302
57279
57255
57142
57118
57095
57082
56959
56935
56912
56799
56775
56752
56729
56616
56593
56569
56556
56433
56409
56386
56273
56250
56236
56213
56102
56039
55730
55710
55612
56625
56595
56575
56465
56447
56581
56571
56451
56430
56420
56300
56280
56259
56249
56129
56118
56108
56088
55968
55958
55937
55817
55807
55786
55766
55655
55635
55615
55605
55484
55464
55434
55423
55303
55423
55412
55302
55282
55301
55281
55161
55150
55130
55110
54999
54979
54969
54848
54828
54817
54797
54677
54666
54646
54636
54515
54495
54485
54464
54354
54334
54313
54203
54182
54162
54152
54031
54021
54001
53980
53970
53849
53839
53819
53698
53688
53667
53657
53536
53526
53506
53485
53375
53355
53344
53323
53203
53193
53172
53162
53041
53021
53010
52990
52890
52839
52819
52808
52878
52857
52847
52726
52716
52746
52725
52615
52594
52584
52563
52443
52432
52412
52401
52281
52271
52250
52239
52119
52109
52088
52078
51957
51947
51926
51906
51795
51775
51764
51744
51633
51613
51602
51582
51471
51451
51440
51420
51309
51289
51288
51268
51157
51137
51126
51106
50995
50974
50964
50944
50833
50812
50752
50731
50841
50830
50820
50799
50689
50728
50707
50697
50577
50566
50545
50535
50414
50404
50383
50373
50262
50242
50231
50210
50100
50080
50069
50048
49938
49917
49907
50216
50105
50085
50074
50054
49943
49933
49912
49902
49781
49770
49750
49739
49619
49608
49597
49577
49466
49396
49375
49364
49504
49493
49473
49462
49341
49391
49380
49360
49249
49228
49228
49217
49097
49114
49104
49092
48793
48772
48761
48741
48630
48586
48555
48545
48534
48414
48403
48382
48372
48261
48240
48230
48209
48098
48088
48067
48057
47946
47865
47845
47834
47994
47983
47972
47951
47841
47890
47880
47869
47748
47738
47727
47706
47596
47585
47575
47564
47443
47432
47422
47401
47391
47280
47259
47249
47238
47117
47107
47096
47075
46965
46874
46863
46853
47032
47021
47011
46990
46879
46939
46928
46907
46797
46786
46765
46755
46644
46623
46613
46602
46592
46471
46460
46449
46429
46318
46307
46287
46196
46185
46075
46374
46263
46253
46232
46221
46291
46170
46159
46149
46128
46017
46007
45996
45975
45865
45854
45833
45823
45732
45611
45600
45590
45799
45788
45778
45667
45646
45716
45705
45594
45574
45563
45552
45542
45421
45330
45309
45299
45208
45197
45187
45176
45065
45135
45124
45113
45002
45002
44881
44871
45090
45079
45068
45058
44947
44926
44916
44905
45134
45124
45023
44912
44901
45241
45220
45289
45719
45878
45957
45946
45926
45905
45984
45964
45953
45942
45831
45821
45810
45789
45679
45668
45657
45647
45536
45515
45505
45494
45383
45373
45352
45341
45230
45220
45209
45198
45087
45067
45056
45045
44935
44924
44913
44892
44882
44771
44760
44760
44739
44628
44617
44607
44596
44485
44475
44454
44443
44332
44322
44311
44300
44189
44169
44158
44147
44037
44026
44015
44004
43994
43873
43862
43851
43841
43730
43719
43709
43688
43577
43566
43556
43545
43534
43423
43413
43402
43381
43271
43260
43249
43238
43128
43117
43106
43095
42975
42964
42953
42943
42932
42821
42810
42800
42789
42668
42657
42647
42636
42625
42534
42514
42503
42422
42312
42301
42290
42279
42159
42138
42117
42106
42096
41985
41974
41963
41953
41842
41831
41820
41810
41699
41688
41668
41657
41646
41535
41525
41514
41503
41492
41382
41371
41370
41349
41239
41228
41217
41206
41196
41085
41074
41063
41053
40942
40931
40920
40910
40899
40788
40777
40767
40756
40635
40624
40614
40603
40592
40481
40470
40460
40449
40338
40327
40317
40306
40295
40184
40174
40163
40152
40141
40031
40020
40009
39998
39888
39877
39866
39855
39835
39724
39713
39702
39692
39581
39570
39559
39549
39538
39427
39416
39406
39395
39384
39273
39263
39252
39241
39240
39130
39119
39108
39097
38987
38976
38965
38954
38944
38833
38822
38811
38800
38790
38679
38668
38657
38647
38706
38695
38684
38144
38133
38022
38011
38001
37990
37829
37818
37708
37697
37696
37685
37574
37564
37553
37542
37531
37421
37410
37399
37388
37377
37267
37256
37245
37234
37224
37113
37102
37091
37081
37070
36959
36948
36948
36937
36926
36815
36805
36794
36783
36772
36661
36651
36640
36629
36618
36508
36497
36486
36475
36464
36364
36353
36315
36303
36067
36027
36017
36006
35996
35986
35875
35865
35854
36014
35903
35893
35882
35382
35371
35361
35350
35340
35180
35069
35059
35048
35048
35037
34927
34916
34906
34895
34885
34874
34764
34753
34753
34742
34732
34621
34611
34600
34590
34580
34469
34469
34458
34448
34437
34427
34316
34306
34295
34295
34284
34174
34163
34153
34142
34132
34021
34011
34010
34000
33989
33879
33868
33858
33847
33837
33836
33726
33865
33855
33744
33734
33353
33353
33342
33244
33233
33221
32843
32834
32823
32814
32805
32700
32567
32558
32548
32538
32428
32417
32406
32395
32385
32383
32273
32263
32254
32243
32233
32124
32114
32104
32093
32083
32074
31964
31954
31944
31935
31924
31815
31805
31796
31785
31775
31766
31656
31646
31637
31673
31662
31652
31288
31278
31268
31259
31164
31153
31005
30996
30923
30914
30905
30895
30886
30782
30758
30748
30739
30729
30620
30610
30601
30591
30582
30573
30464
30455
30445
30436
30426
30417
30307
30299
30290
30280
30271
30261
30153
30143
30134
30164
30155
30144
29797
29788
29779
29770
29761
29652
29609
29600
29491
29482
29473
29464
29455
29446
29338
29328
29319
29310
29301
29293
29183
29175
29165
29157
29148
29139
29030
29021
29012
29009
29000
29026
29018
29008
28899
28666
28657
28649
28640
28531
28522
28484
28374
28366
28358
28349
28340
28331
28323
28214
28206
28197
28189
28181
28171
28063
28055
28046
28038
28060
28051
28042
27722
27714
27705
27697
27689
27680
27544
27536
27527
27519
27511
27402
27394
27386
27378
27369
27361
27253
27372
27263
27254
27042
27033
27025
27018
26910
26901
26868
26860
26854
26745
26741
26733
26743
26740
26717
26708
26503
26375
26366
26358
26351
26215
26185
26192
26184
26034
25950
25834
25826
25798
25791
25803
25587
25418
25410
25141
25034
25027
24999
24974
24867
24827
24820
24812
24705
24698
24690
24682
24675
24657
24660
24553
24546
24539
24532
24524
24518
24511
24403
24396
24389
24382
24375
24368
24360
24253
24246
24239
24232
24226
24218
24211
24204
24097
24090
24083
24076
24068
24061
24054
23948
23941
23934
23926
23919
23912
23906
23799
23792
23785
23777
23770
23764
23762
23655
23648
23641
23633
23626
23620
23613
23506
23499
23493
23486
23478
23471
23464
23458
23351
23344
23337
23330
23279
23272
23265
23159
23045
23038
23038
23033
23026
23020
22914
22908
22901
22896
22889
22883
22877
22770
22764
22758
22752
22746
22740
22733
22728
22621
22615
22609
22602
22597
22590
22584
22478
22472
22466
22460
22454
22448
22441
22436
22329
22324
22317
22311
22305
22299
22293
22187
22181
22175
22169
22163
22156
22151
22144
22039
22032
22027
22020
22015
22008
22003
21997
21891
21885
21878
21873
21866
21861
21855
21749
21743
21737
21731
21730
21724
21718
21712
21606
21600
21594
21588
21582
21577
21570
21565
21459
21453
21447
21442
21435
21429
21424
21417
21312
21306
21300
21294
21289
21283
21277
21271
21165
21159
21153
21148
21142
21136
21130
21125
21019
21013
21007
21002
20996
20990
20984
20978
20873
20867
20862
20855
20850
20844
20838
20833
20726
20721
20726
20721
20715
20658
20652
20647
20540
20534
20529
20523
20505
20499
20494
20488
20382
20377
20371
20366
20360
20355
20349
20344
20238
20232
20227
20221
20216
20210
20205
20199
20193
20088
20082
20077
20071
20066
20060
20054
20049
19943
19938
19932
19927
19922
19916
19911
19905
19800
19794
19788
19783
19777
19772
19766
19760
19755
19650
19645
19639
19633
19628
19622
19617
19612
19506
19501
19495
19490
19484
19479
19474
19468
19463
19357
19351
19347
19341
19335
19330
19324
19319
19314
19208
19203
19198
19192
19187
19181
19176
19171
19065
19059
19055
19053
19047
19042
19037
19031
19026
18920
18915
18910
18904
18899
18894
18888
18883
18877
18772
18767
18761
18756
18751
18745
18739
18735
18729
18623
18619
18613
18607
18602
18597
18591
18586
18580
18476
18470
18464
18459
18453
18449
18443
18438
18332
18327
18322
18316
18311
18305
18300
18294
18290
18184
18178
18173
18167
18162
18156
18152
18146
18141
18135
18030
18024
18019
18013
18008
18002
17997
17991
17986
17880
17875
17870
17864
17859
17853
17848
17842
17837
17731
17726
17720
17715
17710
17704
17698
17692
17687
17682
17576
17574
17568
17563
17557
17552
17546
17540
17535
17429
17423
17577
17570
17565
17559
17432
17427
17420
17415
17409
17303
17297
17263
17257
17250
17245
17239
17234
17227
17221
17215
17109
17103.6
17096.7
17090.8
17084.9
17078.9
17072.9
17065.9
17059.8
16953.7
16947.5
16941.3
16935
16927.7
16921.4
16915
16908.5
16902
16895.5
16787.9
16781.2
16774.4
16767.1
16758.2
16749.2
16740.1
16731.8
16729
16727.2
16625.3
16623.3
16621.2
16619
16616.9
16615.7
16614.4
16613
16610.6
16513.1
16511.5
16509.9
16508.1
16540.3
16538.5
16536.6
16533.7
16420.7
16418.6
16416.5
16414.4
16412.1
16409.9
16407.6
16379.3
16276.9
16277.5
16275
16273.5
16271
16268.5
16265.9
16263
16261
16258
16255
16152
16150
16147
16145
16142
16139
16136
16133
16130
16127
16024
16021
16019
16016
16013
16010
16007
16004
16001
15998
15895
15892
15889
15886
15882
15880
15877
15873
15801
15798
15794
15791
15788
15784
15781
15678
15675
15672
15669
15666
15638
15636
15632
15629
15626
15623
15619
15516
15513
15509
15506
15503
15500
15496
15493
15490
15486
15484
15380
15376
15374
15370
15366
15364
15360
15357
15354
15350
15247
15243
15241
15264
15260
15257
15254
15160
15156
15153
15150
15147
15143
15140
15115
15112
15108
15105
15101
14999
14995
14992
14988
14985
14982
14979
14976
14972
14969
14965
14862
14858
14856
14853
14849
14846
14842
14839
14760
14756
14754
14750
14762
14759
14755
14754
14650
14647
14646
14713
14610
14611
14692
14593
14590
14587
14582
14578
14553
14547
14549
14546
14543
14540
14558
14522
14519
14516
14512
14437
14433
14430
14420
14480
14478
14475
14453
14450
14355
14352
14344
14340
14395
14392
14309
14306
14334
14340
14362
14348
14201
14150
14147
14144
14141
14132
14128
14144
14096
14139
14035
14061
14071
14069
14066
13980
14020
14033
14013
14041
13957
13954
13987
13972
13969
13967
13948
13946
13929
13912
13910
13908
13905
13903
13799
13797
13795
13792
13790
13788
13786
13783
13781
13779
13777
13674
13672
13670
13667
13665
13663
13659
13657
13655
13652
13550
13548
13546
13544
13541
13539
13537
13534
13532
13529
13527
13424
13422
13420
13417
13415
13413
13411
13409
13406
13404
13401
13299
13296
13294
13292
13290
13287
13285
13283
13281
13279
13276
13173
13171
13169
13166
13164
13162
13160
13158
13155
13153
13150
13048
13046
13043
13041
13039
13037
13035
13033
13030
13027
13025
12923
12921
12919
12916
12914
12912
12910
12908
12904
12902
12900
12798
12796
12794
12792
12790
12787
12784
12782
12780
12778
12776
12673
12672
12669
12667
12664
12662
12660
12658
12656
12653
12651
12649
12547
12544
12542
12540
12538
12536
12524
12511
12499
12487
12474
12462
12460
12448
12436
12424
12411
12400
12387
12384
12372
12360
12348
12336
12324
12312
12310
12297
12285
12273
12261
12259
12247
12235
12222
12209
12198
12186
12184
12172
12156
12144
12132
12119
12107
12105
12093
12081
12068
12056
12044
12041
12029
12017
12005
11993
11981
11979
11967
11954
11942
11930
11918
11916
11904
11892
11880
11868
11865
11853
11841
11829
11817
11805
11803
11791
11778
11766
11754
11752
11740
11728
11716
11704
11691
11689
11678
11666
11654
11642
11640
11627
11615
11603
11591
11579
11577
11565
11553
11541
11538
11526
11515
11503
11491
11489
11477
11464
11452
11440
11438
11426
11414
11402
11391
11388
11376
11364
11352
11340
11338
11326
11314
11301
11289
11287
11276
11264
11252
11250
11238
11225
11213
11201
11200
11188
11176
11164
11162
11149
11137
11126
11124
11112
11100
11088
11076
11073
11061
11050
11038
11036
11024
11012
11000
10998
10986
10974
10962
10950
10948
10936
10924
10912
10910
10898
10886
10874
10873
10861
10849
10836
10834
10823
10811
10799
10797
10785
10772
10761
10759
10747
10735
10724
10722
10710
10697
10685
10683
10672
10660
10648
10646
10634
10623
10610
10608
10596
10585
10573
10571
10559
10546
10535
10533
10521
10509
10508
10496
10484
10481
10470
10458
10446
10444
10433
10421
10409
10407
10395
10383
10381
10369
10358
10346
10344
10332
10320
10308
10306
10294
10283
10271
10269
10256
10245
10243
10232
10220
10208
10206
10194
10183
10180
10168
10156
10155
10143
10132
10130
10118
10105
10094
10092
10080
10069
10067
10055
10043
10031
10029
10017
10006
10004
9992
9981
9969
9966
9955
9943
9941
9930
9918
9916
9905
9893
9880
9879
9867
9855
9854
9842
9840
9829
9816
9804
9803
9791
9779
9778
9766
9755
9753
9740
9729
9727
9715
9704
9702
9690
9679
9666
9665
9653
9641
9640
9628
9616
9615
9602
9591
9589
9577
9565
9564
9552
9541
9539
9526
9525
9513
9502
9500
9488
9477
9475
9463
9451
9449
9438
9426
9425
9413
9401
9400
9387
9376
9374
9363
9351
9349
9338
9326
9325
9312
9300
9299
9287
9276
9274
9263
9251
9250
9237
9226
9224
9212
9211
9199
9188
9186
9175
9162
9161
9149
9138
9136
9124
9113
9111
9100
9097
9086
9074
9073
9061
9050
9048
9037
9024
9023
9012
9010
8999
8987
8983
8971
8960
8958
8946
8934
8933
8921
8918.9
8907.9
8905.7
8894.6
8882.5
8881.4
8869.3
8858.2
8856.1
8845
8832.8
8831.8
8819.6
8818.5
8806.4
8795.3
8793.2
8782.1
8781
8768.9
8757.8
8755.7
8744.6
8732.4
8731.4
8719.2
8718.1
8706
8694.9
8692.8
8681.7
8669.6
8668.5
8656.4
8655.3
8644.2
8642.1
8631
8618.8
8617.7
8605.7
8604.5
8592.4
8581.3
8580.2
8568.1
8567
8554.9
8543.8
8541.7
8530.6
8518.5
8517.4
8506.2
8504.2
8493.1
8490.9
8479.9
8467.8
8466.6
8455.6
8453.4
8442.3
8430.3
8429.1
8417
8415.9
8404.8
8392.7
8391.6
8379.5
8378.4
8367.3
8365.2
8354.1
8342
8340.9
8328.8
8327.7
8316.6
8304.5
8303.4
8292.3
8290.2
8279.1
8291
8288.9
8277.8
8276.7
8148.6
8137.5
8126.4
8124.3
8113.1
8111.1
8100
8098.9
8086.8
8051.6
8040.6
8028.5
8027.4
8016.3
8014.1
8003.1
8002
7989.9
7978.8
7977.7
7965.6
7964.4
7953.4
7951.3
7940.2
7928.1
7927
7915.9
7914.8
7902.7
7901.6
7890.5
7888.4
7877.3
7875.2
7864.1
7863
7850.9
7839.8
7838.7
7826.6
7825.5
7814.4
7813.3
7801.2
7800.1
7789
7786.9
7810.8
7798.7
7787.6
7785.5
7660.5
7659.3
7636.3
7625.1
7624.1
7613
7610.9
7599.8
7598.7
7563.6
7520.5
7519.4
7507.3
7506.2
7495.1
7493
7492.9
7480.8
7469.7
7467.7
7456.5
7422.5
7411.3
7410.3
7399.2
7397.1
7386
7384.9
7373.8
7361.7
7360.6
7349.5
7348.4
7336.3
7292.2
7291.1
7280.1
7277.9
7300.9
7289.8
7288.7
7276.6
7173.5
7151.4
7150.3
7149.2
7138.1
7137
7125
7079.8
7068.8
7034.7
7033.6
7022.5
7020.4
7009.3
7008.2
6986.1
6985
6973.9
6982.8
6971.8
6970.7
6959.6
6957.5
6892.4
6891.3
6879.2
6878.1
6867.1
6888.9
6887.9
6876.8
6854.7
6852.6
6750.5
6750.4
6749.3
6738.2
6737.1
6735.1
6659
6657.9
6656.8
6622.7
6611.6
6610.5
6598.4
6597.4
6575.3
6585.2
6574.1
6573
6561.9
6560.8
6506.8
6504.6
6503.6
6492.5
6491.4
6390.3
6378.2
6377.1
6376
6365
6363.9
6352.8
6351.7
6317.6
6251.5
6240.4
6261.4
6250.3
6249.2
6259.1
6248
6157.9
6134.8
6133.8
6056.7
6067.6
6078.5
6077.4
6088.3
6065.2
5975.2
5887.1
5864
5785.9
5774.8
5773.8
5762.6
5760.6
5759.5
5705.4
5704.3
5693.2
5670.2
5669.1
5668
5655.9
5654.8
5643.7
5642.7
5641.6
5630.5
5629.4
5618.3
5617.2
5616.1
5605.1
5604
5592.9
5591.8
5590.7
5579.7
5577.6
5576.5
5565.4
5564.3
5553.3
5552.2
5551.1
5540
5538.9
5527.9
5526.8
5525.7
5514.6
5513.5
5512.4
5501.4
5500.3
5489.2
5488.1
5487
5476
5474.9
5463.8
5462.7
5461.6
5450.6
5448.5
5447.4
5436.3
5435.2
5434.2
5423.1
5422
5410.9
5409.9
5408.8
5397.7
5396.6
5395.5
5384.5
5383.4
5372.3
5371.2
5370.1
5359
5358
5356.9
5345.8
5344.8
5333.7
5332.6
5331.5
5320.4
5319.4
5318.3
5307.2
5306.1
5305.1
5294
5292.9
5281.8
5280.7
5279.7
5268.6
5267.5
5266.4
5255.4
5254.3
5253.2
5242.2
5241.1
5230
5228.9
5227.8
5216.8
5215.7
5214.6
5203.5
5202.5
5201.4
5190.3
5189.3
5188.2
5177.1
5176
5164.9
5163.8
5163.8
5152.7
5151.6
5150.6
5139.5
5138.4
5136.3
5125.3
5124.2
5123.1
5112.1
5111
5099.9
5098.8
5097.8
5086.7
5085.6
5085.5
5074.4
5073.4
5072.3
5061.2
5060.1
5059.1
5048
5046.9
5045.9
5034.8
5033.7
5032.6
5021.6
5020.5
5009.4
5008.4
5007.3
4996.2
4995.1
4994.1
4983
4982.9
4981.9
4970.8
4969.7
4968.6
4957.6
4956.5
4955.4
4944.4
4943.3
4942.2
4931.1
4930.1
4929
4917.9
4917.9
4916.8
4905.7
4904.7
4903.6
4892.5
4891.5
4890.4
4879.3
4878.3
4877.2
4866.1
4865.1
4865
4853.9
4852.8
4851.8
4840.7
4839.6
4838.6
4827.5
4826.4
4825.3
4814.3
4813.2
4812.2
4802.1
4801
4800
4788.9
4787.8
4786.7
4775.7
4774.6
4773.5
4762.5
4762.4
4761.3
4750.3
4749.2
4748
4737.1
4736
4734.9
4723.9
4722.8
4722.7
4711.7
4710.6
4709.5
4698.5
4697.4
4696.3
4685.3
4684.2
4684.1
4673.1
4672
4670.9
4659.9
4658.8
4657.8
4646.7
4646.6
4645.5
4634.5
4633.4
4632.3
4631.3
4620.2
4619.2
4618.1
4608
4606.9
4605.9
4594.8
4593.8
4592.7
4581.6
4581.6
4580.5
4569.4
4568.4
4567.3
4556.3
4555.2
4554.1
4554
4543
4541.9
4540.9
4529.8
4528.7
4527.7
4517.6
4516.5
4515.5
4504.4
4503.4
4502.3
4491.2
4491.2
4490.1
4489.1
4478
4476.9
4475.8
4464.8
4464.7
4463.7
4452.6
4451.5
4450.5
4439.4
4439.4
4438.3
4427.2
4426.2
4425.1
4424.1
4414
4412.9
4411.8
4400.8
4399.8
4398.7
4388.6
4387.5
4386.5
4375.4
4374.4
4373.3
4373.2
4362.2
4361.1
4360.1
4349
4347.9
4347.9
4346.8
4335.8
4334.7
4333.6
4323.6
4322.5
4321.5
4310.4
4309.4
4308.3
4308.2
4297.2
4296.1
4295.1
4284
4282.9
4282.9
4271.8
4270.8
4269.7
4269.6
4258.6
4257.5
4256.4
4245.4
4244.4
4244.3
4233.2
4232.2
4231.1
4230
4220
4218.9
4217.9
4206.8
4205.8
4205.7
4194.6
4193.6
4192.5
4191.5
4181.4
4180.3
4179.3
4168.2
4167.2
4167.1
4166.1
4155
4153.9
4152.9
4152.9
4141.8
4140.7
4139.7
4128.6
4128.5
4127.5
4116.5
4115.4
4114.3
4114.3
4103.2
4102.1
4101.1
4091.1
4090
4088.9
4087.9
4076.8
4076.8
4075.7
4064.7
4063.6
4063.6
4062.5
4051.4
4050.4
4050.3
4039.3
4038.2
4037.2
4036.1
4026.1
4025
4023.9
4012.9
4012.8
4011.8
4010.7
3999.7
3999.6
3998.6
3997.5
3986.4
3986.4
3985.3
3984.3
3973.2
3973.2
3972.1
3961.1
3960
3960
3958.9
3947.9
3946.8
3946.8
3935.7
3934.6
3933.6
3933.5
3922.5
3921.4
3920.4
3920.3
3909.3
3908.2
3907.2
3897.1
3896.1
3895
3893.9
3883.9
3882.9
3881.8
3880.8
3870.7
3869.6
3868.6
3857.5
3857.5
3856.4
3855.4
3845.3
3844.3
3843.2
3842.2
3832.1
3831.1
3830
3819
3818.9
3817.9
3816.8
3806.8
3805.7
3804.7
3803.6
3793.6
3792.5
3791.5
3791.4
3780.3
3779.3
3778.2
3778.2
3767.2
3766.1
3766.1
3765
3754
3752.9
3752.8
3741.8
3740.7
3740.7
3739.6
3728.6
3727.6
3727.5
3726.5
3715.4
3715.4
3714.3
3713.3
3702.2
3702.1
3701.1
3700
3690
3688.9
3687.9
3687.9
3676.8
3675.8
3674.7
3674.7
3663.6
3662.6
3662.5
3651.5
3650.4
3650.4
3649.3
3648.3
3637.2
3637.2
3636.1
3635.1
3625
3624
3622.9
3622.8
3605.6
3604.6
3604.5
3593.5
3592.5
3592.2
3557.909
3546.908
3545.931
3550.33
3549.32
3538.31
3538.3
3537.29
3536.29
3526.28
3525.27
3524.27
3524.26
3513.25
3512.25
3512.24
3511.23
3500.22
3500.22
3499.21
3498.2
3488.2
3487.19
3486.18
3486.17
3475.17
3474.16
3474.16
3473.15
3472.14
3462.13
3461.13
3460.12
3459.11
3449.1
3448.1
3447.09
3447.08
3436.08
3435.07
3435.06
3434.05
3423.05
3423.04
3422.03
3421.02
3411.02
3410.01
3409
3408.99
3397.98
3396.98
3396.97
3395.96
3394.95
3384.94
3383.94
3383.93
3382.92
3371.91
3371.91
3372.9
3371.89
3360.88
3360.87
3359.86
3351.85
3340.85
3339.84
3339.83
3338.82
3328.81
3327.8
3326.79
3326.79
3325.77
3313.77
3312.76
3311.75
3311.74
3300.73
3299.71
3299.71
3298.7
3287.68
3287.67
3286.66
3286.65
3285.64
3274.63
3274.62
3273.6
3273.59
3262.58
3261.56
3261.55
3260.53
3249.52
3249.5
3248.49
3248.47
3247.45
3236.44
3236.42
3235.4
3234.38
3224.36
3223.33
3223.31
3222.29
3211.26
3211.23
3210.21
3210.18
3209.15
3198.13
3198.1
3197.09
3197.1
3186.16
3184.97
3184.55
3183.1
3171.61
3170.94
3168.972
3169.43
3169.1
3158.51
3158.79
3157.98
3158.11
3147.18
3146.22
3146.19
3145.13
3145.36
3134.51
3133.62
3133.71
3132.78
3132.84
3121.89
3120.93
3120.97
3120
3110.02
3109.05
3108.07
3108.09
3107.1
3097.12
3096.13
3096.14
3095.15
3084.16
3084.17
3083.18
3083.19
3082.19
3071.2
3071.2
3070.21
3070.21
3059.21
3058.22
3058.22
3057.22
3057.22
3046.22
3046.22
3045.23
3044.23
3044.23
3033.23
3032.23
3032.23
3031.22
3021.23
3020.22
3020.22
3019.22
3008.22
3007.22
3007.22
3006.22
2996.21
2995.21
2995.21
2994.21
2994.21
2983.2
2982.2
2981.2
2970.2
2970.2
2969.19
2969.19
2968.19
2958.18
2957.18
2956.18
2956.18
2955.17
2945.17
2944.17
2944.16
2943.16
2942.16
2931.15
2930.15
2930.15
2919.14
2919.14
2918.14
2917.14
2917.13
2906.13
2906.13
2905.12
2904.12
2894.11
2894.11
2893.11
2893.1
2892.1
2881.1
2881.09
2879.09
2868.09
2868.08
2867.08
2867.07
2866.07
2856.07
2855.06
2855.06
2854.05
2843.05
2843.05
2842.04
2842.04
2841.04
2830.03
2830.03
2830.02
2829.02
2829.02
2828.01
2818.01
2815
2805
2804
2803.99
2802.99
2802.98
2791.98
2791.98
2790.97
2789.97
2779.96
2778.96
2778.96
2777.95
2777.95
2766.94
2766.94
2765.94
2765.93
2764.93
2764.93
2753.92
2753.92
2752.91
2740.91
2739.9
2739.9
2738.9
2728.89
2727.89
2727.88
2726.88
2726.88
2715.87
2714.87
2714.86
2713.86
2703.86
2702.85
2702.85
2701.84
2701.84
2690.84
2690.83
2690.83
2689.82
2688.82
2688.82
2677.81
2675.81
2664.8
2664.8
2663.8
2663.79
2662.79
2652.78
2651.78
2651.77
2651.77
2650.77
2650.76
2639.76
2639.75
2638.75
2613.75
2612.74
2612.74
2611.73
2611.73
2601.73
2600.72
2600.72
2599.71
2575.71
2575.7
2574.7
2574.7
2563.69
2563.69
2562.69
2562.68
2561.68
2561.67
2550.67
2549.67
2549.66
2548.66
2548.65
2537.65
2537.64
2536.64
2536.64
2536.63
2535.63
2525.63
2524.62
2524.62
2525.61
2524.61
2524.61
2523.6
2523.6
2512.59
2497.59
2487.59
2486.58
2486.58
2485.57
2474.57
2474.57
2473.56
2473.56
2472.55
2462.55
2461.55
2461.54
2460.54
2460.53
2449.53
2436.53
2436.52
2435.52
2435.51
2434.51
2424.51
2423.5
2434.5
2424.49
2423.49
2422.49
2422.48
2411.48
2397.48
2397.47
2396.47
2396.46
2385.46
2385.46
2372.45
2371.45
2371.45
2370.44
2359.44
2358.43
2358.43
2348.43
2358.42
2359.42
2348.41
2347.41
2347.41
2346.4
2322.4
2308.4
2308.39
2308.39
2307.38
2309.38
2308.38
2308.37
2308.37
2308.36
2297.36
2259.36
2258.35
2258.35
2244.34
2233.34
2233.34
2232.34
2232.33
2232.33
2220.32
2219.32
2219.32
2218.31
2207.31
2207.3
2206.3
2206.3
2195.29
2195.29
2194.29
2194.28
2194.28
2193.27
2183.27
2182.27
2182.26
2182.26
2181.26
2181.25
2180.25
2170.25
2169.24
2169.24
2169.23
2168.23
2168.23
2167.22
2157.22
2157.22
2156.21
2156.21
2155.2
2155.2
2145.2
2144.19
2144.19
2143.19
2143.18
2142.18
2142.18
2132.17
2131.17
2131.17
2130.16
2130.16
2130.16
2119.15
2119.15
2118.14
2118.14
2118.14
2117.13
2117.13
2106.13
2106.12
2106.12
2105.12
2105.11
2104.11
2094.11
2094.1
2093.1
2093.09
2092.09
2092.09
2092.08
2081.08
2081.08
2080.07
2080.07
2080.07
2079.06
2079.06
2068.06
2068.05
2068.05
2067.05
2067.04
2066.04
2066.03
2056.03
2055.03
2055.02
2054.02
2054.02
2054.01
2053.01
2043.01
2043
2042
2042
2040.99
2040.99
2030.99
2029.98
2029.98
2028.98
2028.97
2028.97
2027.97
2017.96
2016.96
2016.96
2016.95
2015.95
2015.95
2015.94
2004.94
2004.94
2003.93
2003.93
2003.93
2002.92
2002.92
1991.92
1991.91
1991.91
1990.91
1990.9
1990.9
1989.9
1979.89
1978.89
1978.89
1978.88
1977.88
1977.88
1977.87
1966.87
1966.87
1965.86
1965.86
1965.86
1964.85
1964.85
1963.85
1953.84
1953.84
1952.84
1952.83
1952.83
1951.83
1951.82
1941.82
1940.82
1940.81
1939.81
1939.81
1939.81
1938.8
1928.8
1928.8
1927.79
1927.79
1926.79
1926.78
1926.78
1915.78
1915.77
1915.77
1914.77
1914.76
1913.76
1913.76
1903.75
1902.75
1902.75
1902.75
1901.74
1901.74
1901.74
1900.73
1890.73
1889.73
1889.72
1889.72
1888.72
1888.71
1888.71
1879.71
1879.7
1878.7
1878.7
1878.69
1877.69
1877.69
1859.69
1858.68
1858.68
1858.68
1857.67
1857.67
1857.67
1856.66
1846.66
1845.66
1843.66
1843.65
1843.65
1842.65
1842.64
1842.64
1831.64
1831.63
1831.63
1830.63
1830.63
1830.62
1829.62
1819.62
1818.61
1818.61
1818.61
1817.6
1817.6
1817.6
1816.59
1806.59
1806.59
1805.59
1805.58
1805.58
1804.58
1804.57
1804.57
1793.57
1793.57
1793.56
1792.56
1792.56
1792.55
1791.55
1781.55
1781.54
1780.54
1780.54
1780.54
1779.53
1779.53
1779.53
1768.52
1768.52
1768.52
1767.52
1767.51
1767.51
1766.51
1766.51
1756.5
1755.5
1755.5
1755.49
1754.49
1754.49
1754.48
1753.48
1743.48
1743.48
1742.47
1742.47
1742.47
1741.46
1741.46
1741.46
1730.46
1730.45
1730.45
1729.45
1729.44
1729.44
1728.44
1728.44
1718.43
1717.43
1717.43
1717.42
1716.42
1716.42
1716.42
1716.41
1705.41
1705.41
1705.41
1704.4
1704.4
1704.4
1703.39
1703.39
1693.39
1692.39
1692.38
1692.38
1691.38
1691.38
1691.37
1690.37
1680.37
1680.36
1679.36
1679.36
1679.36
1678.35
1678.35
1678.35
1677.35
1667.34
1667.34
1666.34
1666.33
1666.33
1666.33
1665.33
1665.32
1655.32
1654.32
1654.32
1654.31
1653.31
1653.31
1653.3
1652.3
1652.3
1642.3
1641.29
1641.29
1641.29
1641.29
1640.28
1640.28
1640.28
1629.28
1629.27
1629.27
1628.27
1628.27
1628.26
1627.26
1627.26
1627.26
1617.25
1616.25
1616.25
1616.24
1615.24
1615.24
1615.24
1614.23
1604.23
1604.23
1604.23
1603.22
1603.22
1603.22
1602.22
1602.21
1602.21
1591.21
1591.21
1591.2
1591.2
1590.2
1590.2
1590.19
1589.19
1589.19
1579.19
1578.18
1578.18
1578.18
1577.18
1577.17
1577.17
1577.17
1576.17
1566.16
1566.16
1565.16
1565.16
1565.15
1565.15
1564.15
1564.15
1554.14
1553.14
1553.14
1553.14
1552.13
1552.13
1552.13
1552.13
1551.12
1541.12
1541.12
1540.12
1540.11
1540.11
1540.11
1539.11
1539.11
1539.1
1528.1
1528.1
1528.09
1528.09
1527.09
1527.09
1527.09
1526.08
1526.08
1516.08
1516.08
1515.07
1515.07
1515.07
1514.07
1514.06
1514.06
1514.06
1513.06
1503.05
1503.05
1502.05
1502.05
1502.04
1501.04
1501.04
1501.04
1501.04
1491.03
1490.03
1490.03
1490.03
1489.02
1489.02
1489.02
1489.02
1488.01
1478.01
1478.01
1478.01
1477.01
1477
1477
1476
1476
1475.99
1475.99
1464.99
1464.99
1464.98
1464.98
1463.98
1463.98
1463.97
1462.97
1462.97
1452.97
1452.97
1451.96
1451.96
1451.96
1450.96
1450.95
1450.95
1450.95
1439.95
1439.95
1439.94
1439.94
1438.94
1438.94
1438.93
1437.93
1437.93
1437.93
1427.93
1426.92
1426.92
1426.92
1426.92
1425.92
1425.91
1425.91
1424.91
1424.91
1414.9
1414.9
1413.9
1413.9
1413.9
1413.89
1412.89
1412.89
1412.89
1412.88
1401.88
1401.88
1401.88
1400.88
1400.87
1400.87
1400.87
1399.87
1399.86
1399.86
1389.86
1388.86
1388.86
1388.86
1388.86
1387.86
1387.86
1387.85
1387.85
1386.82
1376.81
1376.81
1375.81
1375.81
1375.8
1375.8
1374.8
1374.8
1374.8
1374.79
1363.79
1363.78
1363.78
1363.78
1362.78
1362.78
1362.77
1362.77
1361.77
1361.77
1351.77
1351.76
1350.76
1350.76
1350.76
1350.75
1349.75
1349.75
1349.75
1349.75
1338.75
1338.74
1338.74
1338.74
1337.74
1337.73
1337.73
1337.73
1336.73
1336.73
1336.73
1326.72
1325.72
1325.72
1325.72
1325.71
1324.71
1324.71
1324.71
1324.71
1323.7
1313.7
1313.7
1312.7
1312.7
1312.7
1312.69
1311.69
1311.69
1311.69
1311.69
1301.68
1300.68
1300.68
1300.68
1300.68
1299.67
1299.67
1299.67
1299.67
1298.67
1298.66
1288.66
1288.66
1287.66
1287.66
1287.65
1287.65
1286.65
1286.65
1286.65
1286.65
1285.64
1275.64
1275.64
1275.64
1274.64
1274.63
1274.63
1274.63
1273.63
1273.63
1273.62
1273.62
1262.62
1262.62
1262.62
1262.62
1262.61
1260.61
1259.61
1259.61
1258.61
1256.6
1255.6
1254.6
1253.6
1251.6
1250.59
1249.59
1248.59
1246.59
1245.59
1245.59
1244.58
1243.58
1241.58
1240.58
1239.58
1238.57
1236.57
1235.57
1234.57
1234.57
1232.57
1231.56
1230.56
1229.56
1227.56
1227.56
1226.55
1225.55
1224.55
1222.55
1221.55
1220.55
1219.54
1217.54
1217.54
1216.54
1215.54
1213.53
1212.53
1211.53
1210.53
1209.53
1207.53
1207.52
1206.52
1205.52
1203.52
1202.52
1201.51
1200.51
1199.51
1198.51
1197.51
1196.51
1195.5
1193.5
1192.5
1191.5
1190.5
1189.5
1188.49
1187.49
1186.49
1185.49
1183.49
1182.49
1182.48
1181.48
1179.48
1178.48
1177.48
1176.48
1175.47
1174.47
1173.47
1172.47
1171.47
1171.46
1169.46
1168.46
1167.46
1165.46
1164.46
1163.45
1162.45
1161.45
1160.45
1159.45
1158.45
1157.45
1154.44
1153.44
1151.44
1150.44
1149.44
1148.44
1147.43
1146.43
1145.43
1144.43
1143.43
1142.43
1140.42
1140.42
1139.42
1138.42
1134.42
1132.42
1131.41
1130.41
1130.41
1128.41
1127.41
1126.41
1125.4
1124.4
1123.4
1122.4
1121.4
1119.4
1118.39
1119.39
1117.39
1116.39
1115.39
1114.39
1113.38
1112.38
1107.38
1106.38
1105.38
1104.38
1103.37
1102.37
1100.37
1100.37
1099.37
1098.37
1096.37
1095.36
1094.36
1092.36
1092.36
1091.36
1090.36
1088.35
1087.35
1088.35
1087.35
1085.35
1085.35
1084.35
1083.34
1082.34
1076.34
1075.34
1074.34
1073.34
1072.33
1071.33
1070.33
1069.33
1068.33
1068.33
1066.33
1063.32
1063.32
1062.32
1061.32
1060.32
1059.32
1058.31
1057.31
1056.31
1056.31
1055.31
1053.31
1052.31
1053.3
1051.3
1051.3
1050.3
1049.3
1048.3
1048.29
1040.29
1039.29
1039.29
1037.29
1036.29
1035.29
1035.28
1034.28
1032.28
1031.28
1031.28
1028.28
1027.28
1026.27
1025.27
1024.27
1024.27
1023.27
1022.27
1021.27
1020.26
1019.26
1018.26
1017.26
1017.26
1015.26
1014.25
1015.25
1014.25
1012.25
1012.25
1011.25
1010.25
1003.24
1002.24
1001.24
999.24
999.24
998.24
997.24
996.23
996.23
994.23
993.23
992.23
990.23
989.23
989.22
987.22
986.22
985.22
985.22
984.22
984.22
982.21
981.21
980.21
980.21
979.21
977.21
976.21
976.2
975.2
976.2
974.2
973.2
973.2
972.2
971.2
971.19
962.19
961.19
960.19
960.19
959.19
957.19
956.18
956.18
955.18
954.18
954.18
951.18
950.18
949.17
948.17
947.17
947.17
946.17
944.17
944.17
943.16
942.16
942.16
941.16
939.16
938.16
938.16
937.16
936.15
936.15
936.15
935.15
935.15
934.15
933.15
932.14
931.14
919.14
918.14
918.14
917.14
916.14
916.14
915.13
913.13
913.13
912.13
911.13
909.13
908.13
906.12
906.12
905.12
903.12
903.12
902.12
901.12
901.12
900.11
899.11
898.11
897.11
896.11
896.11
895.11
893.11
893.1
894.1
893.1
892.1
892.1
890.1
889.1
889.1
881.09
881.09
880.09
878.09
878.09
877.09
876.09
876.08
875.08
874.08
873.08
870.08
870.08
869.08
868.08
868.08
867.07
865.07
865.07
864.07
863.07
863.07
862.07
861.06
860.06
859.06
858.06
858.06
857.06
858.06
858.06
856.05
855.05
855.05
854.05
854.05
844.05
844.05
843.05
843.05
842.04
841.04
841.04
839.04
838.04
838.04
837.04
835.04
834.03
833.03
833.03
831.03
831.03
830.03
830.03
829.03
828.02
828.02
826.02
825.02
825.02
824.02
825.02
825.02
824.02
824.01
822.01
821.01
821.01
812.01
812.01
811.01
810.01
809
808
808
807
807
805.999
803.998
806.997
804.996
802.994
801.993
801.992
800.991
800.99
799.989
798.988
798.986
796.985
796.984
797.983
796.982
796.981
795.98
795.978
794.977
792.976
784.975
784.974
783.973
782.972
782.97
781.969
780.968
779.967
778.966
778.965
777.964
777.962
774.961
774.96
772.96
771.958
771.957
770.956
770.955
773.954
773.953
772.952
770.95
770.949
769.948
769.947
751.946
749.945
749.944
748.942
747.942
747.941
746.939
746.937
745.937
745.936
743.934
738.933
738.932
739.931
739.933
738.932
740.932
739.93
739.929
737.928
728.927
728.926
727.925
718.924
717.922
717.922
718.921
717.921
720.919
718.918
717.917
718.916
717.915
708.914
705.913
696.912
695.911
695.91
685.909
684.907
684.907
683.906
683.904
682.903
680.903
679.902
679.9
676.899
675.898
675.897
672.896
671.895
670.894
670.893
669.892
668.891
668.89
667.889
667.888
666.887
666.886
665.885
664.884
663.882
663.882
662.881
662.88
661.778
661.778
660.677
660.576
659.474
659.374
658.273
658.171
657.07
656.97
655.869
654.767
654.766
653.666
653.564
652.463
652.363
651.262
651.16
650.059
649.959
648.857
648.756
647.656
647.655
646.553
646.452
645.352
645.251
644.149
644.049
643.948
642.846
642.746
641.745
641.644
640.542
640.442
639.341
639.239
638.139
638.038
637.037
636.936
635.835
635.734
634.633
634.532
633.431
633.33
632.229
632.228
631.127
631.026
629.925
629.824
628.723
628.623
627.621
627.521
626.42
626.318
625.218
625.117
624.116
624.015
622.914
622.813
621.712
621.611
620.51
620.409
619.408
619.307
618.206
618.106
617.004
616.904
615.803
615.701
615.701
614.6
614.499
613.398
613.297
612.196
612.095
611.094
610.993
609.893
609.791
608.69
608.59
607.489
607.488
607.387
606.286
606.185
605.084
605.083
603.983
603.881
602.78
602.68
601.579
601.478
600.477
600.376
599.275
599.174
598.073
597.973
597.971
596.871
596.77
595.669
595.568
594.467
594.466
593.366
593.264
592.164
592.063
590.961
590.961
589.86
589.759
589.658
588.557
588.557
587.456
587.355
586.254
586.153
585.052
585.051
583.95
583.85
582.748
582.648
582.647
581.546
581.445
580.344
580.244
579.142
579.142
578.041
577.94
576.839
576.738
576.738
575.637
575.536
574.435
574.334
573.333
573.232
572.131
572.031
571.929
570.929
570.828
569.727
569.626
568.525
568.525
568.424
567.323
567.222
566.121
566.12
565.02
564.919
563.818
563.817
563.716
562.616
562.515
561.414
561.413
560.312
560.212
559.11
559.01
559.009
557.908
557.807
556.706
556.706
555.605
555.504
555.403
554.403
554.301
553.201
553.1
551.999
551.998
550.897
550.797
550.696
549.695
549.594
548.494
548.392
547.292
547.291
547.19
546.089
545.989
544.988
544.887
543.786
543.685
543.685
542.584
542.483
541.382
541.382
540.28
540.18
540.079
539.078
538.977
538.877
537.776
537.775
536.674
536.574
535.473
535.472
535.371
534.27
534.17
533.169
533.068
532.967
531.867
531.866
530.765
530.664
529.564
529.563
529.462
528.361
528.261
527.26
527.159
527.058
525.957
525.956
524.856
524.755
523.754
523.653
523.553
522.452
522.451
521.35
521.25
521.149
520.148
520.048
518.947
518.946
518.845
517.745
517.644
516.643
516.542
515.442
515.341
515.34
514.239
514.139
513.138
513.037
512.936
511.836
511.835
510.734
510.633
510.633
509.532
509.431
508.43
508.33
508.229
507.128
507.128
507.027
505.926
505.925
504.825
504.724
504.623
503.622
503.522
502.421
502.42
502.32
501.219
501.118
500.117
500.017
499.916
498.915
498.814
498.714
497.713
497.613
496.512
496.511
496.41
495.309
495.309
494.208
494.108
494.007
493.006
492.905
491.805
491.804
491.703
490.603
490.602
490.501
489.4
489.4
488.299
488.198
488.098
487.097
486.997
485.895
485.895
485.794
484.694
484.693
484.592
483.492
483.491
482.39
482.289
482.289
481.188
481.287
480.187
480.186
480.085
478.985
478.984
478.883
477.082
476.982
476.981
475.881
475.78
475.779
474.679
474.578
473.577
473.477
473.376
472.375
472.274
472.074
470.973
470.873
469.872
469.771
469.771
468.67
468.569
468.569
467.468
467.367
466.366
466.266
466.165
465.165
465.064
464.963
463.963
463.862
463.761
462.761
462.66
461.56
461.559
461.458
460.458
460.357
460.256
459.256
459.155
459.054
458.053
457.953
456.952
456.851
456.751
455.75
455.65
455.549
454.548
454.448
454.347
453.346
453.246
452.245
452.145
452.044
451.043
450.943
450.842
449.841
449.741
449.74
448.64
448.539
448.538
447.438
447.337
447.336
446.236
446.135
446.135
445.034
445.033
445.033
443.932
443.831
443.831
442.73
442.73
441.629
441.528
441.528
440.427
440.326
440.326
439.226
439.225
439.124
438.124
438.023
437.923
436.922
436.821
436.821
435.72
435.619
435.619
434.518
434.418
434.417
433.316
433.316
433.215
432.114
432.114
432.013
431.013
430.912
429.912
429.811
429.711
428.71
428.609
428.609
427.508
427.407
427.407
426.306
426.306
426.127
425.027
425.026
424.926
423.925
423.825
423.723
423.38666
422.28657
422.28648
422.18932
421.08923
421.08912
420.98902
419.98892
419.88882
419.88873
418.78862
418.68852
418.68842
417.58832
417.58823
417.48813
416.38803
416.38793
416.28783
415.28773
415.18763
415.18753
414.08743
414.08734
413.98724
412.88714
412.88704
412.78694
411.78684
411.68675
411.58665
410.58655
410.48645
410.48636
409.38626
409.38616
409.28607
408.18597
408.18587
408.08577
407.08568
406.98558
406.98549
405.88539
405.78529
405.7852
405.6851
404.685
404.58491
404.58482
403.48472
403.48462
403.38453
402.38443
402.28434
402.18424
401.18415
401.08405
401.08396
399.98386
399.98377
399.88367
398.78358
398.78349
398.68339
398.6833
397.5832
397.58311
397.48302
396.48293
396.38283
396.28274
395.28265
395.18255
395.18246
395.08237
394.08227
393.98218
393.98209
392.882
392.7819
392.78181
391.78172
391.68163
391.58154
390.58145
390.48135
390.48126
389.38117
389.38108
389.28099
389.2809
388.18081
388.18071
388.08062
386.98053
386.98044
386.88035
385.88026
385.78017
385.78008
384.67999
384.6799
384.57981
384.57972
383.47963
383.37954
383.37945
382.27936
382.27927
382.17919
381.1791
381.07901
381.07892
380.97883
379.97874
379.87865
379.87857
378.77847
378.77839
378.6783
377.67821
377.57812
377.57804
377.47795
376.47786
376.37777
376.27768
376.2776
375.17751
375.17742
375.07734
374.07725
373.97716
373.97708
372.87699
372.8769
372.77681
372.77673
371.67664
371.67656
371.57647
370.57638
370.4763
370.47621
369.37613
369.37604
369.27596
369.27587
368.17578
368.1757
368.07562
367.07553
366.97544
366.97536
366.87528
365.87519
365.77511
365.67502
364.67494
364.57485
364.57477
364.47468
363.4746
363.47452
363.37443
362.37435
362.27427
362.27418
362.1741
361.17402
361.07393
360.87385
359.87377
359.77369
359.7736
358.67352
358.77344
358.67336
358.67327
357.57319
357.57311
357.47303
356.47294
356.07286
356.07278
354.9727
354.97262
354.87253
353.87245
353.77237
353.77229
353.67221
352.67213
352.57205
352.57197
352.47189
351.4718
351.47172
351.37164
351.37156
350.27148
350.2714
350.17132
349.17124
348.77116
347.67108
347.671
347.57092
347.57084
346.47076
346.47068
346.3706
346.37052
345.27044
345.27037
345.17029
344.17021
344.07013
343.97005
342.96997
342.8699
342.86981
342.76974
341.76966
341.66958
341.7695
341.66942
340.66934
340.56927
340.56919
340.46911
339.46903
338.96896
337.86888
337.8688
337.86873
336.76865
336.76857
336.66849
336.66842
335.56834
335.56826
335.46819
335.46811
334.36803
334.26796
334.16788
333.1678
333.06773
333.06765
333.06758
331.9675
331.96742
331.86735
331.86727
330.7672
330.76712
330.66705
329.66697
329.5669
329.66682
329.66675
329.56667
328.5666
328.46652
328.46645
328.46637
326.8663
325.76622
325.76615
325.66608
325.666
324.56593
324.56585
324.46578
323.46571
323.46563
323.36556
323.36548
323.26541
322.16534
322.06526
322.06519
320.96512
320.96504
320.86497
320.8649
319.76483
319.76475
319.76468
319.66461
318.66454
318.56447
318.56439
318.46432
317.46425
317.46417
317.3641
317.36403
316.26396
316.26389
316.36382
316.26374
315.26367
315.2636
315.16353
315.16346
314.06339
312.46331
312.36324
312.36317
312.2631
311.26303
311.16296
311.16289
311.16282
310.06275
310.06268
309.96261
309.96254
308.86247
308.7624
308.66233
307.66226
307.56219
307.56212
307.46205
306.46198
306.46191
306.36184
306.36177
305.2617
305.26163
305.26156
305.1615
305.16143
304.06136
304.06129
304.06122
303.96115
302.96108
302.86102
302.86095
302.86088
301.76081
301.76074
301.86067
301.76061
301.76054
300.76047
300.6604
300.66033
300.56027
299.5602
297.86013
297.76006
297.76
297.75993
296.65986
296.6598
296.55973
296.55966
295.55959
295.45953
295.45946
295.35939
294.35933
294.15926
294.15919
293.05913
293.05906
293.05899
292.95893
292.95886
291.8588
291.85873
291.85867
291.7586
290.75854
290.65847
290.6584
290.65834
290.55827
289.55821
289.55814
289.45808
289.45801
288.35795
288.35788
288.35782
288.25775
287.25769
287.25762
287.15756
287.15749
287.05743
287.25736
286.1573
286.15724
286.05717
286.05711
285.05704
284.95698
283.25692
283.15685
282.15679
282.05673
282.05666
282.0566
281.95654
280.95647
280.95641
280.85635
280.85628
279.75622
279.75616
279.75609
279.55603
278.45597
278.4559
278.45584
278.35578
277.35572
277.35565
277.25559
277.25553
277.25547
276.15541
276.15535
276.05528
276.05522
275.05516
274.9551
274.95504
274.95497
274.85491
273.85485
273.85479
273.75473
273.75467
272.6546
272.65454
272.65448
272.55442
272.55436
271.5543
271.45424
271.45418
271.55412
271.55406
271.554
270.45394
270.45388
270.45382
270.35376
267.4537
266.45363
266.45357
266.35351
266.35346
266.25339
265.25334
265.25328
265.15322
265.15316
264.1531
264.05304
264.05298
263.85292
262.85286
262.8528
262.75274
262.75268
262.75262
261.65256
261.55251
261.55245
261.55239
260.45233
260.45227
260.45221
260.35215
260.3521
259.35204
259.25198
259.25192
259.25186
259.15181
258.15175
258.05169
258.05163
258.05157
257.95152
256.95146
256.9514
256.85134
256.85129
256.85123
255.75117
255.75111
255.75106
255.851
255.85094
255.85088
254.75083
254.75077
254.75071
254.65066
252.9506
251.85054
251.85049
251.85043
251.75038
251.75032
250.75026
250.65021
250.65015
250.65009
250.75004
249.64998
249.64993
249.64987
249.44981
248.34976
248.3497
248.34965
247.84959
247.84954
246.74948
246.74942
246.74937
246.64932
246.64926
245.6492
245.54915
245.54909
245.54904
245.44899
244.44893
244.44888
244.24882
244.24877
244.24871
243.14866
243.1486
243.14855
243.04849
243.04844
242.04839
242.04833
241.94828
241.94822
241.94817
242.04812
241.04806
240.94801
240.94796
240.9479
240.94785
240.84779
239.84774
238.14769
238.04763
238.04758
237.04753
236.94747
236.94742
236.94737
236.94732
236.84726
235.84721
235.84716
235.74711
235.74705
235.747
234.54695
234.54689
234.44684
234.44679
233.44674
233.34668
233.34663
233.34658
233.34653
232.24648
232.24642
232.24637
232.14632
232.14627
232.14622
231.14617
231.04611
231.04606
231.04601
230.94596
229.94591
229.94586
229.9458
229.84575
229.8457
229.84565
228.7456
228.74555
228.7455
228.74545
228.8454
228.84535
227.7453
227.74524
227.74519
227.74514
227.64509
227.64504
224.94499
224.94494
224.84489
224.84484
224.84479
223.74474
223.74469
223.74464
223.74459
223.64454
222.64449
222.64444
222.54439
222.44434
221.3443
221.34425
221.3442
221.34415
221.2441
221.24405
220.244
220.24395
220.1439
220.14385
220.1438
220.04375
219.04371
219.04366
219.04361
218.94356
218.94351
218.94346
217.94341
217.84336
217.84332
217.84327
217.74322
216.74317
216.74312
216.74307
216.64303
216.84298
216.84293
216.74288
216.74283
215.74279
215.64274
215.64269
215.64264
212.9426
212.94255
212.8425
212.84245
212.84241
212.84236
211.74231
211.74226
211.74222
211.74217
211.64212
211.64208
210.64203
210.44198
210.44193
210.44189
210.34184
209.34179
209.34175
209.3417
209.24166
209.24161
209.24156
208.24151
208.14147
208.14142
208.14138
208.14133
208.04128
207.04124
207.04119
207.04115
206.9411
206.94105
206.94101
205.94096
205.84092
206.04087
206.04083
205.94078
205.94074
205.94069
204.94064
204.8406
204.84055
203.14051
203.14046
203.14042
202.14037
202.04033
202.04028
202.04024
202.04019
201.94015
200.9401
200.94006
200.94001
200.83997
199.73992
199.63988
199.63983
199.63979
199.63975
199.5397
198.53966
198.53961
198.53957
198.43952
198.43948
198.43944
197.43939
197.43935
197.3393
197.33926
197.33922
197.33917
197.43913
197.43909
197.43904
196.339
196.33896
196.33891
196.33887
196.23883
196.23878
193.63874
193.5387
193.53865
193.53861
193.53857
193.43852
192.43848
192.43844
192.43839
192.43835
192.33831
192.33827
191.33822
191.13818
191.13814
191.1381
191.13805
190.03801
190.03797
190.03793
190.03788
189.93784
189.9378
188.93776
188.93772
189.03767
189.03763
189.03759
189.03755
188.93751
188.93746
188.93742
187.93738
186.23734
186.2373
186.23726
186.23721
185.13717
185.13713
185.13709
185.13705
185.13701
185.03696
185.03692
184.03688
184.03684
184.0368
183.83676
183.83672
182.83668
182.73664
182.9366
182.93656
182.83651
182.83647
182.83643
182.83639
182.83635
181.73631
180.13627
180.13623
180.13619
180.13615
180.03611
179.03607
179.03603
179.03599
178.93595
178.93591
179.13587
179.13583
179.13579
179.13575
178.93571
177.93567
177.93563
178.03559
176.53555
176.53551
176.53547
176.53543
176.43539
176.43535
175.43531
173.83527
172.23523
172.2352
171.23516
171.23512
171.13508
171.13504
171.035
170.03496
169.93492
169.93488
169.93484
169.93481
168.73477
168.73473
168.63469
168.63465
168.53461
167.53457
167.53453
167.5345
167.53446
167.43442
167.43438
167.43434
166.4343
166.43427
166.43423
166.33419
166.33415
166.33411
166.33408
166.33404
165.234
165.23396
165.23393
165.23389
165.23385
165.23381
165.13377
164.13373
164.1337
164.13366
164.13362
164.03359
164.03355
164.03351
164.03347
163.03344
163.0334
162.93336
162.93332
162.93329
162.93325
162.93321
161.93318
161.83314
161.8331
161.83307
161.83303
161.83299
161.83296
161.73292
160.73288
160.73285
160.73281
160.73277
160.63274
160.6327
160.63266
159.63263
159.63259
159.63256
159.53252
159.53248
159.53245
159.53241
159.53237
158.53234
158.4323
158.43227
158.43223
158.43219
158.43216
158.43212
157.33209
157.33205
157.33201
157.33198
157.33194
157.23191
157.23187
157.23184
156.2318
156.23177
156.23173
156.1317
156.13166
156.13163
156.13159
156.13156
155.13152
155.03148
155.03145
155.03141
155.03138
155.03134
155.03131
153.93127
153.93124
153.9312
153.93117
153.93114
153.9311
153.83107
153.83103
153.831
152.83096
152.83093
152.83089
152.73086
152.73083
152.73079
152.73076
152.73072
151.73069
151.63066
151.63062
151.63059
151.63055
151.63052
151.63048
151.53045
150.53042
150.53038
150.53035
150.53031
150.53028
150.43025
150.43021
150.43018
149.43015
149.43011
149.43008
149.33005
149.33001
149.32998
149.32995
149.32991
148.32988
148.22985
148.22981
148.22978
148.22975
148.22971
148.22968
148.22965
147.22961
147.12958
147.12955
147.12952
147.12948
147.12945
147.12942
147.02939
146.02935
146.02932
146.02929
146.02925
146.02922
145.92919
145.92916
145.92912
144.92909
144.92906
144.92903
144.929
144.82896
144.82893
144.8289
144.82887
144.82883
143.8288
143.72877
143.72874
143.72871
143.72867
143.72864
143.72861
143.72858
143.62855
142.62852
142.62848
142.62845
142.62842
142.62839
142.52836
142.52833
142.52829
141.52826
141.52823
141.5282
141.42817
141.42814
141.42811
141.42807
141.42804
141.42801
140.42798
140.32795
140.32792
140.32789
140.32786
140.32783
140.32779
140.22776
139.22773
139.2277
139.22767
139.22764
139.22761
139.22758
139.12755
139.12752
139.12749
138.12746
138.12743
138.1274
138.12737
138.02733
138.02731
138.02727
138.02724
138.02721
137.02718
137.02715
137.02712
136.92709
136.92706
136.92703
136.927
136.82697
135.82694
135.82691
135.72688
135.72685
135.72682
135.72679
135.72676
135.72673
135.7267
134.62667
134.62665
134.62662
134.62659
134.62656
134.62653
134.5265
134.52647
134.52644
133.52641
133.52638
133.52635
133.52632
133.42629
133.42626
133.42623
133.42621
133.42617
133.42615
132.32612
132.32609
132.32606
132.32603
132.326
132.32597
132.32594
132.22592
132.22589
131.22586
131.22583
131.2258
131.22577
131.22574
131.12571
131.12569
131.12566
131.12563
130.1256
130.12557
130.12554
130.12551
130.02549
130.02546
130.02543
130.0254
130.02537
129.02535
129.02532
128.92529
128.92526
128.92523
128.9252
128.92518
128.92515
128.92512
128.82509
127.82507
127.82504
127.82501
127.82498
127.82495
127.82493
127.7249
127.72487
127.72484
126.72482
126.72479
126.72476
126.72473
126.62471
126.62468
126.62465
126.62462
126.6246
126.62457
125.62454
125.52451
125.52449
125.52446
125.52443
125.52441
125.52438
125.52435
125.52433
124.4243
124.42427
124.42424
124.42422
124.42419
124.42416
124.42414
124.42411
124.32408
124.32406
123.32403
123.324
123.32398
123.32395
123.32392
123.2239
123.22387
123.22384
123.22382
123.22379
122.22376
122.22374
122.12371
122.12369
122.12366
122.12363
122.12361
122.12358
122.12355
122.12353
121.0235
121.02348
121.02345
121.02342
121.0234
121.02337
121.02335
120.92332
120.92329
120.92327
119.92324
119.92322
119.92319
119.92317
119.92314
119.82311
119.82309
119.82306
119.82304
119.82301
118.82299
118.82296
118.82293
118.72291
118.72288
118.72286
118.72283
118.72281
118.72278
118.72276
117.72273
117.62271
117.62268
117.62266
117.62263
117.62261
117.62258
117.62256
117.62253
117.52251
116.52248
116.52246
116.52243
116.52241
116.52238
116.52236
116.42233
116.42231
116.42228
116.42226
116.42223
115.42221
115.42218
115.42216
115.32213
115.32211
115.32209
115.32206
115.32204
115.32201
115.32199
115.32196
114.22194
114.22191
114.22189
114.22187
114.22184
114.22182
114.22179
114.22177
114.22174
114.12172
113.1217
113.12167
113.12165
113.12162
113.1216
113.12158
113.02155
112.82153
112.72151
112.62148
112.52146
112.42143
112.32141
112.22139
112.22136
112.02134
111.92131
111.82129
111.72127
111.62124
111.52122
111.4212
111.32117
111.12115
111.02113
110.9211
110.82108
110.72106
110.72103
110.62101
110.52099
110.32096
110.22094
110.12092
110.02089
109.92087
109.82085
109.72082
109.6208
109.62078
109.42076
109.32073
109.22071
109.12069
109.02066
108.92064
108.82062
108.82059
108.72057
108.52055
108.42053
108.3205
108.22048
108.12046
108.02044
108.02041
107.92039
107.72037
107.62035
107.52032
107.4203
107.32028
107.22026
107.12023
107.02021
107.02019
106.82017
106.72014
106.62012
106.5201
106.42008
106.32005
106.22003
106.22001
106.01999
105.91997
105.81994
105.71992
105.6199
105.51988
105.41986
105.31983
105.31981
105.11979
105.01977
104.91975
104.81972
104.7197
104.61968
104.51966
104.51964
104.41961
104.21959
104.11957
104.01955
103.91953
103.81951
103.81948
103.71946
103.61944
103.51942
103.3194
103.21938
103.11935
103.11933
103.01931
102.91929
102.81927
102.71925
102.61923
102.41921
102.41918
102.31916
102.21914
102.11912
102.0191
101.91908
101.81906
101.81904
101.61901
101.51899
101.51897
101.41895
101.31893
101.21891
101.11889
101.01887
100.91885
100.81883
100.71881
100.61878
100.51876
100.41874
100.31872
100.3187
100.21868
100.11866
99.91864
99.81862
99.7186
99.71858
99.61856
99.51854
99.41852
99.3185
99.21848
99.11845
99.01843
98.91841
98.81839
98.71837
98.71835
98.61833
98.51831
98.41829
98.31827
98.11825
98.11823
98.01821
97.91819
97.81817
97.71815
97.71813
97.61811
97.51809
97.41807
97.31805
97.21803
97.11801
97.01799
97.01797
96.91795
96.61793
96.51791
96.31789
96.21787
96.11785
96.11783
96.01781
95.91779
95.91777
95.81775
95.81773
95.71771
95.51769
95.41767
95.31766
95.21764
94.71762
94.6176
94.51758
94.41756
94.21754
94.21752
94.1175
94.01748
93.91746
93.91744
93.81742
93.7174
93.61738
93.51736
93.41735
93.21733
93.11731
93.01729
93.11727
93.01725
92.91723
92.91721
92.81719
92.71717
92.51715
92.41714
92.41712
91.6171
91.51708
91.51706
91.41704
91.31702
91.117
91.11698
91.01697
90.91695
90.81693
90.81691
90.71689
90.61687
90.51685
90.51683
90.11682
90.0168
90.01678
89.91676
89.81674
89.71672
89.7167
89.61669
89.51667
89.41665
89.31663
89.21661
89.11659
89.21658
89.11656
89.11654
89.01652
88.9165
88.91648
88.81647
88.71645
88.51643
87.61641
87.51639
87.41638
87.41636
87.31634
87.21632
87.1163
87.01629
86.91627
86.81625
86.81623
86.71621
86.7162
86.61618
86.31616
86.21614
86.11612
86.01611
85.91609
85.81607
85.81605
85.71604
85.61602
85.616
85.51598
85.41596
85.31595
85.21593
85.11591
85.01589
85.01588
84.91586
84.80584
84.69582
84.69581
84.58579
84.77577
84.66575
84.55574
84.44572
84.4457
84.33568
84.22567
84.21565
84.10563
82.96561
82.8556
82.74558
82.73556
82.63555
82.62553
82.51551
82.40549
82.39548
82.28546
82.17544
82.16543
82.05541
81.94539
81.93537
81.52536
81.51534
81.40532
81.29531
81.28529
81.17527
81.06526
81.05524
80.94522
80.83521
80.83519
80.72517
80.61515
80.60514
80.49512
80.38511
80.37509
80.26507
80.15505
80.14504
80.04502
79.93501
79.92499
79.81497
79.70496
79.69494
79.58492
79.47491
79.46489
79.56487
79.55486
79.44484
79.33482
79.33481
79.22479
79.11478
79.10476
78.99474
77.75473
77.64471
77.63469
77.52468
77.42466
77.41464
77.30463
77.29461
77.1846
77.17458
77.06456
76.95455
76.95453
76.84452
76.7345
76.41448
76.30447
76.30445
76.19444
76.08442
76.0744
75.96439
75.95437
75.84436
75.74434
75.73432
75.62431
75.51429
75.50428
75.39426
75.39425
75.28423
75.17421
75.1642
75.05418
74.94417
74.93415
74.83414
74.82412
74.71411
74.60409
74.59407
74.48406
74.38404
74.37403
74.26401
74.254
74.14398
74.03397
74.02395
73.92393
74.12392
74.1139
74.00389
73.89387
73.88386
73.77384
73.66383
73.66381
73.5538
72.30378
72.20377
72.09375
72.08374
71.97372
71.96371
71.86369
71.75368
71.74366
71.63364
71.62363
71.51362
71.4136
71.40359
71.29357
70.97355
70.87354
70.86353
70.75351
70.6435
70.64348
70.53347
70.52345
70.41344
70.30342
70.29341
70.19339
70.18338
70.07336
70.06335
69.95333
69.85332
69.8433
69.73329
69.72327
69.61326
69.61324
69.50323
69.39322
69.3832
69.27319
69.27317
69.16316
69.05314
69.04313
68.93311
68.9331
68.82308
68.81307
68.70306
68.69304
68.59303
68.48301
68.473
68.36298
68.35297
68.25296
68.45294
68.44293
68.33291
68.3229
68.22288
68.11287
68.10286
68.09284
68.00283
66.65281
66.5528
66.54278
66.43277
66.32276
66.31274
66.21273
66.20271
66.0927
66.03269
65.92267
65.91266
65.80264
65.80263
65.69262
65.2726
65.27259
65.16257
65.15256
65.04255
65.04253
64.93252
64.92251
64.81249
64.79248
64.68246
64.68245
64.57244
64.56242
64.45241
64.3524
64.34238
64.23237
64.22235
64.12234
64.11233
64.00231
63.9923
63.89229
63.88227
63.77226
63.76225
63.66223
63.65222
63.54221
63.54219
63.43218
63.32217
63.32215
63.21214
63.20212
63.09211
63.0921
62.98209
62.97207
62.86206
62.86205
62.75203
62.74202
62.63201
62.63199
62.83198
62.72197
62.71195
62.61194
62.60193
62.49191
62.4919
62.38189
62.37187
61.03186
61.02185
60.91183
60.91182
60.80181
60.7918
60.68178
60.68177
60.57176
60.56174
60.46173
60.45172
60.3417
60.33169
60.23168
59.91167
59.80165
59.80164
59.69163
59.69161
59.6816
59.57159
59.56158
59.46156
59.45155
59.34154
59.34153
59.23151
59.2215
59.12149
59.11147
59.00146
58.99145
58.89144
58.88142
58.77141
58.7714
58.66139
58.65137
58.55136
58.54135
58.43134
58.42132
58.32131
58.3113
58.20129
58.20127
58.09126
58.08125
57.98124
57.97122
57.96121
57.8612
57.85119
57.74117
57.74116
57.63115
57.62114
57.51113
57.51111
57.4011
57.39109
57.29108
57.59106
57.48105
57.48104
57.37103
57.37102
57.261
57.25099
57.14098
57.14097
55.80096
55.79094
55.68093
55.67092
55.57091
55.56089
55.55088
55.45087
55.44086
55.33085
55.33084
55.22082
55.21081
55.1108
55.10079
54.99078
54.68076
54.67075
54.57074
54.56073
54.45072
54.4507
54.34069
54.33068
54.33067
54.22066
54.21065
54.11063
54.10062
53.99061
53.9906
53.88059
53.87058
53.87056
53.76055
53.75054
53.65053
53.64052
53.64051
53.53049
53.52048
53.42047
53.41046
53.31045
53.30044
53.30043
53.19041
53.1804
53.08039
53.07038
52.96037
52.96036
52.85035
52.84033
52.84032
52.73031
52.7203
52.62029
52.61028
52.51027
52.50025
52.49024
52.39023
52.38022
52.27021
52.5802
52.47019
52.47018
52.36016
52.36015
52.25014
52.24013
52.24012
52.13011
50.8901
50.88009
50.77008
50.77006
50.76005
50.66004
50.65003
50.54002
50.54001
50.429998
50.429987
50.419976
50.309965
50.309954
50.199943
49.889932
49.879921
49.76991
49.769899
49.659888
49.659877
49.649866
49.539856
49.539844
49.429834
49.429823
49.419812
49.309801
49.309791
49.19978
49.189769
49.189758
49.079748
49.079737
48.969726
48.959715
48.959705
48.849694
48.849683
48.739672
48.739662
48.729651
48.619641
48.61963
48.50962
48.509609
48.499599
48.399588
48.389577
48.279567
48.279556
48.269546
48.169535
48.159525
48.049514
48.049504
48.039493
47.939483
47.929472
47.819462
47.819452
47.809441
47.709431
47.69942
47.89941
47.8994
47.789389
47.789379
47.779369
47.669358
47.669348
47.559338
47.559328
46.419317
46.309307
46.299297
46.199287
46.189277
46.189266
46.079256
46.079246
46.069236
45.969226
45.959215
45.849205
45.849195
45.839185
45.739175
45.729165
45.419155
45.309145
45.309135
45.299124
45.189115
45.189104
45.179095
45.079085
45.069074
44.969064
44.959055
44.959045
44.849035
44.839025
44.839015
44.729005
44.728995
44.718985
44.618975
44.608965
44.498955
44.498946
44.488936
44.388926
44.378916
44.378906
44.268897
44.268887
44.258877
44.148867
44.148857
44.038848
44.038838
44.028829
44.028818
43.918809
43.918799
43.90879
43.79878
43.79877
43.68876
43.688751
43.678741
43.578732
43.568722
43.568713
43.458703
43.768693
43.658684
43.658674
43.648665
43.548655
43.538646
43.428636
43.428627
43.418617
42.278608
42.178598
42.168589
42.168579
42.05857
42.058561
42.048551
41.938542
41.938532
41.928523
41.828514
41.818504
41.818495
41.708485
41.708476
41.698467
41.388457
41.278448
41.278439
41.27843
41.16842
41.158411
41.158402
41.048393
41.048383
41.038374
40.938365
40.928356
40.928347
40.818338
40.818328
40.808319
40.70831
40.698301
40.698292
40.588283
40.588274
40.578264
40.478255
40.468247
40.468237
40.358228
40.348219
40.34821
40.238201
40.238192
40.228183
40.128174
40.118165
40.118156
40.008147
40.008138
39.998129
39.89812
39.888111
39.888103
39.778094
39.778085
39.768076
39.978067
39.968058
39.868049
39.858041
39.858032
39.748023
39.628013
0.023392