1.68E-03
7.04E-03
1.63E-02
2.95E-02
4.71E-02
7.04E-02
0.101
0.141
0.195
0.264
0.354
0.47
0.618
0.806
1.04
1.34
1.71
2.16
2.7
3.34
4.1
4.99
6.05
7.28
8.69
10.3
12.1
14.2
16.6
19.4
22.7
26.3
30.4
34.8
39.7
44.9
50.6
57
64
72
80.9
90.8
101
113
124
137
150
165
179
195
212
232
255
281
308
338
369
402
435
469
502
538
574
611
650
689
729
772
818
868
918
970
1.03E+03
1.10E+03
1.18E+03
1.26E+03
1.33E+03
1.40E+03
1.47E+03
1.55E+03
1.62E+03
1.69E+03
1.77E+03
1.84E+03
1.91E+03
1.99E+03
2.07E+03
2.14E+03
2.22E+03
2.30E+03
2.37E+03
2.36E+03
2.18E+03
2.32E+03
2.21E+03
2.06E+03
2.11E+03
2.22E+03
2.33E+03
2.41E+03
2.51E+03
2.58E+03
2.66E+03
2.73E+03
2.79E+03
2.86E+03
2.93E+03
3.00E+03
3.07E+03
3.14E+03
3.20E+03
3.27E+03
3.30E+03
3.23E+03
3.28E+03
3.30E+03
3.37E+03
3.36E+03
3.44E+03
3.51E+03
3.58E+03
3.64E+03
3.67E+03
3.74E+03
3.79E+03
3.86E+03
3.91E+03
3.98E+03
4.05E+03
4.12E+03
4.19E+03
4.26E+03
4.33E+03
4.40E+03
4.47E+03
4.55E+03
4.62E+03
4.69E+03
4.77E+03
4.84E+03
4.91E+03
4.99E+03
5.06E+03
5.13E+03
5.17E+03
5.07E+03
5.12E+03
5.10E+03
5.10E+03
5.16E+03
5.15E+03
5.21E+03
5.28E+03
5.32E+03
5.34E+03
5.41E+03
5.45E+03
5.51E+03
5.57E+03
5.62E+03
5.68E+03
5.75E+03
5.82E+03
5.89E+03
5.96E+03
6.05E+03
6.12E+03
6.20E+03
6.27E+03
6.34E+03
6.42E+03
6.49E+03
6.56E+03
6.63E+03
6.70E+03
6.76E+03
6.83E+03
6.90E+03
6.96E+03
7.03E+03
7.09E+03
7.15E+03
7.21E+03
7.27E+03
7.31E+03
7.13E+03
5.68E+03
5.79E+03
5.29E+03
4.99E+03
4.77E+03
4.73E+03
4.51E+03
4.53E+03
4.56E+03
4.59E+03
4.63E+03
4.66E+03
4.70E+03
4.74E+03
4.77E+03
4.81E+03
4.85E+03
4.88E+03
4.92E+03
4.95E+03
4.98E+03
5.01E+03
5.04E+03
5.07E+03
5.10E+03
5.14E+03
5.17E+03
5.20E+03
5.24E+03
5.27E+03
5.31E+03
5.34E+03
5.38E+03
5.41E+03
5.44E+03
5.48E+03
5.51E+03
5.54E+03
5.58E+03
5.61E+03
5.64E+03
5.67E+03
5.70E+03
5.73E+03
5.76E+03
5.79E+03
5.81E+03
5.84E+03
5.87E+03
5.90E+03
5.93E+03
5.96E+03
5.99E+03
6.00E+03
6.03E+03
6.08E+03
6.09E+03
5.88E+03
5.62E+03
5.71E+03
5.52E+03
5.44E+03
5.35E+03
5.30E+03
5.30E+03
5.21E+03
5.22E+03
5.24E+03
5.27E+03
5.29E+03
5.32E+03
5.35E+03
5.38E+03
5.40E+03
5.42E+03
5.45E+03
5.45E+03
5.46E+03
5.47E+03
5.48E+03
5.49E+03
5.49E+03
5.51E+03
5.53E+03
5.56E+03
5.58E+03
5.61E+03
5.63E+03
5.66E+03
5.68E+03
5.69E+03
5.72E+03
5.73E+03
5.74E+03
5.82E+03
5.84E+03
5.86E+03
5.89E+03
5.90E+03
5.94E+03
5.97E+03
6.00E+03
6.13E+03
6.17E+03
6.20E+03
6.25E+03
6.30E+03
6.34E+03
6.37E+03
6.40E+03
6.44E+03
6.28E+03
6.27E+03
6.27E+03
6.23E+03
6.21E+03
6.19E+03
6.18E+03
6.18E+03
6.20E+03
5.30E+03
5.20E+03
5.16E+03
4.99E+03
4.88E+03
4.81E+03
4.71E+03
4.68E+03
4.70E+03
4.62E+03
4.65E+03
4.73E+03
4.76E+03
4.78E+03
4.81E+03
4.84E+03
4.87E+03
4.89E+03
4.92E+03
4.95E+03
4.97E+03
5.00E+03
5.03E+03
5.06E+03
5.09E+03
5.13E+03
5.17E+03
5.20E+03
5.23E+03
5.27E+03
5.30E+03
5.34E+03
5.37E+03
5.41E+03
5.45E+03
5.48E+03
5.52E+03
5.55E+03
5.57E+03
5.58E+03
5.58E+03
5.61E+03
5.62E+03
5.64E+03
5.70E+03
5.75E+03
5.77E+03
5.80E+03
5.84E+03
5.88E+03
5.92E+03
5.97E+03
6.02E+03
6.07E+03
6.12E+03
6.17E+03
6.22E+03
6.27E+03
6.32E+03
6.37E+03
6.42E+03
6.49E+03
6.12E+03
6.14E+03
6.21E+03
6.22E+03
6.20E+03
6.22E+03
6.24E+03
6.27E+03
6.30E+03
6.33E+03
6.37E+03
6.40E+03
6.50E+03
6.57E+03
6.63E+03
6.68E+03
6.74E+03
6.81E+03
6.87E+03
6.93E+03
6.99E+03
6.96E+03
7.02E+03
7.09E+03
7.17E+03
7.24E+03
7.32E+03
7.39E+03
7.47E+03
7.55E+03
7.63E+03
7.71E+03
7.79E+03
7.87E+03
7.96E+03
8.04E+03
8.13E+03
8.22E+03
8.31E+03
8.44E+03
8.56E+03
8.65E+03
8.74E+03
8.85E+03
8.95E+03
9.05E+03
9.15E+03
9.26E+03
9.36E+03
9.47E+03
9.56E+03
9.65E+03
9.76E+03
9.88E+03
9.98E+03
1.01E+04
1.02E+04
1.01E+04
1.01E+04
1.02E+04
1.03E+04
1.04E+04
1.05E+04
1.06E+04
1.08E+04
1.09E+04
1.10E+04
1.12E+04
1.13E+04
1.14E+04
1.16E+04
1.17E+04
1.19E+04
1.20E+04
1.21E+04
1.23E+04
1.24E+04
1.26E+04
1.27E+04
1.29E+04
1.31E+04
1.32E+04
1.34E+04
1.35E+04
1.37E+04
1.40E+04
1.41E+04
1.45E+04
1.38E+04
1.40E+04
1.42E+04
1.44E+04
1.46E+04
1.47E+04
1.48E+04
1.50E+04
1.52E+04
1.54E+04
1.56E+04
1.58E+04
1.60E+04
1.62E+04
1.64E+04
1.67E+04
1.69E+04
1.71E+04
1.73E+04
1.75E+04
1.77E+04
1.78E+04
1.79E+04
1.82E+04
1.84E+04
1.87E+04
1.89E+04
1.91E+04
1.93E+04
1.96E+04
1.99E+04
2.01E+04
2.04E+04
2.07E+04
2.09E+04
2.12E+04
2.14E+04
2.17E+04
2.20E+04
2.23E+04
2.26E+04
2.28E+04
2.32E+04
2.35E+04
2.39E+04
2.42E+04
2.45E+04
2.48E+04
2.51E+04
2.54E+04
2.57E+04
2.60E+04
2.64E+04
2.67E+04
2.71E+04
2.75E+04
2.78E+04
2.81E+04
2.85E+04
2.89E+04
2.92E+04
2.96E+04
2.99E+04
3.04E+04
3.08E+04
3.11E+04
3.10E+04
3.09E+04
3.12E+04
3.15E+04
3.19E+04
3.24E+04
3.28E+04
3.33E+04
3.37E+04
3.40E+04
3.45E+04
3.50E+04
3.54E+04
3.58E+04
3.63E+04
3.67E+04
3.72E+04
3.76E+04
3.81E+04
3.86E+04
3.90E+04
3.95E+04
4.00E+04
4.05E+04
4.10E+04
4.15E+04
4.20E+04
4.26E+04
4.31E+04
4.36E+04
4.42E+04
4.47E+04
4.53E+04
4.58E+04
4.64E+04
4.70E+04
4.75E+04
4.81E+04
4.87E+04
4.93E+04
4.99E+04
5.05E+04
5.11E+04
5.17E+04
5.23E+04
5.28E+04
5.34E+04
5.40E+04
5.47E+04
5.53E+04
5.60E+04
5.67E+04
5.74E+04
5.82E+04
5.89E+04
5.96E+04
6.03E+04
6.10E+04
6.17E+04
6.25E+04
6.33E+04
6.35E+04
6.37E+04
6.45E+04
6.53E+04
6.61E+04
6.68E+04
6.76E+04
6.84E+04
6.92E+04
7.00E+04
7.08E+04
7.18E+04
7.27E+04
7.36E+04
7.44E+04
7.59E+04
8.92E+04
2.47E+05
2.47E+05
2.48E+05
2.48E+05
2.48E+05
2.48E+05
2.47E+05
2.47E+05
2.47E+05
2.47E+05
2.48E+05
2.48E+05
2.48E+05
2.48E+05
2.48E+05
2.48E+05
2.48E+05
2.48E+05
2.48E+05
2.48E+05
2.48E+05
2.48E+05
2.48E+05
2.48E+05
2.49E+05
2.49E+05
2.49E+05
2.49E+05
2.49E+05
2.49E+05
2.49E+05
2.49E+05
2.49E+05
2.49E+05
2.49E+05
2.49E+05
2.49E+05
2.50E+05
2.49E+05
2.48E+05
2.48E+05
2.40E+05
2.36E+05
2.36E+05
2.36E+05
2.36E+05
2.37E+05
2.37E+05
2.37E+05
2.37E+05
2.37E+05
2.37E+05
2.37E+05
2.37E+05
2.37E+05
2.37E+05
2.37E+05
2.37E+05
2.37E+05
2.37E+05
2.37E+05
2.37E+05
2.37E+05
2.37E+05
2.37E+05
2.37E+05
2.37E+05
2.37E+05
2.38E+05
2.38E+05
2.38E+05
2.38E+05
2.38E+05
2.38E+05
2.38E+05
2.38E+05
2.38E+05
2.38E+05
2.43E+05
2.45E+05
2.45E+05
2.45E+05
2.45E+05
2.45E+05
2.45E+05
2.45E+05
2.45E+05
2.45E+05
2.44E+05
2.44E+05
2.44E+05
2.44E+05
2.44E+05
2.44E+05
2.44E+05
2.44E+05
2.44E+05
2.44E+05
2.44E+05
2.44E+05
2.44E+05
2.44E+05
2.44E+05
2.44E+05
2.44E+05
2.44E+05
2.44E+05
2.44E+05
2.44E+05
2.44E+05
2.44E+05
2.39E+05
2.37E+05
2.37E+05
2.37E+05
2.37E+05
2.37E+05
2.37E+05
2.37E+05
2.37E+05
2.37E+05
2.37E+05
2.37E+05
2.37E+05
2.37E+05
2.37E+05
2.37E+05
2.37E+05
2.37E+05
2.37E+05
2.37E+05
2.37E+05
2.37E+05
2.35E+05
2.35E+05
2.35E+05
2.35E+05
2.35E+05
2.35E+05
2.35E+05
2.35E+05
2.35E+05
2.35E+05
2.35E+05
2.35E+05
2.35E+05
2.35E+05
2.35E+05
2.35E+05
2.35E+05
2.35E+05
2.35E+05
2.35E+05
2.35E+05
2.35E+05
2.35E+05
2.35E+05
2.35E+05
2.35E+05
2.35E+05
2.35E+05
2.35E+05
2.35E+05
2.35E+05
2.35E+05
2.35E+05
2.35E+05
2.35E+05
2.35E+05
2.35E+05
2.35E+05
2.35E+05
2.35E+05
2.35E+05
2.35E+05
2.31E+05
2.30E+05
2.30E+05
2.30E+05
2.30E+05
2.30E+05
2.30E+05
2.30E+05
2.30E+05
2.30E+05
2.30E+05
2.30E+05
2.30E+05
2.30E+05
2.30E+05
2.30E+05
2.30E+05
2.30E+05
2.30E+05
2.30E+05
2.30E+05
2.30E+05
2.30E+05
2.30E+05
2.30E+05
2.30E+05
2.30E+05
2.30E+05
2.30E+05
2.30E+05
2.30E+05
2.30E+05
2.30E+05
2.30E+05
2.30E+05
2.30E+05
2.30E+05
2.30E+05
2.30E+05
2.30E+05
2.30E+05
2.30E+05
2.30E+05
2.30E+05
2.29E+05
2.29E+05
2.29E+05
2.29E+05
2.29E+05
2.29E+05
2.29E+05
2.29E+05
2.29E+05
2.29E+05
2.29E+05
2.29E+05
2.29E+05
2.29E+05
2.27E+05
2.26E+05
2.25E+05
2.25E+05
2.25E+05
2.25E+05
2.25E+05
2.25E+05
2.25E+05
2.25E+05
2.25E+05
2.25E+05
2.25E+05
2.25E+05
2.25E+05
2.25E+05
2.25E+05
2.25E+05
2.25E+05
2.25E+05
2.25E+05
2.25E+05
2.25E+05
2.25E+05
2.25E+05
2.25E+05
2.25E+05
2.25E+05
2.25E+05
2.25E+05
2.25E+05
2.25E+05
2.24E+05
2.21E+05
2.21E+05
2.19E+05
2.19E+05
2.19E+05
2.19E+05
2.19E+05
2.19E+05
2.19E+05
2.19E+05
2.19E+05
2.19E+05
2.19E+05
2.19E+05
2.19E+05
2.19E+05
2.18E+05
2.18E+05
2.19E+05
2.17E+05
2.17E+05
2.16E+05
2.16E+05
2.16E+05
2.16E+05
2.16E+05
2.16E+05
2.16E+05
2.16E+05
2.16E+05
2.16E+05
2.16E+05
2.16E+05
2.16E+05
2.16E+05
2.15E+05
2.15E+05
2.15E+05
2.15E+05
2.15E+05
2.15E+05
2.15E+05
2.15E+05
2.15E+05
2.15E+05
2.15E+05
2.15E+05
2.15E+05
2.15E+05
2.15E+05
2.15E+05
2.15E+05
2.15E+05
2.15E+05
2.15E+05
2.15E+05
2.15E+05
2.15E+05
2.15E+05
2.15E+05
2.14E+05
2.14E+05
2.14E+05
2.14E+05
2.14E+05
2.15E+05
2.13E+05
2.13E+05
2.13E+05
2.13E+05
2.13E+05
2.13E+05
2.12E+05
2.10E+05
2.10E+05
2.09E+05
2.09E+05
2.09E+05
2.09E+05
2.08E+05
2.09E+05
2.09E+05
2.09E+05
2.09E+05
2.09E+05
2.08E+05
2.08E+05
2.08E+05
2.08E+05
2.08E+05
2.08E+05
2.08E+05
2.08E+05
2.08E+05
2.08E+05
2.08E+05
2.08E+05
2.08E+05
2.08E+05
2.08E+05
2.08E+05
2.07E+05
2.08E+05
2.08E+05
2.08E+05
2.07E+05
2.07E+05
2.07E+05
2.05E+05
2.05E+05
2.04E+05
2.04E+05
2.04E+05
2.04E+05
2.04E+05
2.04E+05
2.04E+05
2.04E+05
2.04E+05
2.04E+05
2.04E+05
2.04E+05
2.04E+05
2.04E+05
2.04E+05
2.04E+05
2.04E+05
2.04E+05
2.04E+05
2.04E+05
2.03E+05
2.03E+05
2.03E+05
2.03E+05
2.03E+05
2.03E+05
2.03E+05
2.03E+05
2.03E+05
2.03E+05
2.01E+05
2.01E+05
2.00E+05
2.00E+05
2.00E+05
1.99E+05
1.99E+05
1.99E+05
1.99E+05
1.99E+05
1.99E+05
1.98E+05
1.98E+05
1.98E+05
1.98E+05
1.98E+05
1.98E+05
1.98E+05
1.98E+05
1.98E+05
1.98E+05
1.98E+05
1.98E+05
1.98E+05
1.98E+05
1.98E+05
1.97E+05
1.97E+05
1.97E+05
1.97E+05
1.97E+05
1.97E+05
1.97E+05
1.97E+05
1.97E+05
1.97E+05
1.97E+05
1.96E+05
1.96E+05
1.96E+05
1.96E+05
1.96E+05
1.95E+05
1.95E+05
1.95E+05
1.95E+05
1.95E+05
1.95E+05
1.95E+05
1.95E+05
1.95E+05
1.95E+05
1.95E+05
1.95E+05
1.95E+05
1.95E+05
1.94E+05
1.94E+05
1.94E+05
1.94E+05
1.93E+05
1.93E+05
1.92E+05
1.92E+05
1.92E+05
1.92E+05
1.92E+05
1.91E+05
1.91E+05
1.91E+05
1.91E+05
1.91E+05
1.91E+05
1.91E+05
1.91E+05
1.91E+05
1.91E+05
1.91E+05
1.91E+05
1.90E+05
1.90E+05
1.90E+05
1.90E+05
1.90E+05
1.90E+05
1.90E+05
1.89E+05
1.89E+05
1.89E+05
1.89E+05
1.89E+05
1.89E+05
1.89E+05
1.88E+05
1.88E+05
1.88E+05
1.88E+05
1.88E+05
1.88E+05
1.88E+05
1.88E+05
1.88E+05
1.88E+05
1.88E+05
1.88E+05
1.88E+05
1.88E+05
1.87E+05
1.87E+05
1.87E+05
1.87E+05
1.87E+05
1.87E+05
1.87E+05
1.86E+05
1.86E+05
1.85E+05
1.85E+05
1.85E+05
1.85E+05
1.85E+05
1.85E+05
1.85E+05
1.85E+05
1.85E+05
1.85E+05
1.84E+05
1.84E+05
1.84E+05
1.84E+05
1.84E+05
1.84E+05
1.81E+05
1.81E+05
1.80E+05
1.80E+05
1.80E+05
1.80E+05
1.80E+05
1.80E+05
1.80E+05
1.80E+05
1.80E+05
1.79E+05
1.79E+05
1.79E+05
1.79E+05
1.79E+05
1.79E+05
1.79E+05
1.79E+05
1.79E+05
1.79E+05
1.79E+05
1.78E+05
1.78E+05
1.78E+05
1.78E+05
1.78E+05
1.78E+05
1.78E+05
1.78E+05
1.77E+05
1.77E+05
1.77E+05
1.77E+05
1.76E+05
1.76E+05
1.76E+05
1.76E+05
1.76E+05
1.76E+05
1.76E+05
1.76E+05
1.76E+05
1.76E+05
1.76E+05
1.75E+05
1.75E+05
1.75E+05
1.75E+05
1.75E+05
1.75E+05
1.75E+05
1.75E+05
1.75E+05
1.75E+05
1.75E+05
1.75E+05
1.74E+05
1.74E+05
1.74E+05
1.74E+05
1.71E+05
1.71E+05
1.70E+05
1.70E+05
1.70E+05
1.70E+05
1.70E+05
1.70E+05
1.69E+05
1.69E+05
1.69E+05
1.69E+05
1.69E+05
1.69E+05
1.69E+05
1.67E+05
1.67E+05
1.66E+05
1.66E+05
1.66E+05
1.66E+05
1.65E+05
1.65E+05
1.65E+05
1.65E+05
1.65E+05
1.65E+05
1.65E+05
1.65E+05
1.65E+05
1.65E+05
1.65E+05
1.65E+05
1.65E+05
1.64E+05
1.64E+05
1.64E+05
1.64E+05
1.64E+05
1.64E+05
1.64E+05
1.64E+05
1.64E+05
1.64E+05
1.64E+05
1.64E+05
1.64E+05
1.63E+05
1.63E+05
1.63E+05
1.62E+05
1.62E+05
1.62E+05
1.62E+05
1.61E+05
1.61E+05
1.61E+05
1.61E+05
1.61E+05
1.61E+05
1.61E+05
1.61E+05
1.61E+05
1.61E+05
1.61E+05
1.61E+05
1.61E+05
1.60E+05
1.60E+05
1.60E+05
1.60E+05
1.60E+05
1.60E+05
1.60E+05
1.60E+05
1.60E+05
1.60E+05
1.60E+05
1.60E+05
1.60E+05
1.59E+05
1.59E+05
1.59E+05
1.58E+05
1.58E+05
1.57E+05
1.57E+05
1.57E+05
1.57E+05
1.57E+05
1.57E+05
1.56E+05
1.56E+05
1.56E+05
1.56E+05
1.56E+05
1.56E+05
1.56E+05
1.56E+05
1.56E+05
1.56E+05
1.56E+05
1.56E+05
1.56E+05
1.55E+05
1.55E+05
1.55E+05
1.55E+05
1.55E+05
1.55E+05
1.55E+05
1.55E+05
1.55E+05
1.54E+05
1.55E+05
1.51E+05
1.51E+05
1.50E+05
1.50E+05
1.50E+05
1.50E+05
1.50E+05
1.50E+05
1.50E+05
1.49E+05
1.49E+05
1.49E+05
1.49E+05
1.49E+05
1.49E+05
1.49E+05
1.49E+05
1.49E+05
1.49E+05
1.49E+05
1.48E+05
1.48E+05
1.48E+05
1.48E+05
1.48E+05
1.48E+05
1.48E+05
1.48E+05
1.48E+05
1.47E+05
1.47E+05
1.47E+05
1.46E+05
1.46E+05
1.46E+05
1.46E+05
1.46E+05
1.46E+05
1.46E+05
1.46E+05
1.46E+05
1.45E+05
1.45E+05
1.45E+05
1.45E+05
1.45E+05
1.45E+05
1.45E+05
1.45E+05
1.45E+05
1.45E+05
1.45E+05
1.45E+05
1.44E+05
1.44E+05
1.44E+05
1.44E+05
1.44E+05
1.44E+05
1.44E+05
1.44E+05
1.44E+05
1.44E+05
1.44E+05
1.44E+05
1.43E+05
1.43E+05
1.43E+05
1.43E+05
1.43E+05
1.43E+05
1.43E+05
1.43E+05
1.43E+05
1.43E+05
1.43E+05
1.43E+05
1.42E+05
1.42E+05
1.42E+05
1.42E+05
1.42E+05
1.42E+05
1.42E+05
1.41E+05
1.41E+05
1.41E+05
1.41E+05
1.41E+05
1.41E+05
1.41E+05
1.40E+05
1.40E+05
1.40E+05
1.40E+05
1.40E+05
1.40E+05
1.40E+05
1.40E+05
1.40E+05
1.40E+05
1.40E+05
1.40E+05
1.40E+05
1.39E+05
1.39E+05
1.39E+05
1.39E+05
1.39E+05
1.39E+05
1.39E+05
1.39E+05
1.39E+05
1.39E+05
1.39E+05
1.39E+05
1.39E+05
1.38E+05
1.38E+05
1.38E+05
1.38E+05
1.38E+05
1.38E+05
1.38E+05
1.35E+05
1.35E+05
1.35E+05
1.34E+05
1.34E+05
1.33E+05
1.33E+05
1.33E+05
1.33E+05
1.33E+05
1.33E+05
1.32E+05
1.32E+05
1.32E+05
1.32E+05
1.32E+05
1.32E+05
1.32E+05
1.32E+05
1.32E+05
1.32E+05
1.32E+05
1.32E+05
1.31E+05
1.32E+05
1.30E+05
1.30E+05
1.30E+05
1.29E+05
1.29E+05
1.29E+05
1.29E+05
1.29E+05
1.29E+05
1.29E+05
1.28E+05
1.28E+05
1.28E+05
1.28E+05
1.28E+05
1.28E+05
1.28E+05
1.28E+05
1.28E+05
1.28E+05
1.28E+05
1.28E+05
1.28E+05
1.28E+05
1.27E+05
1.27E+05
1.27E+05
1.27E+05
1.27E+05
1.27E+05
1.26E+05
1.26E+05
1.26E+05
1.26E+05
1.26E+05
1.26E+05
1.26E+05
1.26E+05
1.26E+05
1.26E+05
1.26E+05
1.26E+05
1.26E+05
1.26E+05
1.25E+05
1.25E+05
1.25E+05
1.25E+05
1.25E+05
1.25E+05
1.25E+05
1.25E+05
1.25E+05
1.25E+05
1.25E+05
1.25E+05
1.25E+05
1.25E+05
1.24E+05
1.24E+05
1.24E+05
1.24E+05
1.24E+05
1.24E+05
1.24E+05
1.24E+05
1.24E+05
1.23E+05
1.23E+05
1.23E+05
1.23E+05
1.23E+05
1.23E+05
1.23E+05
1.23E+05
1.23E+05
1.23E+05
1.22E+05
1.22E+05
1.21E+05
1.21E+05
1.21E+05
1.21E+05
1.21E+05
1.21E+05
1.21E+05
1.20E+05
1.20E+05
1.20E+05
1.20E+05
1.20E+05
1.20E+05
1.20E+05
1.20E+05
1.20E+05
1.20E+05
1.20E+05
1.19E+05
1.19E+05
1.19E+05
1.19E+05
1.19E+05
1.19E+05
1.19E+05
1.19E+05
1.19E+05
1.19E+05
1.19E+05
1.19E+05
1.18E+05
1.18E+05
1.18E+05
1.18E+05
1.18E+05
1.18E+05
1.18E+05
1.18E+05
1.18E+05
1.15E+05
1.15E+05
1.15E+05
1.14E+05
1.14E+05
1.14E+05
1.14E+05
1.13E+05
1.13E+05
1.13E+05
1.13E+05
1.13E+05
1.13E+05
1.13E+05
1.13E+05
1.13E+05
1.13E+05
1.12E+05
1.12E+05
1.12E+05
1.12E+05
1.12E+05
1.12E+05
1.12E+05
1.12E+05
1.12E+05
1.12E+05
1.12E+05
1.11E+05
1.11E+05
1.11E+05
1.10E+05
1.10E+05
1.10E+05
1.10E+05
1.10E+05
1.10E+05
1.10E+05
1.10E+05
1.10E+05
1.10E+05
1.10E+05
1.09E+05
1.09E+05
1.09E+05
1.09E+05
1.09E+05
1.09E+05
1.09E+05
1.09E+05
1.09E+05
1.09E+05
1.09E+05
1.09E+05
1.08E+05
1.08E+05
1.08E+05
1.08E+05
1.08E+05
1.08E+05
1.08E+05
1.08E+05
1.08E+05
1.08E+05
1.08E+05
1.08E+05
1.08E+05
1.08E+05
1.07E+05
1.07E+05
1.07E+05
1.07E+05
1.07E+05
1.07E+05
1.07E+05
1.07E+05
1.07E+05
1.07E+05
1.07E+05
1.07E+05
1.07E+05
1.06E+05
1.06E+05
1.06E+05
1.06E+05
1.06E+05
1.06E+05
1.06E+05
1.06E+05
1.06E+05
1.05E+05
1.05E+05
1.05E+05
1.05E+05
1.05E+05
1.05E+05
1.05E+05
1.04E+05
1.04E+05
1.04E+05
1.04E+05
1.04E+05
1.04E+05
1.04E+05
1.04E+05
1.04E+05
1.04E+05
1.04E+05
1.04E+05
1.04E+05
1.04E+05
1.04E+05
1.03E+05
1.03E+05
1.03E+05
1.03E+05
1.03E+05
1.03E+05
1.03E+05
1.03E+05
1.03E+05
1.03E+05
1.03E+05
1.03E+05
1.03E+05
1.03E+05
1.03E+05
1.02E+05
1.02E+05
1.02E+05
1.02E+05
1.02E+05
1.02E+05
1.02E+05
1.02E+05
1.02E+05
1.02E+05
1.02E+05
1.02E+05
1.02E+05
1.02E+05
1.02E+05
1.01E+05
1.01E+05
1.01E+05
1.01E+05
1.01E+05
1.01E+05
1.00E+05
1.00E+05
1.00E+05
1.00E+05
1.00E+05
1.00E+05
1.00E+05
9.99E+04
9.99E+04
9.98E+04
9.97E+04
9.97E+04
9.96E+04
9.95E+04
9.95E+04
9.94E+04
9.93E+04
9.93E+04
9.92E+04
9.92E+04
9.91E+04
9.90E+04
9.90E+04
9.94E+04
9.92E+04
9.64E+04
9.63E+04
9.54E+04
9.53E+04
9.53E+04
9.52E+04
9.51E+04
9.51E+04
9.50E+04
9.49E+04
9.49E+04
9.48E+04
9.48E+04
9.47E+04
9.46E+04
9.46E+04
9.45E+04
9.45E+04
9.44E+04
9.44E+04
9.44E+04
9.38E+04
9.38E+04
9.37E+04
9.35E+04
9.34E+04
9.34E+04
9.33E+04
9.32E+04
9.32E+04
9.31E+04
9.31E+04
9.30E+04
9.29E+04
9.29E+04
9.28E+04
9.28E+04
9.27E+04
9.26E+04
9.26E+04
9.25E+04
9.25E+04
9.24E+04
9.23E+04
9.23E+04
9.22E+04
9.22E+04
9.21E+04
9.20E+04
9.20E+04
9.19E+04
9.18E+04
9.18E+04
9.17E+04
9.17E+04
9.16E+04
9.15E+04
9.15E+04
9.14E+04
9.14E+04
9.13E+04
9.13E+04
9.13E+04
9.08E+04
9.08E+04
9.07E+04
9.05E+04
9.05E+04
9.04E+04
9.04E+04
9.03E+04
9.02E+04
9.02E+04
9.01E+04
9.00E+04
9.00E+04
8.99E+04
8.99E+04
8.98E+04
8.97E+04
8.97E+04
8.96E+04
8.96E+04
8.95E+04
8.95E+04
8.94E+04
8.93E+04
8.93E+04
8.92E+04
8.92E+04
8.91E+04
8.90E+04
8.90E+04
8.89E+04
8.93E+04
8.92E+04
8.76E+04
8.76E+04
8.76E+04
8.70E+04
8.67E+04
8.66E+04
8.65E+04
8.64E+04
8.63E+04
8.63E+04
8.62E+04
8.62E+04
8.61E+04
8.60E+04
8.60E+04
8.59E+04
8.59E+04
8.58E+04
8.58E+04
8.57E+04
8.56E+04
8.56E+04
8.55E+04
8.55E+04
8.54E+04
8.53E+04
8.53E+04
8.52E+04
8.52E+04
8.51E+04
8.51E+04
8.50E+04
8.49E+04
8.49E+04
8.49E+04
8.41E+04
8.40E+04
8.39E+04
8.38E+04
8.38E+04
8.37E+04
8.36E+04
8.36E+04
8.35E+04
8.35E+04
8.34E+04
8.34E+04
8.33E+04
8.32E+04
8.32E+04
8.31E+04
8.31E+04
8.30E+04
8.30E+04
8.29E+04
8.28E+04
8.28E+04
8.27E+04
8.27E+04
8.27E+04
8.26E+04
8.23E+04
8.23E+04
8.22E+04
8.21E+04
8.20E+04
8.20E+04
8.19E+04
8.19E+04
8.18E+04
8.18E+04
8.17E+04
8.16E+04
8.16E+04
8.15E+04
8.18E+04
8.18E+04
8.05E+04
8.04E+04
8.03E+04
7.99E+04
7.99E+04
7.98E+04
7.96E+04
7.95E+04
7.95E+04
7.94E+04
7.93E+04
7.93E+04
7.92E+04
7.92E+04
7.91E+04
7.91E+04
7.90E+04
7.90E+04
7.89E+04
7.89E+04
7.88E+04
7.87E+04
7.87E+04
7.87E+04
7.85E+04
7.84E+04
7.84E+04
7.83E+04
7.82E+04
7.82E+04
7.81E+04
7.81E+04
7.80E+04
7.80E+04
7.79E+04
7.78E+04
7.78E+04
7.85E+04
7.39E+04
7.38E+04
7.37E+04
7.36E+04
7.21E+04
7.21E+04
7.20E+04
7.20E+04
7.19E+04
7.19E+04
7.18E+04
7.18E+04
7.17E+04
7.16E+04
7.16E+04
7.15E+04
7.15E+04
7.14E+04
7.14E+04
7.13E+04
7.13E+04
7.12E+04
7.11E+04
7.11E+04
7.10E+04
7.10E+04
7.09E+04
7.09E+04
7.08E+04
7.10E+04
7.10E+04
6.98E+04
6.98E+04
6.97E+04
6.94E+04
6.93E+04
6.93E+04
6.92E+04
6.92E+04
6.91E+04
6.90E+04
6.90E+04
6.89E+04
6.89E+04
6.88E+04
6.88E+04
6.87E+04
6.87E+04
6.86E+04
6.86E+04
6.85E+04
6.85E+04
6.84E+04
6.84E+04
6.83E+04
6.83E+04
6.83E+04
6.82E+04
6.82E+04
6.81E+04
6.81E+04
6.80E+04
6.80E+04
6.79E+04
6.79E+04
6.78E+04
6.78E+04
6.77E+04
6.77E+04
6.76E+04
6.76E+04
6.75E+04
6.75E+04
6.74E+04
6.74E+04
6.74E+04
6.73E+04
6.73E+04
6.72E+04
6.72E+04
6.71E+04
6.71E+04
6.70E+04
6.70E+04
6.69E+04
6.69E+04
6.68E+04
6.68E+04
6.67E+04
6.67E+04
6.69E+04
6.68E+04
6.59E+04
6.59E+04
6.58E+04
6.58E+04
6.55E+04
6.54E+04
6.54E+04
6.53E+04
6.53E+04
6.52E+04
6.52E+04
6.51E+04
6.51E+04
6.50E+04
6.50E+04
6.50E+04
6.49E+04
6.49E+04
6.48E+04
6.48E+04
6.47E+04
6.47E+04
6.46E+04
6.46E+04
6.45E+04
6.45E+04
6.45E+04
6.44E+04
6.44E+04
6.43E+04
6.43E+04
6.42E+04
6.42E+04
6.41E+04
6.41E+04
6.40E+04
6.40E+04
6.39E+04
6.39E+04
6.39E+04
6.38E+04
6.38E+04
6.37E+04
6.37E+04
6.36E+04
6.36E+04
6.35E+04
6.35E+04
6.34E+04
6.34E+04
6.34E+04
6.33E+04
6.35E+04
6.34E+04
6.27E+04
6.26E+04
6.26E+04
6.25E+04
6.23E+04
6.22E+04
6.22E+04
6.21E+04
6.21E+04
6.20E+04
6.20E+04
6.19E+04
6.19E+04
6.19E+04
6.18E+04
6.18E+04
6.17E+04
6.17E+04
6.16E+04
6.16E+04
6.15E+04
6.15E+04
6.15E+04
6.14E+04
6.14E+04
6.13E+04
6.13E+04
6.12E+04
6.12E+04
6.11E+04
6.11E+04
6.11E+04
6.10E+04
6.10E+04
6.09E+04
6.09E+04
6.08E+04
6.08E+04
6.08E+04
6.07E+04
6.07E+04
6.06E+04
6.06E+04
6.05E+04
6.05E+04
6.06E+04
6.05E+04
5.99E+04
5.99E+04
5.98E+04
5.98E+04
5.96E+04
5.95E+04
5.95E+04
5.94E+04
5.94E+04
5.94E+04
5.93E+04
5.93E+04
5.92E+04
5.92E+04
5.91E+04
5.91E+04
5.91E+04
5.90E+04
5.90E+04
5.89E+04
5.89E+04
5.88E+04
5.88E+04
5.87E+04
5.87E+04
5.87E+04
5.86E+04
5.86E+04
5.85E+04
5.85E+04
5.84E+04
5.84E+04
5.84E+04
5.83E+04
5.83E+04
5.82E+04
5.82E+04
5.81E+04
5.81E+04
5.82E+04
5.81E+04
5.76E+04
5.75E+04
5.75E+04
5.73E+04
5.73E+04
5.72E+04
5.72E+04
5.72E+04
5.71E+04
5.71E+04
5.70E+04
5.70E+04
5.70E+04
5.69E+04
5.69E+04
5.68E+04
5.68E+04
5.67E+04
5.67E+04
5.67E+04
5.66E+04
5.66E+04
5.65E+04
5.65E+04
5.65E+04
5.64E+04
5.64E+04
5.70E+04
5.69E+04
5.31E+04
5.31E+04
5.31E+04
5.31E+04
5.20E+04
5.15E+04
5.15E+04
5.15E+04
5.14E+04
5.12E+04
5.12E+04
5.12E+04
5.11E+04
5.11E+04
5.11E+04
5.10E+04
5.10E+04
5.09E+04
5.09E+04
5.09E+04
5.08E+04
5.08E+04
5.08E+04
5.07E+04
5.07E+04
5.06E+04
5.06E+04
5.06E+04
5.05E+04
5.05E+04
5.05E+04
5.04E+04
5.05E+04
5.04E+04
5.00E+04
5.00E+04
4.99E+04
4.99E+04
4.98E+04
4.97E+04
4.97E+04
4.96E+04
4.96E+04
4.96E+04
4.95E+04
4.95E+04
4.95E+04
4.94E+04
4.94E+04
4.93E+04
4.93E+04
4.93E+04
4.92E+04
4.92E+04
4.92E+04
4.91E+04
4.92E+04
4.91E+04
4.91E+04
4.87E+04
4.86E+04
4.86E+04
4.85E+04
4.84E+04
4.84E+04
4.84E+04
4.83E+04
4.83E+04
4.82E+04
4.82E+04
4.82E+04
4.81E+04
4.81E+04
4.81E+04
4.80E+04
4.80E+04
4.80E+04
4.83E+04
4.79E+04
4.69E+04
4.69E+04
4.69E+04
4.68E+04
4.65E+04
4.64E+04
4.64E+04
4.64E+04
4.63E+04
4.63E+04
4.63E+04
4.62E+04
4.62E+04
4.62E+04
4.62E+04
4.59E+04
4.58E+04
4.58E+04
4.58E+04
4.57E+04
4.56E+04
4.56E+04
4.55E+04
4.55E+04
4.55E+04
4.55E+04
4.54E+04
4.52E+04
4.51E+04
4.51E+04
4.51E+04
4.50E+04
4.49E+04
4.49E+04
4.49E+04
4.49E+04
4.48E+04
4.46E+04
4.46E+04
4.45E+04
4.45E+04
4.44E+04
4.44E+04
4.44E+04
4.42E+04
4.42E+04
4.41E+04
4.41E+04
4.40E+04
4.39E+04
4.38E+04
4.38E+04
4.37E+04
4.36E+04
4.36E+04
4.35E+04
4.34E+04
4.33E+04
4.33E+04
4.33E+04
4.32E+04
4.32E+04
4.31E+04
4.31E+04
4.31E+04
4.30E+04
4.30E+04
4.30E+04
4.29E+04
4.29E+04
4.29E+04
4.28E+04
4.28E+04
4.28E+04
4.30E+04
4.29E+04
4.22E+04
4.21E+04
4.21E+04
4.21E+04
4.18E+04
4.18E+04
4.18E+04
4.17E+04
4.17E+04
4.17E+04
4.16E+04
4.16E+04
4.16E+04
4.15E+04
4.15E+04
4.15E+04
4.15E+04
4.14E+04
4.14E+04
4.14E+04
4.13E+04
4.13E+04
4.13E+04
4.12E+04
4.12E+04
4.12E+04
4.11E+04
4.11E+04
4.11E+04
4.10E+04
4.10E+04
4.10E+04
4.09E+04
4.09E+04
4.09E+04
4.09E+04
4.08E+04
4.08E+04
4.08E+04
4.07E+04
4.07E+04
4.07E+04
4.06E+04
4.06E+04
4.06E+04
4.05E+04
4.05E+04
4.05E+04
4.04E+04
4.04E+04
4.04E+04
4.04E+04
4.03E+04
4.03E+04
4.03E+04
4.02E+04
4.02E+04
4.02E+04
4.01E+04
4.01E+04
4.01E+04
4.01E+04
4.00E+04
4.00E+04
4.00E+04
4.01E+04
4.01E+04
3.94E+04
3.94E+04
3.94E+04
3.93E+04
3.91E+04
3.91E+04
3.91E+04
3.90E+04
3.90E+04
3.90E+04
3.90E+04
3.89E+04
3.89E+04
3.89E+04
3.88E+04
3.88E+04
3.88E+04
3.87E+04
3.87E+04
3.87E+04
3.87E+04
3.86E+04
3.86E+04
3.86E+04
3.85E+04
3.85E+04
3.85E+04
3.84E+04
3.84E+04
3.84E+04
3.84E+04
3.83E+04
3.83E+04
3.83E+04
3.83E+04
3.82E+04
3.82E+04
3.82E+04
3.81E+04
3.81E+04
3.81E+04
3.80E+04
3.80E+04
3.80E+04
3.80E+04
3.79E+04
3.79E+04
3.79E+04
3.78E+04
3.78E+04
3.78E+04
3.78E+04
3.77E+04
3.77E+04
3.76E+04
3.76E+04
3.76E+04
3.77E+04
3.77E+04
3.76E+04
3.71E+04
3.71E+04
3.70E+04
3.70E+04
3.68E+04
3.68E+04
3.68E+04
3.67E+04
3.67E+04
3.67E+04
3.66E+04
3.66E+04
3.66E+04
3.66E+04
3.65E+04
3.65E+04
3.65E+04
3.65E+04
3.64E+04
3.64E+04
3.64E+04
3.63E+04
3.63E+04
3.63E+04
3.63E+04
3.62E+04
3.62E+04
3.62E+04
3.61E+04
3.61E+04
3.61E+04
3.61E+04
3.60E+04
3.60E+04
3.60E+04
3.59E+04
3.59E+04
3.59E+04
3.59E+04
3.58E+04
3.58E+04
3.58E+04
3.65E+04
3.64E+04
3.27E+04
3.27E+04
3.26E+04
3.26E+04
3.16E+04
3.17E+04
3.17E+04
3.12E+04
3.11E+04
3.11E+04
3.11E+04
3.09E+04
3.09E+04
3.09E+04
3.09E+04
3.08E+04
3.08E+04
3.08E+04
3.08E+04
3.07E+04
3.07E+04
3.07E+04
3.07E+04
3.07E+04
3.06E+04
3.06E+04
3.06E+04
3.06E+04
3.05E+04
3.05E+04
3.05E+04
3.05E+04
3.04E+04
3.04E+04
3.04E+04
3.04E+04
3.04E+04
3.03E+04
3.03E+04
3.03E+04
3.03E+04
3.02E+04
3.02E+04
3.02E+04
3.02E+04
3.01E+04
3.01E+04
3.01E+04
3.01E+04
3.02E+04
3.01E+04
3.01E+04
2.97E+04
2.97E+04
2.96E+04
2.96E+04
2.95E+04
2.95E+04
2.94E+04
2.94E+04
2.94E+04
2.94E+04
2.93E+04
2.93E+04
2.93E+04
2.93E+04
2.93E+04
2.92E+04
2.92E+04
2.92E+04
2.92E+04
2.91E+04
2.91E+04
2.91E+04
2.91E+04
2.90E+04
2.90E+04
2.90E+04
2.90E+04
2.90E+04
2.89E+04
2.89E+04
2.89E+04
2.89E+04
2.88E+04
2.88E+04
2.88E+04
2.89E+04
2.88E+04
2.85E+04
2.84E+04
2.84E+04
2.84E+04
2.84E+04
2.83E+04
2.82E+04
2.82E+04
2.82E+04
2.82E+04
2.82E+04
2.81E+04
2.81E+04
2.81E+04
2.81E+04
2.80E+04
2.80E+04
2.80E+04
2.80E+04
2.80E+04
2.79E+04
2.79E+04
2.79E+04
2.79E+04
2.79E+04
2.78E+04
2.78E+04
2.78E+04
2.78E+04
2.78E+04
2.78E+04
2.78E+04
2.74E+04
2.74E+04
2.74E+04
2.74E+04
2.73E+04
2.73E+04
2.72E+04
2.72E+04
2.72E+04
2.71E+04
2.71E+04
2.71E+04
2.71E+04
2.71E+04
2.70E+04
2.70E+04
2.70E+04
2.70E+04
2.69E+04
2.69E+04
2.69E+04
2.69E+04
2.69E+04
2.69E+04
2.69E+04
2.69E+04
2.66E+04
2.65E+04
2.65E+04
2.65E+04
2.64E+04
2.64E+04
2.64E+04
2.63E+04
2.63E+04
2.63E+04
2.63E+04
2.63E+04
2.62E+04
2.62E+04
2.62E+04
2.62E+04
2.62E+04
2.61E+04
2.62E+04
2.62E+04
2.61E+04
2.57E+04
2.56E+04
2.56E+04
2.56E+04
2.55E+04
2.55E+04
2.55E+04
2.55E+04
2.54E+04
2.54E+04
2.54E+04
2.54E+04
2.54E+04
2.53E+04
2.54E+04
2.53E+04
2.51E+04
2.51E+04
2.50E+04
2.50E+04
2.50E+04
2.49E+04
2.49E+04
2.49E+04
2.49E+04
2.49E+04
2.49E+04
2.49E+04
2.48E+04
2.46E+04
2.46E+04
2.46E+04
2.46E+04
2.45E+04
2.45E+04
2.45E+04
2.45E+04
2.44E+04
2.43E+04
2.42E+04
2.42E+04
2.42E+04
2.42E+04
2.41E+04
2.40E+04
2.40E+04
2.40E+04
2.39E+04
2.39E+04
2.38E+04
2.38E+04
2.37E+04
2.36E+04
2.35E+04
2.34E+04
2.34E+04
2.33E+04
2.33E+04
2.32E+04
2.32E+04
2.32E+04
2.32E+04
2.32E+04
2.31E+04
2.31E+04
2.31E+04
2.31E+04
2.31E+04
2.30E+04
2.30E+04
2.30E+04
2.30E+04
2.30E+04
2.30E+04
2.29E+04
2.29E+04
2.29E+04
2.29E+04
2.29E+04
2.28E+04
2.28E+04
2.28E+04
2.28E+04
2.28E+04
2.28E+04
2.27E+04
2.27E+04
2.27E+04
2.27E+04
2.27E+04
2.27E+04
2.26E+04
2.26E+04
2.26E+04
2.26E+04
2.26E+04
2.26E+04
2.25E+04
2.25E+04
2.25E+04
2.25E+04
2.25E+04
2.25E+04
2.24E+04
2.24E+04
2.24E+04
2.24E+04
2.24E+04
2.24E+04
2.24E+04
2.23E+04
2.23E+04
2.23E+04
2.23E+04
2.24E+04
2.25E+04
2.22E+04
2.22E+04
2.22E+04
2.22E+04
2.21E+04
2.22E+04
2.21E+04
2.18E+04
2.18E+04
2.18E+04
2.18E+04
2.17E+04
2.16E+04
2.16E+04
2.16E+04
2.16E+04
2.16E+04
2.16E+04
2.15E+04
2.15E+04
2.15E+04
2.15E+04
2.15E+04
2.15E+04
2.14E+04
2.14E+04
2.14E+04
2.14E+04
2.14E+04
2.13E+04
2.13E+04
2.13E+04
2.13E+04
2.13E+04
2.13E+04
2.12E+04
2.12E+04
2.12E+04
2.12E+04
2.12E+04
2.12E+04
2.11E+04
2.11E+04
2.11E+04
2.11E+04
2.10E+04
2.10E+04
2.10E+04
2.10E+04
2.10E+04
2.09E+04
2.09E+04
2.09E+04
2.09E+04
2.09E+04
2.09E+04
2.08E+04
2.08E+04
2.08E+04
2.08E+04
2.08E+04
2.08E+04
2.07E+04
2.07E+04
2.07E+04
2.07E+04
2.07E+04
2.07E+04
2.06E+04
2.06E+04
2.06E+04
2.06E+04
2.06E+04
2.06E+04
2.05E+04
2.05E+04
2.05E+04
2.05E+04
2.06E+04
2.06E+04
2.05E+04
2.03E+04
2.02E+04
2.02E+04
2.02E+04
2.01E+04
2.01E+04
2.01E+04
2.01E+04
2.01E+04
2.00E+04
2.00E+04
2.00E+04
2.00E+04
2.00E+04
2.00E+04
2.00E+04
1.99E+04
1.99E+04
1.99E+04
1.99E+04
1.99E+04
1.99E+04
1.98E+04
1.98E+04
1.98E+04
1.98E+04
1.98E+04
1.98E+04
1.97E+04
1.97E+04
1.97E+04
1.97E+04
1.97E+04
1.97E+04
1.96E+04
1.96E+04
1.96E+04
1.96E+04
1.96E+04
1.96E+04
1.95E+04
1.95E+04
1.95E+04
1.95E+04
1.95E+04
1.95E+04
1.95E+04
1.94E+04
1.94E+04
1.94E+04
1.94E+04
1.94E+04
1.94E+04
1.93E+04
1.93E+04
1.93E+04
1.93E+04
1.93E+04
1.93E+04
1.92E+04
1.92E+04
1.93E+04
1.93E+04
1.93E+04
1.90E+04
1.90E+04
1.90E+04
1.90E+04
1.90E+04
1.89E+04
1.89E+04
1.89E+04
1.89E+04
1.88E+04
1.88E+04
1.88E+04
1.88E+04
1.88E+04
1.88E+04
1.87E+04
1.87E+04
1.87E+04
1.87E+04
1.87E+04
1.87E+04
1.87E+04
1.86E+04
1.86E+04
1.86E+04
1.86E+04
1.86E+04
1.86E+04
1.85E+04
1.85E+04
1.85E+04
1.85E+04
1.85E+04
1.85E+04
1.85E+04
1.84E+04
1.84E+04
1.84E+04
1.84E+04
1.84E+04
1.84E+04
1.84E+04
1.83E+04
1.83E+04
1.83E+04
1.83E+04
1.83E+04
1.83E+04
1.83E+04
1.82E+04
1.82E+04
1.82E+04
1.82E+04
1.82E+04
1.82E+04
1.80E+04
1.80E+04
1.80E+04
1.80E+04
1.80E+04
1.79E+04
1.79E+04
1.79E+04
1.79E+04
1.79E+04
1.78E+04
1.78E+04
1.78E+04
1.78E+04
1.78E+04
1.78E+04
1.78E+04
1.77E+04
1.77E+04
1.77E+04
1.77E+04
1.77E+04
1.77E+04
1.76E+04
1.76E+04
1.76E+04
1.76E+04
1.77E+04
1.77E+04
1.77E+04
1.77E+04
1.77E+04
1.76E+04
1.76E+04
1.76E+04
1.76E+04
1.76E+04
1.76E+04
1.76E+04
1.75E+04
1.75E+04
1.75E+04
1.75E+04
1.75E+04
1.75E+04
1.75E+04
1.75E+04
1.75E+04
1.73E+04
1.73E+04
1.73E+04
1.73E+04
1.73E+04
1.72E+04
1.72E+04
1.72E+04
1.72E+04
1.71E+04
1.71E+04
1.71E+04
1.71E+04
1.71E+04
1.71E+04
1.71E+04
1.70E+04
1.70E+04
1.70E+04
1.70E+04
1.70E+04
1.70E+04
1.69E+04
1.69E+04
1.69E+04
1.69E+04
1.69E+04
1.69E+04
1.69E+04
1.68E+04
1.68E+04
1.68E+04
1.68E+04
1.68E+04
1.68E+04
1.68E+04
1.67E+04
1.67E+04
1.68E+04
1.67E+04
1.67E+04
1.66E+04
1.66E+04
1.66E+04
1.65E+04
1.65E+04
1.65E+04
1.65E+04
1.65E+04
1.64E+04
1.64E+04
1.64E+04
1.64E+04
1.64E+04
1.64E+04
1.64E+04
1.64E+04
1.63E+04
1.63E+04
1.63E+04
1.63E+04
1.63E+04
1.63E+04
1.63E+04
1.63E+04
1.62E+04
1.62E+04
1.62E+04
1.62E+04
1.62E+04
1.62E+04
1.62E+04
1.62E+04
1.62E+04
1.60E+04
1.60E+04
1.60E+04
1.60E+04
1.60E+04
1.60E+04
1.59E+04
1.59E+04
1.59E+04
1.59E+04
1.59E+04
1.59E+04
1.59E+04
1.58E+04
1.58E+04
1.58E+04
1.58E+04
1.58E+04
1.58E+04
1.58E+04
1.58E+04
1.57E+04
1.57E+04
1.57E+04
1.57E+04
1.57E+04
1.57E+04
1.56E+04
1.56E+04
1.56E+04
1.56E+04
1.56E+04
1.55E+04
1.55E+04
1.55E+04
1.55E+04
1.55E+04
1.55E+04
1.54E+04
1.54E+04
1.54E+04
1.54E+04
1.54E+04
1.54E+04
1.54E+04
1.54E+04
1.54E+04
1.53E+04
1.53E+04
1.52E+04
1.52E+04
1.52E+04
1.52E+04
1.52E+04
1.52E+04
1.52E+04
1.51E+04
1.51E+04
1.51E+04
1.51E+04
1.51E+04
1.51E+04
1.51E+04
1.51E+04
1.51E+04
1.49E+04
1.49E+04
1.48E+04
1.48E+04
1.48E+04
1.48E+04
1.48E+04
1.48E+04
1.48E+04
1.48E+04
1.47E+04
1.47E+04
1.47E+04
1.46E+04
1.46E+04
1.46E+04
1.46E+04
1.46E+04
1.46E+04
1.46E+04
1.45E+04
1.45E+04
1.45E+04
1.45E+04
1.45E+04
1.44E+04
1.44E+04
1.44E+04
1.43E+04
1.43E+04
1.42E+04
1.42E+04
1.42E+04
1.42E+04
1.42E+04
1.41E+04
1.41E+04
1.41E+04
1.41E+04
1.41E+04
1.41E+04
1.41E+04
1.41E+04
1.41E+04
1.40E+04
1.40E+04
1.40E+04
1.40E+04
1.40E+04
1.40E+04
1.40E+04
1.40E+04
1.39E+04
1.39E+04
1.39E+04
1.39E+04
1.39E+04
1.39E+04
1.39E+04
1.39E+04
1.39E+04
1.38E+04
1.38E+04
1.38E+04
1.38E+04
1.38E+04
1.38E+04
1.38E+04
1.38E+04
1.38E+04
1.37E+04
1.37E+04
1.37E+04
1.37E+04
1.37E+04
1.37E+04
1.37E+04
1.37E+04
1.37E+04
1.36E+04
1.36E+04
1.36E+04
1.36E+04
1.36E+04
1.36E+04
1.36E+04
1.36E+04
1.36E+04
1.35E+04
1.35E+04
1.35E+04
1.35E+04
1.35E+04
1.35E+04
1.35E+04
1.35E+04
1.35E+04
1.34E+04
1.34E+04
1.34E+04
1.34E+04
1.34E+04
1.34E+04
1.34E+04
1.34E+04
1.34E+04
1.33E+04
1.33E+04
1.33E+04
1.33E+04
1.33E+04
1.33E+04
1.33E+04
1.33E+04
1.33E+04
1.32E+04
1.32E+04
1.32E+04
1.32E+04
1.32E+04
1.32E+04
1.32E+04
1.32E+04
1.32E+04
1.31E+04
1.31E+04
1.31E+04
1.31E+04
1.31E+04
1.31E+04
1.31E+04
1.31E+04
1.31E+04
1.31E+04
1.30E+04
1.30E+04
1.30E+04
1.29E+04
1.29E+04
1.29E+04
1.29E+04
1.29E+04
1.29E+04
1.29E+04
1.28E+04
1.28E+04
1.28E+04
1.28E+04
1.28E+04
1.28E+04
1.28E+04
1.28E+04
1.28E+04
1.28E+04
1.27E+04
1.27E+04
1.27E+04
1.27E+04
1.27E+04
1.27E+04
1.27E+04
1.27E+04
1.27E+04
1.26E+04
1.26E+04
1.26E+04
1.26E+04
1.26E+04
1.26E+04
1.26E+04
1.26E+04
1.26E+04
1.26E+04
1.25E+04
1.25E+04
1.25E+04
1.25E+04
1.25E+04
1.25E+04
1.25E+04
1.25E+04
1.25E+04
1.25E+04
1.24E+04
1.24E+04
1.24E+04
1.24E+04
1.24E+04
1.24E+04
1.24E+04
1.24E+04
1.24E+04
1.23E+04
1.23E+04
1.23E+04
1.23E+04
1.23E+04
1.23E+04
1.23E+04
1.23E+04
1.23E+04
1.23E+04
1.22E+04
1.22E+04
1.22E+04
1.22E+04
1.22E+04
1.22E+04
1.22E+04
1.22E+04
1.22E+04
1.21E+04
1.21E+04
1.21E+04
1.21E+04
1.21E+04
1.21E+04
1.21E+04
1.21E+04
1.21E+04
1.21E+04
1.20E+04
1.20E+04
1.20E+04
1.20E+04
1.20E+04
1.20E+04
1.20E+04
1.20E+04
1.20E+04
1.20E+04
1.20E+04
1.19E+04
1.19E+04
1.19E+04
1.19E+04
1.19E+04
1.19E+04
1.19E+04
1.19E+04
1.19E+04
1.19E+04
1.18E+04
1.18E+04
1.18E+04
1.18E+04
1.18E+04
1.18E+04
1.18E+04
1.18E+04
1.18E+04
1.18E+04
1.16E+04
1.16E+04
1.16E+04
1.16E+04
1.15E+04
1.15E+04
1.15E+04
1.15E+04
1.15E+04
1.14E+04
1.14E+04
1.14E+04
1.14E+04
1.14E+04
1.14E+04
1.14E+04
1.14E+04
1.14E+04
1.14E+04
1.14E+04
1.13E+04
1.13E+04
1.13E+04
1.13E+04
1.13E+04
1.13E+04
1.13E+04
1.13E+04
1.13E+04
1.13E+04
1.12E+04
1.12E+04
1.12E+04
1.12E+04
1.12E+04
1.12E+04
1.12E+04
1.12E+04
1.12E+04
1.12E+04
1.12E+04
1.11E+04
1.11E+04
1.11E+04
1.11E+04
1.11E+04
1.11E+04
1.11E+04
1.11E+04
1.11E+04
1.11E+04
1.10E+04
1.10E+04
1.10E+04
1.10E+04
1.10E+04
1.10E+04
1.10E+04
1.10E+04
1.10E+04
1.10E+04
1.10E+04
1.09E+04
1.09E+04
1.09E+04
1.10E+04
1.10E+04
1.10E+04
1.10E+04
1.08E+04
1.07E+04
1.07E+04
1.07E+04
1.07E+04
1.07E+04
1.06E+04
1.06E+04
1.06E+04
1.06E+04
1.06E+04
1.06E+04
1.06E+04
1.06E+04
1.06E+04
1.06E+04
1.06E+04
1.05E+04
1.05E+04
1.05E+04
1.05E+04
1.05E+04
1.05E+04
1.05E+04
1.05E+04
1.05E+04
1.05E+04
1.05E+04
1.05E+04
1.04E+04
1.04E+04
1.04E+04
1.04E+04
1.04E+04
1.04E+04
1.04E+04
1.04E+04
1.04E+04
1.04E+04
1.04E+04
1.03E+04
1.03E+04
1.03E+04
1.03E+04
1.03E+04
1.03E+04
1.03E+04
1.03E+04
1.03E+04
1.03E+04
1.03E+04
1.02E+04
1.02E+04
1.02E+04
1.02E+04
1.03E+04
1.03E+04
1.02E+04
1.02E+04
1.01E+04
1.01E+04
1.00E+04
1.00E+04
1.00E+04
1.00E+04
9.96E+03
9.95E+03
9.94E+03
9.93E+03
9.93E+03
9.92E+03
9.91E+03
9.91E+03
9.90E+03
9.89E+03
9.88E+03
9.87E+03
9.86E+03
9.86E+03
9.85E+03
9.84E+03
9.83E+03
9.82E+03
9.81E+03
9.81E+03
9.80E+03
9.79E+03
9.78E+03
9.77E+03
9.76E+03
9.76E+03
9.75E+03
9.74E+03
9.73E+03
9.72E+03
9.71E+03
9.71E+03
9.70E+03
9.69E+03
9.68E+03
9.67E+03
9.66E+03
9.66E+03
9.65E+03
9.64E+03
9.63E+03
9.67E+03
9.66E+03
9.65E+03
9.49E+03
9.48E+03
9.47E+03
9.46E+03
9.47E+03
9.46E+03
9.42E+03
9.41E+03
9.34E+03
9.33E+03
9.32E+03
9.31E+03
9.30E+03
9.30E+03
9.28E+03
9.27E+03
9.26E+03
9.26E+03
9.25E+03
9.24E+03
9.23E+03
9.22E+03
9.22E+03
9.21E+03
9.20E+03
9.19E+03
9.18E+03
9.18E+03
9.17E+03
9.16E+03
9.15E+03
9.15E+03
9.14E+03
9.13E+03
9.12E+03
9.11E+03
9.11E+03
9.10E+03
9.09E+03
9.12E+03
9.11E+03
9.11E+03
8.96E+03
8.95E+03
8.94E+03
8.94E+03
8.93E+03
8.92E+03
8.88E+03
8.87E+03
8.86E+03
8.86E+03
8.85E+03
8.84E+03
8.83E+03
8.83E+03
8.82E+03
8.81E+03
8.80E+03
8.80E+03
8.79E+03
8.78E+03
8.77E+03
8.77E+03
8.76E+03
8.75E+03
8.74E+03
8.74E+03
8.73E+03
8.72E+03
8.71E+03
8.71E+03
8.70E+03
8.73E+03
8.72E+03
8.72E+03
8.71E+03
8.58E+03
8.57E+03
8.56E+03
8.55E+03
8.55E+03
8.54E+03
8.50E+03
8.49E+03
8.49E+03
8.48E+03
8.47E+03
8.47E+03
8.46E+03
8.45E+03
8.44E+03
8.44E+03
8.43E+03
8.42E+03
8.42E+03
8.41E+03
8.40E+03
8.39E+03
8.39E+03
8.38E+03
8.40E+03
8.40E+03
8.39E+03
8.27E+03
8.26E+03
8.25E+03
8.25E+03
8.24E+03
8.23E+03
8.20E+03
8.19E+03
8.18E+03
8.18E+03
8.17E+03
8.16E+03
8.16E+03
8.15E+03
8.14E+03
8.14E+03
8.13E+03
8.12E+03
8.14E+03
8.13E+03
8.13E+03
8.02E+03
8.01E+03
8.00E+03
8.00E+03
7.99E+03
7.98E+03
7.95E+03
7.94E+03
7.94E+03
7.93E+03
7.93E+03
7.92E+03
7.93E+03
7.93E+03
7.91E+03
7.90E+03
7.80E+03
7.77E+03
7.76E+03
7.76E+03
7.75E+03
7.72E+03
7.69E+03
7.69E+03
7.69E+03
7.64E+03
7.56E+03
7.54E+03
7.53E+03
7.51E+03
7.50E+03
7.52E+03
7.40E+03
7.33E+03
7.33E+03
7.16E+03
7.15E+03
7.15E+03
7.12E+03
7.10E+03
7.09E+03
7.05E+03
7.05E+03
7.04E+03
7.03E+03
7.03E+03
7.02E+03
7.01E+03
7.01E+03
7.00E+03
7.00E+03
6.99E+03
6.98E+03
6.98E+03
6.97E+03
6.97E+03
6.96E+03
6.95E+03
6.95E+03
6.94E+03
6.94E+03
6.93E+03
6.92E+03
6.92E+03
6.91E+03
6.91E+03
6.90E+03
6.89E+03
6.89E+03
6.88E+03
6.88E+03
6.87E+03
6.87E+03
6.86E+03
6.85E+03
6.85E+03
6.84E+03
6.84E+03
6.83E+03
6.82E+03
6.82E+03
6.81E+03
6.81E+03
6.80E+03
6.79E+03
6.79E+03
6.78E+03
6.78E+03
6.77E+03
6.77E+03
6.76E+03
6.75E+03
6.75E+03
6.75E+03
6.74E+03
6.74E+03
6.73E+03
6.72E+03
6.72E+03
6.71E+03
6.71E+03
6.70E+03
6.69E+03
6.69E+03
6.68E+03
6.68E+03
6.67E+03
6.67E+03
6.66E+03
6.65E+03
6.65E+03
6.64E+03
6.64E+03
6.63E+03
6.63E+03
6.62E+03
6.61E+03
6.61E+03
6.60E+03
6.60E+03
6.59E+03
6.59E+03
6.58E+03
6.57E+03
6.57E+03
6.56E+03
6.56E+03
6.55E+03
6.55E+03
6.54E+03
6.53E+03
6.53E+03
6.52E+03
6.52E+03
6.51E+03
6.51E+03
6.50E+03
6.50E+03
6.49E+03
6.48E+03
6.48E+03
6.47E+03
6.47E+03
6.46E+03
6.46E+03
6.45E+03
6.44E+03
6.44E+03
6.43E+03
6.43E+03
6.42E+03
6.42E+03
6.41E+03
6.41E+03
6.40E+03
6.39E+03
6.39E+03
6.38E+03
6.38E+03
6.37E+03
6.37E+03
6.36E+03
6.36E+03
6.35E+03
6.35E+03
6.34E+03
6.33E+03
6.33E+03
6.32E+03
6.32E+03
6.31E+03
6.31E+03
6.30E+03
6.30E+03
6.29E+03
6.29E+03
6.28E+03
6.27E+03
6.27E+03
6.26E+03
6.26E+03
6.25E+03
6.25E+03
6.24E+03
6.24E+03
6.23E+03
6.23E+03
6.22E+03
6.22E+03
6.21E+03
6.21E+03
6.20E+03
6.20E+03
6.19E+03
6.19E+03
6.18E+03
6.18E+03
6.17E+03
6.17E+03
6.16E+03
6.15E+03
6.15E+03
6.14E+03
6.14E+03
6.13E+03
6.13E+03
6.12E+03
6.12E+03
6.11E+03
6.11E+03
6.10E+03
6.10E+03
6.09E+03
6.09E+03
6.08E+03
6.08E+03
6.07E+03
6.06E+03
6.06E+03
6.05E+03
6.05E+03
6.04E+03
6.04E+03
6.03E+03
6.03E+03
6.02E+03
6.02E+03
6.01E+03
6.01E+03
6.00E+03
6.00E+03
5.99E+03
5.99E+03
5.98E+03
5.98E+03
5.97E+03
5.97E+03
5.96E+03
5.96E+03
5.95E+03
5.94E+03
5.95E+03
5.95E+03
5.94E+03
5.88E+03
5.88E+03
5.87E+03
5.87E+03
5.86E+03
5.86E+03
5.85E+03
5.83E+03
5.83E+03
5.82E+03
5.82E+03
5.81E+03
5.81E+03
5.80E+03
5.80E+03
5.79E+03
5.79E+03
5.78E+03
5.78E+03
5.77E+03
5.77E+03
5.76E+03
5.76E+03
5.75E+03
5.75E+03
5.74E+03
5.74E+03
5.73E+03
5.73E+03
5.72E+03
5.72E+03
5.71E+03
5.71E+03
5.70E+03
5.70E+03
5.69E+03
5.69E+03
5.68E+03
5.68E+03
5.68E+03
5.67E+03
5.67E+03
5.66E+03
5.66E+03
5.65E+03
5.65E+03
5.64E+03
5.64E+03
5.63E+03
5.63E+03
5.62E+03
5.62E+03
5.61E+03
5.61E+03
5.60E+03
5.60E+03
5.59E+03
5.59E+03
5.58E+03
5.58E+03
5.57E+03
5.57E+03
5.56E+03
5.56E+03
5.55E+03
5.55E+03
5.54E+03
5.54E+03
5.53E+03
5.53E+03
5.52E+03
5.52E+03
5.51E+03
5.51E+03
5.50E+03
5.50E+03
5.49E+03
5.49E+03
5.49E+03
5.48E+03
5.48E+03
5.47E+03
5.47E+03
5.46E+03
5.46E+03
5.45E+03
5.45E+03
5.44E+03
5.44E+03
5.43E+03
5.43E+03
5.43E+03
5.42E+03
5.42E+03
5.41E+03
5.41E+03
5.40E+03
5.40E+03
5.39E+03
5.39E+03
5.39E+03
5.38E+03
5.38E+03
5.37E+03
5.37E+03
5.36E+03
5.36E+03
5.35E+03
5.35E+03
5.34E+03
5.34E+03
5.33E+03
5.33E+03
5.32E+03
5.32E+03
5.32E+03
5.31E+03
5.31E+03
5.30E+03
5.30E+03
5.29E+03
5.29E+03
5.28E+03
5.28E+03
5.27E+03
5.27E+03
5.26E+03
5.26E+03
5.26E+03
5.25E+03
5.25E+03
5.24E+03
5.24E+03
5.23E+03
5.23E+03
5.22E+03
5.22E+03
5.21E+03
5.21E+03
5.21E+03
5.20E+03
5.20E+03
5.19E+03
5.19E+03
5.18E+03
5.18E+03
5.17E+03
5.17E+03
5.16E+03
5.16E+03
5.16E+03
5.15E+03
5.15E+03
5.14E+03
5.14E+03
5.13E+03
5.13E+03
5.12E+03
5.12E+03
5.11E+03
5.11E+03
5.11E+03
5.10E+03
5.10E+03
5.09E+03
5.09E+03
5.08E+03
5.08E+03
5.07E+03
5.07E+03
5.07E+03
5.06E+03
5.06E+03
5.05E+03
5.05E+03
5.04E+03
5.04E+03
5.04E+03
5.03E+03
5.03E+03
5.03E+03
5.02E+03
5.02E+03
5.01E+03
5.01E+03
5.00E+03
5.00E+03
4.99E+03
4.99E+03
5.05E+03
5.04E+03
5.04E+03
5.03E+03
4.91E+03
4.90E+03
4.90E+03
4.89E+03
4.89E+03
4.88E+03
4.88E+03
4.85E+03
4.84E+03
4.84E+03
4.83E+03
4.83E+03
4.83E+03
4.82E+03
4.82E+03
4.81E+03
4.81E+03
4.81E+03
4.80E+03
4.80E+03
4.79E+03
4.79E+03
4.78E+03
4.78E+03
4.78E+03
4.77E+03
4.77E+03
4.76E+03
4.76E+03
4.75E+03
4.75E+03
4.75E+03
4.74E+03
4.74E+03
4.73E+03
4.73E+03
4.73E+03
4.72E+03
4.72E+03
4.71E+03
4.71E+03
4.71E+03
4.70E+03
4.70E+03
4.69E+03
4.69E+03
4.68E+03
4.68E+03
4.68E+03
4.67E+03
4.67E+03
4.66E+03
4.66E+03
4.66E+03
4.66E+03
4.65E+03
4.65E+03
4.64E+03
4.67E+03
4.67E+03
4.67E+03
4.66E+03
4.55E+03
4.54E+03
4.54E+03
4.53E+03
4.53E+03
4.53E+03
4.52E+03
4.49E+03
4.49E+03
4.49E+03
4.48E+03
4.48E+03
4.48E+03
4.47E+03
4.47E+03
4.46E+03
4.46E+03
4.46E+03
4.45E+03
4.45E+03
4.44E+03
4.44E+03
4.44E+03
4.43E+03
4.43E+03
4.42E+03
4.42E+03
4.42E+03
4.41E+03
4.41E+03
4.40E+03
4.40E+03
4.40E+03
4.39E+03
4.39E+03
4.39E+03
4.38E+03
4.38E+03
4.37E+03
4.37E+03
4.37E+03
4.36E+03
4.36E+03
4.35E+03
4.35E+03
4.35E+03
4.34E+03
4.37E+03
4.37E+03
4.36E+03
4.36E+03
4.35E+03
4.25E+03
4.25E+03
4.24E+03
4.24E+03
4.24E+03
4.23E+03
4.23E+03
4.20E+03
4.20E+03
4.19E+03
4.19E+03
4.19E+03
4.18E+03
4.18E+03
4.17E+03
4.17E+03
4.17E+03
4.16E+03
4.16E+03
4.16E+03
4.15E+03
4.15E+03
4.15E+03
4.14E+03
4.14E+03
4.13E+03
4.13E+03
4.13E+03
4.12E+03
4.12E+03
4.12E+03
4.11E+03
4.11E+03
4.11E+03
4.10E+03
4.10E+03
4.09E+03
4.09E+03
4.11E+03
4.11E+03
4.11E+03
4.10E+03
4.01E+03
4.01E+03
4.00E+03
4.00E+03
4.00E+03
3.99E+03
3.99E+03
3.96E+03
3.96E+03
3.96E+03
3.95E+03
3.95E+03
3.95E+03
3.94E+03
3.94E+03
3.93E+03
3.93E+03
3.93E+03
3.92E+03
3.92E+03
3.92E+03
3.91E+03
3.91E+03
3.91E+03
3.90E+03
3.90E+03
3.90E+03
3.89E+03
3.89E+03
3.89E+03
3.88E+03
3.90E+03
3.90E+03
3.90E+03
3.89E+03
3.81E+03
3.80E+03
3.80E+03
3.80E+03
3.79E+03
3.79E+03
3.79E+03
3.76E+03
3.75E+03
3.75E+03
3.73E+03
3.74E+03
3.73E+03
3.73E+03
3.72E+03
3.72E+03
3.70E+03
3.69E+03
3.69E+03
3.69E+03
3.69E+03
3.68E+03
3.70E+03
3.66E+03
3.66E+03
3.66E+03
3.65E+03
3.58E+03
3.58E+03
3.57E+03
3.56E+03
3.52E+03
3.52E+03
3.52E+03
3.49E+03
3.49E+03
3.50E+03
3.49E+03
3.49E+03
3.48E+03
3.44E+03
3.43E+03
3.45E+03
3.45E+03
3.48E+03
3.48E+03
3.40E+03
3.39E+03
3.24E+03
3.19E+03
3.19E+03
3.19E+03
3.18E+03
3.17E+03
3.17E+03
3.19E+03
3.14E+03
3.08E+03
3.08E+03
3.00E+03
3.01E+03
3.01E+03
3.01E+03
3.02E+03
2.96E+03
2.98E+03
2.96E+03
2.88E+03
2.80E+03
2.80E+03
2.73E+03
2.71E+03
2.71E+03
2.71E+03
2.69E+03
2.69E+03
2.67E+03
2.65E+03
2.65E+03
2.65E+03
2.65E+03
2.65E+03
2.64E+03
2.64E+03
2.64E+03
2.64E+03
2.63E+03
2.63E+03
2.63E+03
2.63E+03
2.62E+03
2.62E+03
2.62E+03
2.62E+03
2.62E+03
2.61E+03
2.61E+03
2.61E+03
2.61E+03
2.60E+03
2.60E+03
2.60E+03
2.60E+03
2.59E+03
2.59E+03
2.59E+03
2.59E+03
2.59E+03
2.58E+03
2.58E+03
2.58E+03
2.58E+03
2.57E+03
2.57E+03
2.57E+03
2.57E+03
2.57E+03
2.56E+03
2.56E+03
2.56E+03
2.56E+03
2.55E+03
2.55E+03
2.55E+03
2.55E+03
2.55E+03
2.54E+03
2.54E+03
2.54E+03
2.54E+03
2.53E+03
2.53E+03
2.53E+03
2.53E+03
2.53E+03
2.52E+03
2.52E+03
2.52E+03
2.52E+03
2.51E+03
2.51E+03
2.51E+03
2.51E+03
2.51E+03
2.50E+03
2.50E+03
2.50E+03
2.50E+03
2.49E+03
2.49E+03
2.49E+03
2.49E+03
2.49E+03
2.48E+03
2.48E+03
2.48E+03
2.48E+03
2.47E+03
2.47E+03
2.47E+03
2.47E+03
2.47E+03
2.46E+03
2.46E+03
2.46E+03
2.46E+03
2.45E+03
2.45E+03
2.45E+03
2.45E+03
2.45E+03
2.44E+03
2.44E+03
2.44E+03
2.44E+03
2.44E+03
2.43E+03
2.43E+03
2.43E+03
2.43E+03
2.42E+03
2.42E+03
2.42E+03
2.42E+03
2.42E+03
2.41E+03
2.41E+03
2.41E+03
2.41E+03
2.41E+03
2.40E+03
2.40E+03
2.40E+03
2.40E+03
2.40E+03
2.39E+03
2.39E+03
2.39E+03
2.39E+03
2.38E+03
2.38E+03
2.38E+03
2.38E+03
2.38E+03
2.37E+03
2.37E+03
2.37E+03
2.37E+03
2.37E+03
2.36E+03
2.36E+03
2.36E+03
2.36E+03
2.36E+03
2.35E+03
2.35E+03
2.35E+03
2.35E+03
2.35E+03
2.34E+03
2.34E+03
2.34E+03
2.34E+03
2.34E+03
2.33E+03
2.33E+03
2.33E+03
2.33E+03
2.33E+03
2.32E+03
2.32E+03
2.32E+03
2.31E+03
2.31E+03
2.31E+03
2.31E+03
2.31E+03
2.30E+03
2.30E+03
2.30E+03
2.30E+03
2.29E+03
2.29E+03
2.29E+03
2.29E+03
2.29E+03
2.28E+03
2.28E+03
2.28E+03
2.28E+03
2.28E+03
2.27E+03
2.27E+03
2.27E+03
2.27E+03
2.27E+03
2.26E+03
2.26E+03
2.26E+03
2.26E+03
2.26E+03
2.25E+03
2.25E+03
2.25E+03
2.25E+03
2.25E+03
2.24E+03
2.24E+03
2.24E+03
2.24E+03
2.24E+03
2.23E+03
2.23E+03
2.23E+03
2.23E+03
2.23E+03
2.22E+03
2.22E+03
2.22E+03
2.22E+03
2.22E+03
2.22E+03
2.21E+03
2.21E+03
2.21E+03
2.21E+03
2.21E+03
2.20E+03
2.20E+03
2.20E+03
2.20E+03
2.20E+03
2.19E+03
2.19E+03
2.19E+03
2.19E+03
2.19E+03
2.18E+03
2.18E+03
2.18E+03
2.18E+03
2.18E+03
2.17E+03
2.17E+03
2.17E+03
2.17E+03
2.17E+03
2.17E+03
2.16E+03
2.16E+03
2.16E+03
2.16E+03
2.16E+03
2.15E+03
2.15E+03
2.15E+03
2.15E+03
2.15E+03
2.14E+03
2.14E+03
2.14E+03
2.14E+03
2.14E+03
2.13E+03
2.13E+03
2.13E+03
2.13E+03
2.13E+03
2.13E+03
2.12E+03
2.12E+03
2.12E+03
2.12E+03
2.12E+03
2.11E+03
2.11E+03
2.11E+03
2.11E+03
2.11E+03
2.10E+03
2.10E+03
2.10E+03
2.10E+03
2.10E+03
2.10E+03
2.09E+03
2.09E+03
2.09E+03
2.09E+03
2.09E+03
2.08E+03
2.08E+03
2.08E+03
2.08E+03
2.08E+03
2.08E+03
2.07E+03
2.07E+03
2.07E+03
2.07E+03
2.07E+03
2.06E+03
2.06E+03
2.06E+03
2.06E+03
2.06E+03
2.06E+03
2.05E+03
2.05E+03
2.05E+03
2.05E+03
2.05E+03
2.04E+03
2.04E+03
2.04E+03
2.04E+03
2.04E+03
2.04E+03
2.03E+03
2.03E+03
2.03E+03
2.03E+03
2.03E+03
2.02E+03
2.02E+03
2.02E+03
2.02E+03
2.02E+03
2.02E+03
2.01E+03
2.01E+03
2.01E+03
2.01E+03
2.01E+03
2.00E+03
2.00E+03
2.00E+03
2.00E+03
2.00E+03
2.00E+03
1.99E+03
1.99E+03
1.99E+03
1.99E+03
1.99E+03
1.99E+03
1.98E+03
1.98E+03
1.98E+03
1.98E+03
1.98E+03
1.98E+03
1.97E+03
1.97E+03
1.97E+03
1.97E+03
1.97E+03
1.96E+03
1.96E+03
1.96E+03
1.96E+03
1.96E+03
1.96E+03
1.95E+03
1.95E+03
1.95E+03
1.95E+03
1.95E+03
1.95E+03
1.94E+03
1.94E+03
1.94E+03
1.94E+03
1.94E+03
1.94E+03
1.93E+03
1.93E+03
1.93E+03
1.93E+03
1.93E+03
1.93E+03
1.92E+03
1.92E+03
1.92E+03
1.92E+03
1.92E+03
1.91E+03
1.91E+03
1.91E+03
1.91E+03
1.91E+03
1.91E+03
1.90E+03
1.90E+03
1.90E+03
1.90E+03
1.90E+03
1.90E+03
1.89E+03
1.89E+03
1.89E+03
1.89E+03
1.89E+03
1.89E+03
1.88E+03
1.88E+03
1.88E+03
1.88E+03
1.88E+03
1.88E+03
1.87E+03
1.87E+03
1.87E+03
1.87E+03
1.87E+03
1.87E+03
1.86E+03
1.86E+03
1.86E+03
1.86E+03
1.86E+03
1.86E+03
1.85E+03
1.85E+03
1.85E+03
1.85E+03
1.85E+03
1.85E+03
1.84E+03
1.84E+03
1.84E+03
1.84E+03
1.84E+03
1.84E+03
1.84E+03
1.83E+03
1.83E+03
1.83E+03
1.83E+03
1.83E+03
1.83E+03
1.82E+03
1.82E+03
1.82E+03
1.82E+03
1.82E+03
1.82E+03
1.81E+03
1.81E+03
1.81E+03
1.81E+03
1.81E+03
1.81E+03
1.80E+03
1.80E+03
1.80E+03
1.80E+03
1.80E+03
1.80E+03
1.79E+03
1.79E+03
1.79E+03
1.79E+03
1.79E+03
1.79E+03
1.78E+03
1.78E+03
1.78E+03
1.78E+03
1.78E+03
1.78E+03
1.78E+03
1.77E+03
1.77E+03
1.77E+03
1.77E+03
1.77E+03
1.77E+03
1.76E+03
1.76E+03
1.76E+03
1.76E+03
1.76E+03
1.76E+03
1.76E+03
1.75E+03
1.75E+03
1.75E+03
1.75E+03
1.75E+03
1.75E+03
1.74E+03
1.74E+03
1.74E+03
1.74E+03
1.74E+03
1.74E+03
1.74E+03
1.73E+03
1.73E+03
1.73E+03
1.73E+03
1.73E+03
1.73E+03
1.72E+03
1.72E+03
1.72E+03
1.72E+03
1.72E+03
1.72E+03
1.72E+03
1.71E+03
1.71E+03
1.71E+03
1.71E+03
1.71E+03
1.71E+03
1.70E+03
1.70E+03
1.70E+03
1.70E+03
1.70E+03
1.69E+03
1.69E+03
1.69E+03
1.69E+03
1.69E+03
1.69E+03
1.69E+03
1.68E+03
1.68E+03
1.68E+03
1.68E+03
1.68E+03
1.68E+03
1.67E+03
1.67E+03
1.67E+03
1.67E+03
1.67E+03
1.67E+03
1.67E+03
1.66E+03
1.66E+03
1.66E+03
1.66E+03
1.66E+03
1.66E+03
1.66E+03
1.65E+03
1.65E+03
1.65E+03
1.65E+03
1.65E+03
1.65E+03
1.65E+03
1.64E+03
1.64E+03
1.64E+03
1.64E+03
1.64E+03
1.64E+03
1.64E+03
1.63E+03
1.63E+03
1.63E+03
1.63E+03
1.63E+03
1.63E+03
1.63E+03
1.62E+03
1.62E+03
1.62E+03
1.62E+03
1.62E+03
1.62E+03
1.61E+03
1.61E+03
1.61E+03
1.61E+03
1.61E+03
1.61E+03
1.61E+03
1.60E+03
1.60E+03
1.60E+03
1.60E+03
1.60E+03
1.60E+03
1.60E+03
1.59E+03
1.59E+03
1.59E+03
1.59E+03
1.59E+03
1.59E+03
1.59E+03
1.59E+03
1.58E+03
1.58E+03
1.58E+03
1.58E+03
1.58E+03
1.58E+03
1.58E+03
1.57E+03
1.57E+03
1.57E+03
1.57E+03
1.57E+03
1.57E+03
1.57E+03
1.57E+03
1.57E+03
1.55E+03
1.55E+03
1.55E+03
1.54E+03
1.54E+03
1.54E+03
1.54E+03
1.54E+03
1.54E+03
1.53E+03
1.53E+03
1.53E+03
1.53E+03
1.53E+03
1.53E+03
1.52E+03
1.52E+03
1.52E+03
1.52E+03
1.52E+03
1.52E+03
1.52E+03
1.52E+03
1.51E+03
1.51E+03
1.51E+03
1.51E+03
1.51E+03
1.51E+03
1.51E+03
1.50E+03
1.50E+03
1.50E+03
1.50E+03
1.50E+03
1.50E+03
1.50E+03
1.49E+03
1.49E+03
1.49E+03
1.49E+03
1.49E+03
1.49E+03
1.49E+03
1.49E+03
1.48E+03
1.48E+03
1.48E+03
1.49E+03
1.48E+03
1.48E+03
1.48E+03
1.47E+03
1.46E+03
1.46E+03
1.46E+03
1.46E+03
1.46E+03
1.46E+03
1.46E+03
1.45E+03
1.45E+03
1.45E+03
1.45E+03
1.44E+03
1.44E+03
1.44E+03
1.44E+03
1.44E+03
1.44E+03
1.44E+03
1.43E+03
1.43E+03
1.43E+03
1.43E+03
1.43E+03
1.43E+03
1.42E+03
1.42E+03
1.42E+03
1.42E+03
1.42E+03
1.42E+03
1.42E+03
1.42E+03
1.41E+03
1.41E+03
1.41E+03
1.41E+03
1.41E+03
1.41E+03
1.41E+03
1.41E+03
1.41E+03
1.39E+03
1.39E+03
1.39E+03
1.39E+03
1.39E+03
1.39E+03
1.38E+03
1.38E+03
1.38E+03
1.37E+03
1.37E+03
1.37E+03
1.37E+03
1.37E+03
1.37E+03
1.37E+03
1.37E+03
1.36E+03
1.36E+03
1.36E+03
1.36E+03
1.36E+03
1.36E+03
1.35E+03
1.35E+03
1.35E+03
1.35E+03
1.35E+03
1.35E+03
1.35E+03
1.35E+03
1.35E+03
1.34E+03
1.33E+03
1.33E+03
1.33E+03
1.33E+03
1.33E+03
1.33E+03
1.32E+03
1.32E+03
1.32E+03
1.32E+03
1.31E+03
1.31E+03
1.31E+03
1.31E+03
1.31E+03
1.31E+03
1.31E+03
1.31E+03
1.31E+03
1.30E+03
1.30E+03
1.30E+03
1.30E+03
1.30E+03
1.30E+03
1.28E+03
1.28E+03
1.28E+03
1.28E+03
1.28E+03
1.28E+03
1.28E+03
1.28E+03
1.27E+03
1.27E+03
1.27E+03
1.27E+03
1.27E+03
1.26E+03
1.26E+03
1.26E+03
1.25E+03
1.25E+03
1.25E+03
1.24E+03
1.24E+03
1.24E+03
1.24E+03
1.24E+03
1.24E+03
1.23E+03
1.22E+03
1.22E+03
1.21E+03
1.21E+03
1.21E+03
1.21E+03
1.21E+03
1.21E+03
1.20E+03
1.20E+03
1.20E+03
1.20E+03
1.20E+03
1.20E+03
1.19E+03
1.19E+03
1.19E+03
1.19E+03
1.19E+03
1.19E+03
1.19E+03
1.19E+03
1.19E+03
1.18E+03
1.18E+03
1.18E+03
1.18E+03
1.18E+03
1.18E+03
1.18E+03
1.18E+03
1.18E+03
1.17E+03
1.17E+03
1.17E+03
1.17E+03
1.17E+03
1.17E+03
1.17E+03
1.17E+03
1.17E+03
1.17E+03
1.16E+03
1.16E+03
1.16E+03
1.16E+03
1.16E+03
1.16E+03
1.16E+03
1.16E+03
1.16E+03
1.16E+03
1.15E+03
1.15E+03
1.15E+03
1.15E+03
1.15E+03
1.15E+03
1.15E+03
1.15E+03
1.15E+03
1.14E+03
1.14E+03
1.14E+03
1.14E+03
1.14E+03
1.14E+03
1.14E+03
1.14E+03
1.14E+03
1.14E+03
1.13E+03
1.13E+03
1.13E+03
1.13E+03
1.13E+03
1.13E+03
1.13E+03
1.13E+03
1.13E+03
1.13E+03
1.12E+03
1.12E+03
1.12E+03
1.12E+03
1.12E+03
1.12E+03
1.12E+03
1.12E+03
1.12E+03
1.12E+03
1.11E+03
1.11E+03
1.11E+03
1.11E+03
1.11E+03
1.11E+03
1.11E+03
1.11E+03
1.11E+03
1.11E+03
1.10E+03
1.10E+03
1.10E+03
1.10E+03
1.10E+03
1.10E+03
1.10E+03
1.10E+03
1.10E+03
1.10E+03
1.09E+03
1.09E+03
1.09E+03
1.09E+03
1.09E+03
1.09E+03
1.09E+03
1.09E+03
1.09E+03
1.09E+03
1.09E+03
1.08E+03
1.08E+03
1.08E+03
1.08E+03
1.08E+03
1.08E+03
1.08E+03
1.08E+03
1.08E+03
1.07E+03
1.07E+03
1.07E+03
1.07E+03
1.07E+03
1.07E+03
1.07E+03
1.07E+03
1.07E+03
1.07E+03
1.07E+03
1.06E+03
1.06E+03
1.06E+03
1.06E+03
1.06E+03
1.06E+03
1.06E+03
1.06E+03
1.06E+03
1.06E+03
1.05E+03
1.05E+03
1.05E+03
1.05E+03
1.05E+03
1.05E+03
1.05E+03
1.05E+03
1.05E+03
1.05E+03
1.05E+03
1.04E+03
1.04E+03
1.04E+03
1.04E+03
1.04E+03
1.04E+03
1.04E+03
1.04E+03
1.04E+03
1.04E+03
1.04E+03
1.03E+03
1.03E+03
1.03E+03
1.03E+03
1.03E+03
1.03E+03
1.03E+03
1.03E+03
1.03E+03
1.03E+03
1.03E+03
1.02E+03
1.02E+03
1.02E+03
1.02E+03
1.02E+03
1.02E+03
1.02E+03
1.02E+03
1.02E+03
1.02E+03
1.01E+03
1.01E+03
1.01E+03
1.01E+03
1.01E+03
1.01E+03
1.01E+03
1.01E+03
1.01E+03
1.01E+03
1.01E+03
1.00E+03
1.00E+03
1.00E+03
1.00E+03
1.00E+03
1.00E+03
999
998
997
996
995
995
994
993
992
991
990
989
988
987
987
986
985
984
983
982
981
980
980
979
978
977
976
975
974
973
972
972
971
970
969
968
967
966
966
965
964
963
962
961
960
959
959
958
957
956
955
954
953
953
952
951
950
949
948
947
947
946
945
944
943
942
941
941
940
939
938
937
936
936
935
934
933
932
931
931
930
929
928
927
926
926
925
924
923
922
921
921
920
919
918
917
916
916
915
914
913
912
912
911
910
909
908
907
907
906
905
904
903
902
902
901
900
899
899
898
897
896
895
894
894
893
892
891
890
890
889
888
887
886
886
885
884
883
882
882
881
880
879
878
878
877
876
875
874
874
873
872
871
870
870
869
868
867
866
866
865
864
863
863
862
861
860
859
859
858
857
856
856
855
854
853
853
852
851
850
849
849
848
847
846
846
845
844
843
843
842
841
840
840
839
838
837
837
836
835
834
834
833
832
831
831
830
829
828
828
827
826
825
825
824
823
822
822
821
820
819
819
818
817
816
816
815
814
813
813
812
811
811
810
809
808
808
807
806
805
805
804
803
803
802
801
800
800
799
798
798
797
796
795
795
794
793
793
792
791
790
790
789
788
788
787
786
785
785
784
783
783
782
781
780
780
779
778
778
777
776
776
775
774
773
773
772
771
771
770
769
769
768
767
766
766
765
764
764
763
762
762
761
760
760
759
758
758
757
756
755
755
754
753
753
752
751
751
750
749
749
748
747
747
746
745
745
744
743
743
742
741
741
740
739
739
738
737
737
736
735
734
734
733
732
732
731
730
730
729
728
728
727
726
726
725
724
724
723
722
722
721
720
720
719
719
718
717
717
718
717
716
716
715
707
706
705
705
704
704
703
702
702
701
699
698
697
697
696
695
695
694
693
693
692
692
691
690
690
689
689
688
687
687
686
685
685
684
684
683
682
682
681
680
680
679
679
678
677
677
676
676
675
674
674
673
673
672
671
671
670
669
669
668
668
667
666
666
665
665
664
663
663
662
662
661
660
660
659
659
658
657
657
656
656
655
654
654
653
653
652
652
651
650
650
649
649
648
647
647
646
646
645
644
644
643
643
642
642
641
640
640
639
638
638
637
637
636
636
635
634
633
633
632
632
631
631
630
630
629
628
627
626
626
625
625
624
624
623
622
622
621
621
620
620
619
618
617
616
616
615
615
614
613
613
612
612
611
610
610
610
609
609
608
607
607
605
604
604
603
603
602
602
601
601
600
599
599
598
598
597
596
596
596
595
595
594
594
591
591
590
590
589
589
588
588
587
586
586
585
585
584
584
583
583
582
582
581
581
580
580
579
577
576
576
575
575
574
574
573
573
572
571
571
570
570
569
569
568
568
567
567
567
566
565
565
564
562
561
561
560
560
559
559
558
558
558
557
557
556
556
555
550
549
549
548
548
548
547
547
546
542
542
541
541
540
540
539
539
538
538
537
536
536
535
535
534
534
533
533
533
532
532
531
531
532
531
531
530
530
529
524
524
523
523
522
521
521
520
520
519
519
518
518
517
517
516
513
513
512
512
511
511
510
511
511
510
509
509
508
504
504
503
503
502
502
499
498
498
497
496
495
495
495
495
496
495
494
494
493
489
485
485
485
484
486
485
485
485
485
484
476
475
475
471
470
470
469
469
469
467
466
466
465
464
464
463
463
462
462
461
461
461
460
460
459
459
459
458
458
457
457
456
456
456
455
455
454
454
454
453
453
452
452
452
451
451
450
450
449
449
449
448
448
447
447
447
446
446
445
445
445
444
444
443
443
443
442
442
441
441
441
440
440
439
439
439
438
438
437
437
437
436
436
435
435
435
434
434
433
433
433
432
432
431
431
431
430
430
430
429
429
428
428
428
427
427
426
426
426
425
425
424
424
424
423
423
423
422
422
421
421
421
420
420
419
419
419
418
418
418
417
417
416
416
416
415
415
415
414
414
413
413
413
412
412
411
411
411
410
410
410
409
409
409
408
408
407
407
407
406
406
406
405
405
404
404
404
403
403
403
402
402
401
401
401
400
400
400
399
399
399
398
398
397
397
397
396
396
396
397
397
396
396
396
395
395
387
386
386
386
385
385
385
384
384
383
381
381
381
380
380
380
379
379
379
378
378
378
377
377
376
376
376
375
375
375
374
374
374
373
373
373
372
372
372
371
371
371
370
370
370
369
369
369
368
368
368
367
367
367
366
366
366
365
365
365
364
364
364
363
363
363
362
362
362
361
361
361
360
360
360
359
359
359
358
358
358
357
357
357
356
356
356
355
355
355
354
354
354
354
353
353
353
352
352
352
351
351
351
350
350
350
349
349
349
348
348
348
347
347
347
346
346
346
345
345
345
344
344
344
344
343
343
343
342
342
342
341
341
341
340
340
340
339
339
339
339
338
338
338
337
337
337
336
336
336
335
335
335
335
334
334
334
333
333
333
332
332
332
332
331
331
331
330
330
330
329
329
329
329
328
328
328
327
327
327
326
326
326
325
325
325
325
324
324
324
323
323
323
323
322
322
322
321
321
321
320
320
320
320
319
319
319
318
318
318
318
317
317
317
316
316
316
316
315
315
315
314
314
314
314
313
313
313
312
312
312
312
311
311
311
310
310
310
309
309
309
309
309
308
308
308
307
307
307
307
306
306
306
306
305
305
305
304
304
304
304
303
303
303
303
302
302
302
301
301
301
301
300
300
300
299
299
299
299
298
298
298
298
297
297
297
296
296
296
296
295
295
295
295
294
294
294
293
293
293
293
292
292
292
292
291
291
291
291
290
290
290
289
289
289
289
288
288
288
288
287
287
287
287
286
286
286
286
285
285
285
284
284
284
284
283
283
283
283
282
282
282
282
281
281
281
281
280
280
280
280
279
279
279
279
278
278
278
278
277
277
277
277
276
276
276
276
275
275
275
275
274
274
274
274
273
273
273
273
272
272
272
271
271
271
271
270
270
270
270
270
269
269
269
269
268
268
268
268
267
267
267
267
266
266
266
266
265
265
265
265
264
264
264
264
263
263
263
263
262
262
262
262
261
261
261
261
261
260
260
260
260
259
259
259
259
258
258
258
258
257
257
257
257
257
256
256
256
256
255
255
255
255
254
254
254
254
253
253
253
253
253
252
252
252
252
251
251
251
251
250
250
250
250
250
249
249
249
249
248
248
248
248
248
247
247
247
247
246
246
246
246
245
245
245
245
245
244
244
244
244
243
243
243
243
243
242
242
242
242
242
241
241
241
240
240
240
240
239
239
239
239
239
237
237
236
236
236
236
236
235
235
235
235
235
234
234
234
234
232
231
231
231
231
230
230
230
230
230
229
229
229
228
228
229
228
228
228
228
227
227
225
224
224
224
224
224
223
223
223
223
222
222
222
221
221
221
221
220
220
221
221
220
220
220
220
220
216
216
216
216
216
215
215
215
215
215
214
213
213
213
213
213
212
212
212
212
212
212
211
211
212
211
211
211
211
211
211
207
207
207
206
206
206
206
206
205
205
205
204
204
204
203
203
203
203
203
203
202
202
202
202
202
201
201
202
202
201
201
201
201
197
197
197
196
196
196
196
196
196
195
195
195
194
194
194
193
193
193
193
193
193
192
192
192
192
192
191
191
191
191
192
191
191
191
191
191
191
186
186
186
186
186
185
185
185
185
185
185
184
183
183
183
183
183
183
182
182
182
182
182
182
181
181
181
181
181
181
181
181
181
181
181
181
180
175
175
175
175
175
175
175
174
174
174
174
173
173
172
172
172
171
171
171
171
171
171
171
170
170
170
170
170
169
169
170
170
170
170
169
169
169
165
165
165
164
164
164
164
164
164
164
163
162
162
162
162
162
162
161
161
161
161
161
161
161
160
160
160
160
160
161
161
160
160
160
160
160
155
155
155
155
155
155
155
154
154
154
154
153
153
153
153
152
152
152
152
152
152
152
151
151
151
151
152
152
152
152
151
151
151
147
147
147
146
146
146
146
146
146
146
145
146
145
144
144
144
144
144
144
144
144
143
143
144
144
144
144
144
144
143
139
139
139
139
139
139
138
138
138
138
138
138
137
137
136
136
136
136
136
138
138
138
137
137
137
137
129
128
128
128
128
128
128
128
128
128
127
125
125
126
126
126
127
127
127
126
122
122
122
118
118
118
119
118
120
119
119
120
119
115
114
110
110
110
105
105
105
105
105
105
104
104
104
103
103
103
102
101
101
101
101
101
101
101
101
101
101
101
100
100
100
100
100
99.9
99.9
99.8
99.7
99.6
99.5
99.4
99.3
99.2
99.1
99
98.9
98.9
98.8
98.7
98.6
98.5
98.4
98.3
98.2
98.1
98
97.9
97.8
97.8
97.7
97.6
97.5
97.4
97.3
97.2
97.1
97
96.9
96.9
96.8
96.7
96.6
96.5
96.4
96.3
96.2
96.2
96.1
96
95.9
95.8
95.7
95.6
95.5
95.4
95.4
95.3
95.2
95.1
95
94.9
94.8
94.8
94.7
94.6
94.5
94.4
94.3
94.3
94.2
94.1
94
93.9
93.8
93.7
93.6
93.6
93.5
93.4
93.3
93.2
93.1
93
92.9
92.9
92.8
92.7
92.6
92.5
92.4
92.3
92.3
92.2
92.1
92
91.9
91.8
91.7
91.7
91.6
91.5
91.4
91.3
91.3
91.2
91.1
91
90.9
90.8
90.7
90.7
90.6
90.5
90.4
90.3
90.2
90.2
90.1
90
89.9
89.8
89.7
89.7
89.6
89.5
89.4
89.3
89.2
89.2
89.1
89
88.9
88.8
88.8
88.7
88.6
88.5
88.4
88.3
88.3
88.2
88.1
88
87.9
87.9
87.8
87.7
87.6
87.5
87.4
87.4
87.3
87.2
87.1
87
87
86.9
86.8
86.7
86.6
86.6
86.5
86.4
86.3
86.2
86.2
86.1
86
85.9
85.8
85.8
85.7
85.6
85.5
85.4
85.4
85.3
85.2
85.1
85.1
85
84.9
84.8
84.7
84.7
84.6
84.5
84.4
84.3
84.3
84.2
84.1
84
84
83.9
83.8
83.7
83.7
83.6
83.5
83.4
83.3
83.3
83.2
83.1
83
83
82.9
82.8
82.7
82.6
82.6
82.5
82.4
82.3
82.3
82.2
82.1
82
82
81.9
81.8
81.7
81.7
81.6
81.5
81.4
81.4
81.3
81.2
81.1
81.1
81
80.9
80.8
80.8
80.7
80.6
80.5
80.5
80.4
80.3
80.2
80.2
80.1
80
79.9
79.9
79.8
79.7
79.6
79.6
79.5
79.4
79.3
79.3
79.2
79.1
79.1
79
78.9
78.8
78.8
78.7
78.6
78.5
78.5
78.4
78.3
78.3
78.2
78.1
78
78
77.9
77.8
77.7
77.7
77.6
77.5
77.5
77.4
77.3
77.2
77.2
77.1
77
77
76.9
76.8
76.8
76.7
76.6
76.5
76.5
76.4
76.3
76.3
76.2
76.1
76
76
75.9
75.8
75.8
75.7
75.6
75.5
75.5
75.4
75.3
75.3
75.2
75.1
75.1
75
74.9
74.9
74.8
74.7
74.7
74.6
74.5
74.4
74.4
74.3
74.2
74.2
74.1
74
74
73.9
73.8
73.8
73.7
73.6
73.5
73.5
73.4
73.3
73.3
73.2
73.1
73.1
73
72.9
72.9
72.8
72.7
72.7
72.6
72.7
72.6
72.6
72.5
72.4
72.4
72.3
71.5
71.4
71.4
71.3
71.2
71.2
71.1
71
71
70.9
70.8
70.8
70.7
70.5
70.4
70.3
70.3
70.2
70.2
70.1
70
70
69.9
69.8
69.8
69.7
69.6
69.6
69.5
69.4
69.4
69.3
69.2
69.2
69.1
69
69
68.9
68.9
68.8
68.7
68.7
68.6
68.5
68.5
68.4
68.4
68.3
68.2
68.2
68.1
68
68
67.9
67.8
67.8
67.7
67.7
67.6
67.5
67.5
67.4
67.3
67.3
67.2
67.2
67.1
67
67
66.9
66.8
66.8
66.7
66.6
66.6
66.5
66.5
66.5
66.4
66.3
66.3
66.2
66.2
66.1
66
66
65.9
65.8
65.8
65.7
65.7
65.6
65.6
65.5
65.4
65.4
65.3
65.3
65.2
65.1
65.1
65
64.9
64.9
64.8
64.8
64.7
64.6
64.6
64.5
64.5
64.4
64.4
64.3
64.2
64.2
64.1
64.1
64
63.9
63.9
63.8
63.8
63.7
63.6
63.6
63.5
63.5
63.4
63.3
63.3
63.2
63.2
63.1
63
63
62.9
62.9
62.8
62.8
62.7
62.6
62.6
62.5
62.5
62.4
62.3
62.3
62.2
62.2
62.1
62.1
62
62
61.9
61.8
61.8
61.7
61.7
61.6
61.5
61.5
61.4
61.4
61.3
61.3
61.2
61.1
61.1
61
61
60.9
60.9
60.8
60.7
60.7
60.6
60.6
60.5
60.5
60.4
60.4
60.3
60.3
60.2
60.1
60.1
60
60
59.9
59.9
59.8
59.7
59.7
59.6
59.6
59.5
59.5
59.4
59.4
59.3
59.2
59.2
59.1
59.1
59
59
58.9
58.9
58.8
58.7
58.7
58.7
58.6
58.5
58.5
58.4
58.4
58.3
58.3
58.2
58.2
58.1
58.1
58
57.9
57.9
57.8
57.8
57.7
57.7
57.6
57.6
57.5
57.5
57.4
57.3
57.3
57.2
57.2
57.1
57.1
57
57
56.9
56.9
56.8
56.8
56.7
56.7
56.6
56.6
56.5
56.5
56.4
56.4
56.3
56.2
56.2
56.1
56.1
56
56
55.9
55.9
55.8
55.8
55.7
55.7
55.6
55.6
55.5
55.5
55.4
55.4
55.3
55.3
55.2
55.2
55.1
55.1
55
55
54.9
54.9
54.8
54.8
54.7
54.6
54.6
54.5
54.5
54.4
54.4
54.4
54.3
54.3
54.2
54.2
54.1
54.1
54
53.8
53.8
53.7
53.7
53.6
53.7
53.6
53.6
53.5
53.5
53.4
53.4
53
53
52.9
52.9
52.8
52.8
52.7
52.7
52.6
52.6
52.5
52.5
52.4
52.4
52.4
52.3
52.3
52.2
52.2
52.1
52.1
51.7
51.6
51.6
51.5
51.5
51.4
51.4
51.3
51.3
51.2
51.2
51.1
51.1
51
50.9
50.9
50.8
50.8
50.7
50.7
50.6
50.7
50.6
50.6
50.5
50.5
50.4
50.4
49.9
49.8
49.8
49.8
49.7
49.7
49.6
49.6
49.5
49.5
49.4
49.4
49.3
49.2
49.1
49.1
49
49
49
48.9
48.9
48.8
48.8
48.7
48.7
48.6
48.6
48.5
48.6
48.6
48.5
48.5
48.4
48.4
48.4
47.8
47.7
47.7
47.6
47.6
47.5
47.5
47.4
47.4
47.4
47.3
47.3
47.2
47.1
47
47
46.9
46.9
46.8
46.8
46.7
46.7
46.7
46.6
46.6
46.5
46.5
46.4
46.4
46.4
46.3
46.3
46.2
46.2
46.3
46.2
46.2
46.2
46.1
46.1
46
45.4
45.3
45.3
45.2
45.2
45.1
45.1
45.1
45
45
44.9
44.9
44.8
44.7
44.6
44.6
44.5
44.5
44.4
44.4
44.4
44.3
44.3
44.2
44.2
44.2
44.1
44.1
44
44
44
43.9
43.9
43.8
43.8
43.8
43.7
43.7
43.8
43.7
43.7
43.7
43.6
43.6
43.5
43.5
42.8
42.7
42.7
42.7
42.6
42.6
42.5
42.5
42.5
42.4
42.4
42.3
42.3
42.1
42.1
42
42
42
41.9
41.9
41.8
41.8
41.8
41.7
41.7
41.6
41.6
41.6
41.5
41.5
41.5
41.4
41.4
41.3
41.3
41.3
41.2
41.2
41.2
41.1
41.1
41
41.2
41.1
41.1
41
41
41
40.9
40.2
40.1
40.1
40
40
40
39.9
39.9
39.9
39.8
39.8
39.7
39.7
39.7
39.5
39.4
39.4
39.4
39.3
39.3
39.3
39.2
39.2
39.2
39.1
39.1
39
39
39
38.9
38.9
38.9
38.8
38.8
38.8
38.7
38.7
38.6
38.6
38.6
38.5
38.5
38.5
38.4
38.4
38.5
38.5
38.5
38.4
38.4
38.4
38.3
37.4
37.4
37.4
37.3
37.3
37.2
37.2
37.2
37.1
37.1
37.1
37
37
36.8
36.8
36.8
36.7
36.7
36.7
36.6
36.5
36.5
36.5
36.4
36.4
36.4
36.3
36.3
36.3
36.2
36.2
36.2
36.1
36.1
36
36
36
35.9
35.9
35.9
35.8
35.8
35.8
35.7
35.7
35.7
35.8
35.8
35.8
35.7
35.7
35.7
35.6
34.9
34.8
34.8
34.8
34.7
34.7
34.7
34.6
34.6
34.6
34.7
34.6
34.6
34.6
34.4
34.3
34.3
34.3
33.8
33.8
33.7
33.7
33.7
33.6
33.6
33.6
33.5
33.5
33.5
33.4
33.4
33.4
33.2
33.2
33.2
33.1
33.1
33.1
33
33
33
33
32.9
32.9
32.9
33
33
32.9
32.9
32.9
32.9
32.8
32.8
32.1
32
32
32
31.9
31.9
31.9
31.9
31.8
31.8
31.8
31.7
31.7
31.7
31.5
31.5
31.4
31.4
31.4
31.3
31.3
31.3
31.3
31.2
31.2
31.2
31.1
31.1
31.1
31.1
31
31
31
30.9
30.9
30.9
30.9
30.8
30.8
30.8
30.7
30.7
30.7
30.7
30.8
30.8
30.7
30.7
30.7
30.7
30.6
30.6
29.9
29.9
29.8
29.8
29.8
29.7
29.7
29.7
29.7
29.6
29.6
29.6
29.5
29.4
29.3
29.3
29.3
29.3
29.2
29.2
29.2
29.2
29.1
29.1
29.1
29
29
29
29
28.9
28.9
28.9
28.9
28.8
28.8
28.8
28.7
28.7
28.7
28.7
28.6
28.8
28.8
28.7
28.7
28.7
28.6
28.6
28.6
27.9
27.9
27.8
27.8
27.8
27.8
27.7
27.7
27.7
27.7
27.6
27.6
27.6
27.4
27.4
27.4
27.3
27.3
27.3
27.3
27.2
27.2
27.2
27.2
27.1
27.1
27.1
27.1
27
27
27
27
26.9
26.9
26.9
26.9
26.8
27
27
26.9
26.9
26.9
26.9
26.8
26.8
26.1
26.1
26.1
26.1
26
26
26
26
25.9
25.9
25.9
25.9
25.8
25.7
25.6
25.6
25.6
25.6
25.5
25.5
25.5
25.5
25.4
25.4
25.4
25.4
25.4
25.3
25.3
25.3
25.3
25.4
25.4
25.4
25.3
25.3
25.3
25.3
25.2
25.2
24.6
24.5
24.5
24.5
24.5
24.4
24.4
24.4
24.4
24.4
24.3
24.3
24.3
24.1
24.1
24.1
24.1
24
24
24
24
23.9
23.9
23.9
23.9
24
24
24
24
23.9
23.9
23.9
23.9
23.2
23.2
23.2
23.2
23.1
23.1
23.1
23.1
23.1
23
23
23
23
23
22.8
22.8
22.8
22.7
22.9
22.9
22.8
22.8
22.8
22.8
22.8
22.7
22.1
22.1
22.1
22.1
22
22
22
22
21.9
21.9
22.1
22.1
22.1
22.1
21.9
21.9
21.9
22
21.5
21.5
21.5
21.5
21.4
21.4
21.4
20.8
20.2
20.2
20.2
20.2
20.1
20.1
20
20
19.9
19.9
19.9
19.9
19.7
19.7
19.6
19.6
19.5
19.5
19.5
19.5
19.5
19.4
19.4
19.4
19.4
19.4
19.4
19.3
19.3
19.3
19.3
19.3
19.2
19.2
19.2
19.2
19.2
19.2
19.1
19.1
19.1
19.1
19.1
19
19
19
19
19
19
18.9
18.9
18.9
18.9
18.9
18.9
18.8
18.8
18.8
18.8
18.8
18.8
18.7
18.7
18.7
18.7
18.7
18.6
18.6
18.6
18.6
18.6
18.6
18.5
18.5
18.5
18.5
18.5
18.5
18.4
18.4
18.4
18.4
18.4
18.4
18.3
18.3
18.3
18.3
18.3
18.2
18.2
18.2
18.2
18.2
18.2
18.1
18.1
18.1
18.1
18.1
18.1
18
18
18
18
18
18
17.9
17.9
17.9
17.9
17.9
17.9
17.8
17.8
17.8
17.8
17.8
17.8
17.7
17.7
17.7
17.7
17.7
17.7
17.6
17.6
17.6
17.6
17.6
17.6
17.5
17.5
17.5
17.5
17.5
17.5
17.4
17.4
17.4
17.4
17.4
17.4
17.3
17.3
17.3
17.3
17.3
17.3
17.2
17.2
17.2
17.2
17.2
17.2
17.2
17.2
17.1
17.1
17.1
17.1
17.1
17.1
17
17
17
17
17
17
16.9
16.9
16.9
16.9
16.9
16.9
16.9
16.8
16.8
16.8
16.8
16.8
16.8
16.7
16.7
16.7
16.7
16.7
16.7
16.7
16.6
16.6
16.6
16.6
16.6
16.6
16.5
16.5
16.5
16.5
16.5
16.5
16.4
16.4
16.4
16.4
16.4
16.4
16.4
16.3
16.3
16.3
16.3
16.3
16.3
16.2
16.2
16.2
16.2
16.2
16.2
16.2
16.1
16.1
16.1
16.1
16.1
16.1
16.1
16
16
16
16
16
16
16
16
15.9
15.9
15.9
15.9
15.8
15.8
15.8
15.7
15.7
15.7
15.7
15.7
15.7
15.7
15.6
15.6
15.6
15.6
15.6
15.6
15.5
15.5
15.5
15.5
15.5
15.5
15.5
15.4
15.4
15.4
15.4
15.4
15.4
15.3
15.3
15.3
15.3
15.3
15.3
15.3
15.2
15.2
15.2
15.2
15.2
15.2
15.2
15.1
15.1
15.1
15.1
15.1
15.1
15.1
15.1
15
15
15
15
15
15
15
14.9
14.9
14.9
14.9
14.9
14.9
14.9
14.8
14.8
14.8
14.8
14.8
14.8
14.8
14.7
14.7
14.7
14.7
14.7
14.7
14.7
14.6
14.6
14.6
14.6
14.6
14.6
14.6
14.5
14.5
14.5
14.5
14.5
14.5
14.5
14.5
14.4
14.4
14.4
14.4
14.4
14.4
14.4
14.4
14.3
14.3
14.3
14.3
14.3
14.3
14.3
14.2
14.2
14.2
14.2
14.2
14.2
14.2
14.1
14.1
14.1
14.1
14.1
14.1
14.1
14.1
14
14
14
14
14
14
14
13.9
13.9
13.9
13.9
13.9
13.9
13.9
13.9
13.8
13.8
13.8
13.8
13.8
13.8
13.8
13.8
13.7
13.7
13.7
13.7
13.7
13.7
13.7
13.7
13.6
13.6
13.6
13.6
13.6
13.6
13.6
13.6
13.5
13.5
13.5
13.5
13.5
13.5
13.5
13.4
13.4
13.4
13.4
13.4
13.4
13.4
13.4
13.3
13.3
13.3
13.3
13.3
13.3
13.3
13.3
13.2
13.2
13.2
13.2
13.2
13.2
13.2
13.2
13.2
13.1
13.1
13.1
13.1
13.1
13.1
13.1
13.1
13
13
13
13
13
13
13
13
12.9
12.9
12.9
12.9
12.9
12.9
12.9
12.9
12.8
12.8
12.8
12.8
12.8
12.8
12.8
12.8
12.7
12.7
12.7
12.7
12.7
12.7
12.7
12.7
12.7
12.6
12.6
12.6
12.6
12.6
12.6
12.6
12.6
12.6
12.5
12.5
12.5
12.5
12.5
12.5
12.5
12.5
12.4
12.4
12.4
12.4
12.4
12.4
12.4
12.4
12.4
12.3
12.3
12.3
12.3
12.3
12.3
12.3
12.3
12.2
12.2
12.2
12.2
12.2
12.2
12.2
12.2
12.2
12.1
12.1
12.1
12.1
12.1
12.1
12.1
12.1
12.1
12
12
12
12
12
12
12
12
12
11.9
11.9
11.9
11.9
11.9
11.9
11.9
11.9
11.9
11.8
11.8
11.8
11.8
11.8
11.8
11.8
11.8
11.8
11.7
11.7
11.7
11.7
11.7
11.7
11.7
11.7
11.7
11.6
11.6
11.6
11.6
11.6
11.6
11.6
11.6
11.6
11.5
11.5
11.5
11.5
11.5
11.5
11.5
11.5
11.5
11.4
11.4
11.4
11.4
11.4
11.4
11.4
11.4
11.4
11.4
11.3
11.3
11.3
11.3
11.3
11.3
11.3
11.3
11.3
11.2
11.2
11.2
11.2
11.2
11.2
11.2
11.2
11.2
11.1
11.1
11.1
11.1
11.1
11.1
11.1
11.1
11.1
11.1
11
11
11
11
11
11
11
11
10.9
10.9
10.9
10.9
10.9
10.9
10.9
10.9
10.9
10.9
10.8
10.8
10.8
10.8
10.8
10.8
10.8
10.8
10.8
10.8
10.7
10.7
10.7
10.7
10.7
10.7
10.7
10.7
10.6
10.6
10.6
10.6
10.6
10.6
10.6
10.6
10.6
10.6
10.5
10.5
10.5
10.5
10.5
10.5
10.5
10.5
10.5
10.5
10.4
10.4
10.4
10.4
10.4
10.4
10.4
10.4
10.4
10.4
10.4
10.3
10.3
10.3
10.3
10.3
10.3
10.3
10.3
10.2
10.2
10.2
10.2
10.2
10.2
10.2
10.2
10.2
10.1
10.1
10.1
10.1
10.1
10.1
10.1
10.1
10.1
10.1
10.1
10
10
10
10
10
9.99
9.98
9.98
9.97
9.96
9.95
9.94
9.93
9.93
9.92
9.91
9.9
9.89
9.85
9.84
9.83
9.82
9.82
9.81
9.8
9.79
9.78
9.77
9.76
9.75
9.74
9.73
9.72
9.71
9.7
9.69
9.68
9.67
9.66
9.65
9.64
9.63
9.62
9.62
9.61
9.6
9.59
9.58
9.57
9.56
9.55
9.54
9.53
9.53
9.52
9.51
9.5
9.49
9.48
9.47
9.46
9.45
9.45
9.44
9.43
9.42
9.42
9.41
9.4
9.39
9.38
9.34
9.33
9.32
9.31
9.31
9.3
9.29
9.28
9.27
9.26
9.25
9.24
9.24
9.23
9.22
9.2
9.19
9.19
9.18
9.17
9.16
9.15
9.14
9.13
9.13
9.12
9.11
9.1
9.09
9.08
9.08
9.07
9.06
9.05
9.04
9.03
9.02
9.02
9.01
9
8.99
8.98
8.97
8.97
8.96
8.95
8.94
8.93
8.92
8.91
8.91
8.91
8.9
8.89
8.88
8.87
8.86
8.85
8.85
8.84
8.79
8.79
8.78
8.77
8.76
8.75
8.75
8.74
8.73
8.72
8.71
8.7
8.7
8.69
8.68
8.66
8.66
8.65
8.64
8.63
8.63
8.62
8.61
8.6
8.59
8.58
8.58
8.57
8.56
8.55
8.54
8.54
8.53
8.52
8.51
8.5
8.5
8.49
8.48
8.47
8.46
8.46
8.45
8.44
8.43
8.42
8.42
8.41
8.4
8.39
8.38
8.38
8.37
8.36
8.35
8.34
8.34
8.34
8.33
8.32
8.31
8.31
8.3
8.29
8.28
8.29
8.24
8.24
8.23
8.22
8.21
8.2
8.2
8.19
8.18
8.12
8.11
8.1
8.09
8.09
8.08
8.06
8.06
8.05
8.04
8.03
8.03
8.02
8.01
8
7.98
7.97
7.97
7.96
7.95
7.94
7.94
7.93
7.92
7.91
7.91
7.9
7.89
7.88
7.88
7.87
7.86
7.85
7.85
7.84
7.83
7.83
7.82
7.81
7.81
7.8
7.79
7.78
7.78
7.77
7.76
7.75
7.75
7.74
7.73
7.72
7.72
7.72
7.71
7.7
7.7
7.69
7.68
7.68
7.67
7.66
7.62
7.61
7.6
7.6
7.59
7.58
7.57
7.57
7.56
7.55
7.55
7.54
7.53
7.52
7.52
7.5
7.49
7.49
7.48
7.48
7.47
7.46
7.45
7.45
7.44
7.43
7.43
7.42
7.41
7.41
7.4
7.39
7.38
7.38
7.37
7.36
7.36
7.35
7.34
7.34
7.33
7.32
7.31
7.31
7.3
7.29
7.29
7.28
7.27
7.27
7.26
7.25
7.25
7.24
7.23
7.23
7.22
7.21
7.2
7.2
7.19
7.18
7.18
7.18
7.17
7.17
7.16
7.16
7.15
7.14
7.13
7.13
7.09
7.08
7.07
7.06
7.06
7.05
7.04
7.04
7.03
7.02
7.02
7.01
7
7
6.99
6.98
6.97
6.96
6.96
6.95
6.94
6.94
6.93
6.92
6.92
6.91
6.9
6.9
6.89
6.88
6.88
6.87
6.86
6.86
6.85
6.84
6.84
6.83
6.83
6.82
6.81
6.81
6.8
6.8
6.79
6.79
6.78
6.77
6.77
6.76
6.75
6.75
6.74
6.73
6.73
6.72
6.71
6.71
6.7
6.7
6.69
6.68
6.68
6.67
6.66
6.67
6.66
6.66
6.65
6.65
6.64
6.63
6.63
6.62
6.58
6.57
6.56
6.56
6.55
6.55
6.54
6.53
6.53
6.52
6.52
6.51
6.5
6.5
6.49
6.48
6.47
6.46
6.46
6.45
6.45
6.44
6.43
6.43
6.42
6.42
6.41
6.4
6.4
6.39
6.38
6.38
6.37
6.37
6.36
6.35
6.35
6.34
6.34
6.33
6.33
6.32
6.31
6.31
6.3
6.3
6.29
6.29
6.28
6.27
6.27
6.26
6.26
6.25
6.24
6.24
6.23
6.23
6.22
6.21
6.21
6.2
6.2
6.19
6.19
6.19
6.18
6.18
6.17
6.16
6.16
6.15
6.15
6.11
6.1
6.09
6.09
6.08
6.08
6.07
6.07
6.06
6.06
6.05
6.04
6.04
6.03
6.03
6.02
6.01
6
6
5.99
5.98
5.98
5.97
5.97
5.96
5.96
5.95
5.95
5.94
5.93
5.93
5.92
5.92
5.91
5.91
5.9
5.89
5.89
5.88
5.88
5.87
5.87
5.86
5.86
5.85
5.84
5.84
5.83
5.83
5.82
5.82
5.81
5.81
5.8
5.79
5.79
5.78
5.78
5.77
5.77
5.76
5.76
5.75
5.76
5.75
5.75
5.74
5.74
5.73
5.72
5.72
5.71
5.67
5.67
5.66
5.66
5.65
5.65
5.64
5.63
5.63
5.62
5.62
5.61
5.61
5.6
5.6
5.59
5.58
5.57
5.57
5.57
5.56
5.55
5.55
5.54
5.54
5.53
5.53
5.52
5.52
5.51
5.51
5.5
5.5
5.49
5.49
5.48
5.48
5.47
5.47
5.46
5.46
5.45
5.44
5.44
5.43
5.43
5.42
5.42
5.41
5.41
5.4
5.4
5.39
5.39
5.38
5.38
5.37
5.37
5.36
5.37
5.36
5.36
5.35
5.35
5.34
5.32
7.80E-03