1.98E+06
4.53E+06
7.32E+06
9.68E+06
1.11E+07
1.16E+07
1.13E+07
1.05E+07
9.46E+06
8.45E+06
7.55E+06
6.75E+06
6.06E+06
5.50E+06
5.00E+06
4.56E+06
4.13E+06
3.74E+06
3.38E+06
3.07E+06
2.81E+06
2.57E+06
2.37E+06
2.19E+06
2.02E+06
1.88E+06
1.75E+06
1.64E+06
1.53E+06
1.44E+06
1.36E+06
1.28E+06
1.21E+06
1.15E+06
1.09E+06
1.04E+06
9.93E+05
9.47E+05
9.05E+05
8.66E+05
8.30E+05
7.97E+05
7.65E+05
7.35E+05
7.07E+05
6.82E+05
6.58E+05
6.36E+05
6.15E+05
5.95E+05
5.77E+05
5.60E+05
5.43E+05
5.27E+05
5.13E+05
4.99E+05
4.86E+05
4.73E+05
4.61E+05
4.50E+05
4.39E+05
4.29E+05
4.19E+05
4.09E+05
4.00E+05
3.92E+05
3.84E+05
3.76E+05
3.69E+05
3.62E+05
3.55E+05
3.49E+05
3.43E+05
3.37E+05
3.31E+05
3.26E+05
3.20E+05
3.15E+05
3.10E+05
3.06E+05
3.01E+05
2.96E+05
2.92E+05
2.88E+05
2.84E+05
2.80E+05
2.76E+05
2.72E+05
2.69E+05
2.66E+05
2.64E+05
2.62E+05
2.61E+05
2.57E+05
2.55E+05
2.52E+05
2.50E+05
2.47E+05
2.44E+05
2.41E+05
2.39E+05
2.36E+05
2.34E+05
2.31E+05
2.29E+05
2.27E+05
2.24E+05
2.22E+05
2.20E+05
2.18E+05
2.16E+05
2.14E+05
2.13E+05
2.11E+05
2.09E+05
2.08E+05
2.06E+05
2.04E+05
2.03E+05
2.01E+05
2.00E+05
1.98E+05
1.97E+05
1.95E+05
1.94E+05
1.93E+05
1.91E+05
1.90E+05
1.89E+05
1.87E+05
1.86E+05
1.85E+05
1.84E+05
1.83E+05
1.82E+05
1.81E+05
1.80E+05
1.79E+05
1.78E+05
1.77E+05
1.76E+05
1.75E+05
1.74E+05
1.73E+05
1.72E+05
1.72E+05
1.71E+05
1.70E+05
1.69E+05
1.69E+05
1.68E+05
1.67E+05
1.66E+05
1.66E+05
1.65E+05
1.65E+05
1.64E+05
1.63E+05
1.63E+05
1.62E+05
1.61E+05
1.61E+05
1.60E+05
1.60E+05
1.59E+05
1.59E+05
1.58E+05
1.58E+05
1.57E+05
1.57E+05
1.56E+05
1.56E+05
1.55E+05
1.55E+05
1.55E+05
1.54E+05
1.54E+05
1.53E+05
1.53E+05
1.53E+05
1.52E+05
1.52E+05
1.52E+05
1.51E+05
1.51E+05
1.51E+05
1.52E+05
1.51E+05
1.51E+05
1.51E+05
1.50E+05
1.50E+05
1.50E+05
1.49E+05
1.49E+05
1.49E+05
1.48E+05
1.48E+05
1.48E+05
1.48E+05
1.47E+05
1.47E+05
1.47E+05
1.47E+05
1.46E+05
1.46E+05
1.46E+05
1.46E+05
1.45E+05
1.45E+05
1.45E+05
1.45E+05
1.44E+05
1.44E+05
1.44E+05
1.44E+05
1.44E+05
1.43E+05
1.43E+05
1.43E+05
1.43E+05
1.43E+05
1.43E+05
1.42E+05
1.42E+05
1.42E+05
1.42E+05
1.42E+05
1.42E+05
1.42E+05
1.42E+05
1.42E+05
1.41E+05
1.41E+05
1.41E+05
1.41E+05
1.41E+05
1.41E+05
1.41E+05
1.41E+05
1.41E+05
1.41E+05
1.41E+05
1.41E+05
1.41E+05
1.41E+05
1.41E+05
1.41E+05
1.41E+05
1.41E+05
1.41E+05
1.41E+05
1.40E+05
1.40E+05
1.40E+05
1.40E+05
1.40E+05
1.40E+05
1.40E+05
1.40E+05
1.40E+05
1.40E+05
1.40E+05
1.40E+05
1.40E+05
1.40E+05
1.40E+05
1.40E+05
1.40E+05
1.40E+05
1.40E+05
1.40E+05
1.40E+05
1.40E+05
1.41E+05
1.41E+05
1.41E+05
1.41E+05
1.41E+05
1.41E+05
1.41E+05
1.41E+05
1.41E+05
1.41E+05
1.41E+05
1.41E+05
1.41E+05
1.41E+05
1.41E+05
1.41E+05
1.41E+05
1.42E+05
1.42E+05
1.42E+05
1.42E+05
1.42E+05
1.42E+05
1.42E+05
1.42E+05
1.43E+05
1.43E+05
1.43E+05
1.43E+05
1.43E+05
1.43E+05
1.43E+05
1.44E+05
1.44E+05
1.44E+05
1.44E+05
1.44E+05
1.45E+05
1.45E+05
1.45E+05
1.45E+05
1.45E+05
1.45E+05
1.45E+05
1.45E+05
1.46E+05
1.46E+05
1.46E+05
1.46E+05
1.46E+05
1.46E+05
1.46E+05
1.47E+05
1.47E+05
1.47E+05
1.47E+05
1.47E+05
1.47E+05
1.48E+05
1.48E+05
1.48E+05
1.48E+05
1.48E+05
1.49E+05
1.49E+05
1.49E+05
1.49E+05
1.49E+05
1.50E+05
1.50E+05
1.50E+05
1.50E+05
1.50E+05
1.51E+05
1.51E+05
1.51E+05
1.51E+05
1.51E+05
1.52E+05
1.52E+05
1.52E+05
1.52E+05
1.53E+05
1.53E+05
1.53E+05
1.53E+05
1.53E+05
1.54E+05
1.54E+05
1.54E+05
1.54E+05
1.55E+05
1.55E+05
1.55E+05
1.56E+05
1.56E+05
1.56E+05
1.56E+05
1.57E+05
1.57E+05
1.57E+05
1.58E+05
1.58E+05
1.58E+05
1.58E+05
1.59E+05
1.59E+05
1.59E+05
1.59E+05
1.60E+05
1.60E+05
1.60E+05
1.61E+05
1.61E+05
1.61E+05
1.62E+05
1.62E+05
1.62E+05
1.63E+05
1.63E+05
1.63E+05
1.63E+05
1.64E+05
1.64E+05
1.64E+05
1.65E+05
1.65E+05
1.65E+05
1.66E+05
1.66E+05
1.66E+05
1.67E+05
1.67E+05
1.67E+05
1.68E+05
1.68E+05
1.68E+05
1.69E+05
1.69E+05
1.70E+05
1.70E+05
1.70E+05
1.71E+05
1.71E+05
1.71E+05
1.72E+05
1.72E+05
1.72E+05
1.73E+05
1.73E+05
1.74E+05
1.74E+05
1.74E+05
1.75E+05
1.75E+05
1.76E+05
1.76E+05
1.76E+05
1.77E+05
1.77E+05
1.78E+05
1.78E+05
1.78E+05
1.79E+05
1.79E+05
1.80E+05
1.80E+05
1.80E+05
1.81E+05
1.81E+05
1.82E+05
1.82E+05
1.83E+05
1.83E+05
1.83E+05
1.84E+05
1.84E+05
1.85E+05
1.85E+05
1.86E+05
1.86E+05
1.87E+05
1.87E+05
1.88E+05
1.88E+05
1.88E+05
1.89E+05
1.89E+05
1.90E+05
1.90E+05
1.91E+05
1.91E+05
1.92E+05
1.92E+05
1.93E+05
1.93E+05
1.94E+05
1.94E+05
1.95E+05
1.95E+05
1.96E+05
1.96E+05
1.97E+05
1.97E+05
1.98E+05
1.98E+05
1.99E+05
1.99E+05
2.00E+05
2.00E+05
2.01E+05
2.01E+05
2.02E+05
2.02E+05
2.03E+05
2.04E+05
2.04E+05
2.05E+05
2.05E+05
2.06E+05
2.06E+05
2.07E+05
2.07E+05
2.08E+05
2.09E+05
2.09E+05
2.10E+05
2.10E+05
2.11E+05
2.11E+05
2.12E+05
2.13E+05
2.13E+05
2.14E+05
2.14E+05
2.15E+05
2.16E+05
2.16E+05
2.17E+05
2.18E+05
2.18E+05
2.19E+05
2.19E+05
2.20E+05
2.21E+05
2.21E+05
2.22E+05
2.23E+05
2.23E+05
2.24E+05
2.25E+05
2.25E+05
2.26E+05
2.27E+05
2.27E+05
2.28E+05
2.29E+05
2.29E+05
2.30E+05
2.31E+05
2.31E+05
2.32E+05
2.33E+05
2.34E+05
2.34E+05
2.35E+05
2.36E+05
2.36E+05
2.37E+05
2.38E+05
2.39E+05
2.39E+05
2.40E+05
2.41E+05
2.42E+05
2.43E+05
2.43E+05
2.44E+05
2.45E+05
2.46E+05
2.46E+05
2.47E+05
2.48E+05
2.49E+05
2.50E+05
2.51E+05
2.51E+05
2.52E+05
2.53E+05
2.54E+05
2.55E+05
2.56E+05
2.57E+05
2.58E+05
2.58E+05
2.59E+05
2.60E+05
2.61E+05
2.62E+05
2.63E+05
2.64E+05
2.65E+05
2.66E+05
2.67E+05
2.68E+05
2.69E+05
2.70E+05
2.71E+05
2.72E+05
2.72E+05
2.73E+05
2.74E+05
2.75E+05
2.77E+05
2.77E+05
2.78E+05
2.79E+05
2.80E+05
2.81E+05
2.83E+05
2.84E+05
2.86E+05
2.88E+05
2.90E+05
2.93E+05
2.99E+05
3.14E+05
3.14E+05
3.14E+05
3.14E+05
3.14E+05
3.14E+05
3.13E+05
3.13E+05
3.13E+05
3.13E+05
3.13E+05
3.13E+05
3.13E+05
3.13E+05
3.13E+05
3.13E+05
3.13E+05
3.13E+05
3.13E+05
3.13E+05
3.13E+05
3.13E+05
3.13E+05
3.13E+05
3.13E+05
3.12E+05
3.12E+05
3.12E+05
3.12E+05
3.12E+05
3.12E+05
3.12E+05
3.12E+05
3.12E+05
3.12E+05
3.12E+05
3.12E+05
3.12E+05
3.12E+05
3.11E+05
3.11E+05
3.10E+05
3.10E+05
3.10E+05
3.10E+05
3.10E+05
3.10E+05
3.10E+05
3.10E+05
3.10E+05
3.10E+05
3.10E+05
3.10E+05
3.10E+05
3.10E+05
3.10E+05
3.10E+05
3.10E+05
3.10E+05
3.10E+05
3.10E+05
3.10E+05
3.09E+05
3.09E+05
3.09E+05
3.09E+05
3.09E+05
3.09E+05
3.09E+05
3.09E+05
3.09E+05
3.09E+05
3.09E+05
3.09E+05
3.09E+05
3.09E+05
3.09E+05
3.09E+05
3.09E+05
3.09E+05
3.09E+05
3.09E+05
3.09E+05
3.09E+05
3.09E+05
3.09E+05
3.09E+05
3.09E+05
3.09E+05
3.09E+05
3.08E+05
3.08E+05
3.08E+05
3.08E+05
3.08E+05
3.08E+05
3.08E+05
3.08E+05
3.08E+05
3.08E+05
3.08E+05
3.08E+05
3.08E+05
3.07E+05
3.07E+05
3.07E+05
3.07E+05
3.07E+05
3.07E+05
3.07E+05
3.07E+05
3.06E+05
3.06E+05
3.06E+05
3.06E+05
3.06E+05
3.06E+05
3.06E+05
3.05E+05
3.05E+05
3.05E+05
3.05E+05
3.05E+05
3.05E+05
3.05E+05
3.05E+05
3.05E+05
3.05E+05
3.05E+05
3.05E+05
3.04E+05
3.04E+05
3.04E+05
3.04E+05
3.04E+05
3.04E+05
3.04E+05
3.04E+05
3.04E+05
3.04E+05
3.03E+05
3.03E+05
3.03E+05
3.03E+05
3.03E+05
3.03E+05
3.03E+05
3.03E+05
3.03E+05
3.03E+05
3.03E+05
3.03E+05
3.02E+05
3.02E+05
3.02E+05
3.02E+05
3.02E+05
3.02E+05
3.02E+05
3.02E+05
3.02E+05
3.02E+05
3.02E+05
3.01E+05
3.01E+05
3.01E+05
3.01E+05
3.01E+05
3.01E+05
3.01E+05
3.01E+05
3.01E+05
3.01E+05
3.01E+05
3.00E+05
3.00E+05
3.00E+05
3.00E+05
3.00E+05
3.00E+05
2.99E+05
2.99E+05
2.99E+05
2.99E+05
2.99E+05
2.99E+05
2.99E+05
2.99E+05
2.99E+05
2.99E+05
2.99E+05
2.98E+05
2.98E+05
2.98E+05
2.98E+05
2.98E+05
2.98E+05
2.98E+05
2.98E+05
2.98E+05
2.98E+05
2.98E+05
2.97E+05
2.97E+05
2.97E+05
2.97E+05
2.97E+05
2.97E+05
2.97E+05
2.97E+05
2.97E+05
2.97E+05
2.96E+05
2.96E+05
2.96E+05
2.96E+05
2.96E+05
2.96E+05
2.96E+05
2.96E+05
2.96E+05
2.95E+05
2.95E+05
2.95E+05
2.95E+05
2.95E+05
2.95E+05
2.95E+05
2.95E+05
2.95E+05
2.94E+05
2.94E+05
2.94E+05
2.94E+05
2.94E+05
2.94E+05
2.94E+05
2.93E+05
2.93E+05
2.93E+05
2.93E+05
2.93E+05
2.93E+05
2.93E+05
2.93E+05
2.93E+05
2.92E+05
2.92E+05
2.92E+05
2.92E+05
2.92E+05
2.92E+05
2.92E+05
2.91E+05
2.91E+05
2.91E+05
2.91E+05
2.91E+05
2.91E+05
2.91E+05
2.91E+05
2.90E+05
2.90E+05
2.90E+05
2.90E+05
2.90E+05
2.89E+05
2.89E+05
2.89E+05
2.89E+05
2.89E+05
2.89E+05
2.88E+05
2.88E+05
2.88E+05
2.88E+05
2.88E+05
2.88E+05
2.88E+05
2.88E+05
2.87E+05
2.87E+05
2.87E+05
2.87E+05
2.87E+05
2.87E+05
2.87E+05
2.86E+05
2.86E+05
2.86E+05
2.86E+05
2.86E+05
2.86E+05
2.86E+05
2.85E+05
2.85E+05
2.85E+05
2.85E+05
2.85E+05
2.85E+05
2.85E+05
2.85E+05
2.84E+05
2.84E+05
2.84E+05
2.84E+05
2.84E+05
2.84E+05
2.84E+05
2.84E+05
2.83E+05
2.83E+05
2.83E+05
2.83E+05
2.83E+05
2.83E+05
2.83E+05
2.83E+05
2.82E+05
2.82E+05
2.82E+05
2.82E+05
2.82E+05
2.82E+05
2.82E+05
2.81E+05
2.81E+05
2.81E+05
2.81E+05
2.81E+05
2.81E+05
2.81E+05
2.80E+05
2.80E+05
2.80E+05
2.80E+05
2.80E+05
2.79E+05
2.79E+05
2.79E+05
2.79E+05
2.79E+05
2.78E+05
2.78E+05
2.78E+05
2.78E+05
2.78E+05
2.78E+05
2.78E+05
2.77E+05
2.77E+05
2.77E+05
2.77E+05
2.77E+05
2.77E+05
2.77E+05
2.76E+05
2.76E+05
2.76E+05
2.76E+05
2.76E+05
2.76E+05
2.76E+05
2.75E+05
2.75E+05
2.75E+05
2.75E+05
2.75E+05
2.75E+05
2.75E+05
2.74E+05
2.74E+05
2.74E+05
2.74E+05
2.74E+05
2.73E+05
2.73E+05
2.73E+05
2.73E+05
2.73E+05
2.73E+05
2.72E+05
2.72E+05
2.72E+05
2.72E+05
2.72E+05
2.72E+05
2.72E+05
2.71E+05
2.71E+05
2.71E+05
2.71E+05
2.71E+05
2.71E+05
2.71E+05
2.70E+05
2.70E+05
2.70E+05
2.70E+05
2.70E+05
2.70E+05
2.70E+05
2.69E+05
2.69E+05
2.69E+05
2.69E+05
2.68E+05
2.68E+05
2.68E+05
2.68E+05
2.68E+05
2.67E+05
2.67E+05
2.67E+05
2.67E+05
2.67E+05
2.67E+05
2.67E+05
2.66E+05
2.66E+05
2.66E+05
2.66E+05
2.66E+05
2.66E+05
2.65E+05
2.65E+05
2.65E+05
2.65E+05
2.65E+05
2.65E+05
2.64E+05
2.64E+05
2.64E+05
2.64E+05
2.64E+05
2.64E+05
2.64E+05
2.63E+05
2.63E+05
2.63E+05
2.63E+05
2.63E+05
2.63E+05
2.62E+05
2.62E+05
2.62E+05
2.62E+05
2.62E+05
2.61E+05
2.61E+05
2.61E+05
2.61E+05
2.61E+05
2.61E+05
2.60E+05
2.60E+05
2.60E+05
2.60E+05
2.60E+05
2.60E+05
2.59E+05
2.59E+05
2.59E+05
2.59E+05
2.59E+05
2.59E+05
2.58E+05
2.58E+05
2.58E+05
2.58E+05
2.58E+05
2.57E+05
2.57E+05
2.57E+05
2.57E+05
2.57E+05
2.56E+05
2.56E+05
2.56E+05
2.56E+05
2.56E+05
2.56E+05
2.55E+05
2.55E+05
2.55E+05
2.55E+05
2.55E+05
2.55E+05
2.54E+05
2.54E+05
2.54E+05
2.54E+05
2.54E+05
2.54E+05
2.53E+05
2.53E+05
2.53E+05
2.53E+05
2.53E+05
2.52E+05
2.52E+05
2.52E+05
2.52E+05
2.52E+05
2.52E+05
2.51E+05
2.51E+05
2.51E+05
2.51E+05
2.51E+05
2.51E+05
2.50E+05
2.50E+05
2.50E+05
2.50E+05
2.50E+05
2.49E+05
2.49E+05
2.49E+05
2.49E+05
2.49E+05
2.48E+05
2.48E+05
2.48E+05
2.48E+05
2.48E+05
2.48E+05
2.47E+05
2.47E+05
2.47E+05
2.47E+05
2.47E+05
2.46E+05
2.46E+05
2.46E+05
2.46E+05
2.46E+05
2.46E+05
2.45E+05
2.45E+05
2.45E+05
2.44E+05
2.44E+05
2.44E+05
2.44E+05
2.44E+05
2.44E+05
2.43E+05
2.43E+05
2.43E+05
2.43E+05
2.43E+05
2.42E+05
2.42E+05
2.42E+05
2.42E+05
2.42E+05
2.42E+05
2.41E+05
2.41E+05
2.41E+05
2.41E+05
2.41E+05
2.41E+05
2.40E+05
2.40E+05
2.40E+05
2.40E+05
2.40E+05
2.39E+05
2.39E+05
2.39E+05
2.39E+05
2.39E+05
2.38E+05
2.38E+05
2.38E+05
2.38E+05
2.38E+05
2.38E+05
2.37E+05
2.37E+05
2.37E+05
2.37E+05
2.37E+05
2.36E+05
2.36E+05
2.36E+05
2.36E+05
2.36E+05
2.36E+05
2.35E+05
2.35E+05
2.35E+05
2.35E+05
2.35E+05
2.34E+05
2.34E+05
2.34E+05
2.33E+05
2.33E+05
2.33E+05
2.33E+05
2.33E+05
2.32E+05
2.32E+05
2.32E+05
2.32E+05
2.32E+05
2.32E+05
2.31E+05
2.31E+05
2.31E+05
2.31E+05
2.30E+05
2.30E+05
2.30E+05
2.30E+05
2.30E+05
2.29E+05
2.29E+05
2.29E+05
2.29E+05
2.29E+05
2.29E+05
2.28E+05
2.28E+05
2.28E+05
2.28E+05
2.28E+05
2.28E+05
2.27E+05
2.27E+05
2.27E+05
2.27E+05
2.27E+05
2.27E+05
2.26E+05
2.26E+05
2.26E+05
2.26E+05
2.26E+05
2.26E+05
2.25E+05
2.25E+05
2.25E+05
2.25E+05
2.25E+05
2.25E+05
2.24E+05
2.24E+05
2.24E+05
2.24E+05
2.24E+05
2.23E+05
2.23E+05
2.23E+05
2.23E+05
2.23E+05
2.23E+05
2.22E+05
2.22E+05
2.22E+05
2.22E+05
2.22E+05
2.22E+05
2.21E+05
2.21E+05
2.21E+05
2.21E+05
2.21E+05
2.21E+05
2.20E+05
2.20E+05
2.20E+05
2.20E+05
2.20E+05
2.19E+05
2.19E+05
2.19E+05
2.19E+05
2.19E+05
2.18E+05
2.18E+05
2.18E+05
2.18E+05
2.18E+05
2.17E+05
2.17E+05
2.17E+05
2.17E+05
2.17E+05
2.17E+05
2.16E+05
2.16E+05
2.16E+05
2.16E+05
2.16E+05
2.16E+05
2.15E+05
2.15E+05
2.15E+05
2.15E+05
2.15E+05
2.15E+05
2.14E+05
2.14E+05
2.14E+05
2.14E+05
2.14E+05
2.13E+05
2.13E+05
2.13E+05
2.13E+05
2.12E+05
2.12E+05
2.12E+05
2.12E+05
2.11E+05
2.11E+05
2.11E+05
2.11E+05
2.11E+05
2.11E+05
2.10E+05
2.10E+05
2.10E+05
2.10E+05
2.10E+05
2.10E+05
2.10E+05
2.09E+05
2.09E+05
2.09E+05
2.09E+05
2.09E+05
2.09E+05
2.08E+05
2.08E+05
2.08E+05
2.08E+05
2.08E+05
2.08E+05
2.07E+05
2.07E+05
2.07E+05
2.07E+05
2.07E+05
2.06E+05
2.06E+05
2.06E+05
2.06E+05
2.06E+05
2.06E+05
2.05E+05
2.05E+05
2.05E+05
2.05E+05
2.05E+05
2.05E+05
2.05E+05
2.04E+05
2.04E+05
2.04E+05
2.04E+05
2.04E+05
2.04E+05
2.03E+05
2.03E+05
2.03E+05
2.03E+05
2.03E+05
2.03E+05
2.02E+05
2.02E+05
2.02E+05
2.02E+05
2.02E+05
2.02E+05
2.01E+05
2.01E+05
2.01E+05
2.01E+05
2.01E+05
2.01E+05
2.01E+05
2.00E+05
2.00E+05
2.00E+05
2.00E+05
2.00E+05
2.00E+05
1.99E+05
1.99E+05
1.99E+05
1.99E+05
1.99E+05
1.99E+05
1.98E+05
1.98E+05
1.98E+05
1.98E+05
1.98E+05
1.97E+05
1.97E+05
1.97E+05
1.97E+05
1.97E+05
1.97E+05
1.96E+05
1.96E+05
1.96E+05
1.96E+05
1.96E+05
1.96E+05
1.95E+05
1.95E+05
1.95E+05
1.95E+05
1.95E+05
1.95E+05
1.94E+05
1.94E+05
1.94E+05
1.94E+05
1.94E+05
1.93E+05
1.93E+05
1.93E+05
1.93E+05
1.93E+05
1.93E+05
1.92E+05
1.92E+05
1.92E+05
1.92E+05
1.92E+05
1.91E+05
1.91E+05
1.91E+05
1.90E+05
1.90E+05
1.90E+05
1.90E+05
1.90E+05
1.90E+05
1.89E+05
1.89E+05
1.89E+05
1.89E+05
1.89E+05
1.88E+05
1.88E+05
1.88E+05
1.88E+05
1.88E+05
1.88E+05
1.88E+05
1.87E+05
1.87E+05
1.87E+05
1.87E+05
1.87E+05
1.86E+05
1.86E+05
1.86E+05
1.86E+05
1.86E+05
1.86E+05
1.85E+05
1.85E+05
1.85E+05
1.85E+05
1.85E+05
1.85E+05
1.84E+05
1.84E+05
1.84E+05
1.84E+05
1.84E+05
1.84E+05
1.84E+05
1.83E+05
1.83E+05
1.83E+05
1.83E+05
1.83E+05
1.83E+05
1.83E+05
1.82E+05
1.82E+05
1.82E+05
1.82E+05
1.82E+05
1.82E+05
1.81E+05
1.81E+05
1.81E+05
1.81E+05
1.81E+05
1.81E+05
1.80E+05
1.80E+05
1.80E+05
1.80E+05
1.80E+05
1.80E+05
1.80E+05
1.79E+05
1.79E+05
1.79E+05
1.79E+05
1.79E+05
1.79E+05
1.78E+05
1.78E+05
1.78E+05
1.78E+05
1.78E+05
1.78E+05
1.78E+05
1.77E+05
1.77E+05
1.77E+05
1.77E+05
1.77E+05
1.77E+05
1.76E+05
1.76E+05
1.76E+05
1.76E+05
1.76E+05
1.76E+05
1.75E+05
1.75E+05
1.75E+05
1.75E+05
1.75E+05
1.75E+05
1.75E+05
1.74E+05
1.74E+05
1.74E+05
1.74E+05
1.73E+05
1.73E+05
1.73E+05
1.73E+05
1.73E+05
1.73E+05
1.73E+05
1.72E+05
1.72E+05
1.72E+05
1.72E+05
1.72E+05
1.72E+05
1.71E+05
1.71E+05
1.71E+05
1.71E+05
1.71E+05
1.71E+05
1.70E+05
1.70E+05
1.70E+05
1.70E+05
1.70E+05
1.70E+05
1.69E+05
1.69E+05
1.69E+05
1.69E+05
1.69E+05
1.69E+05
1.69E+05
1.68E+05
1.68E+05
1.68E+05
1.68E+05
1.68E+05
1.67E+05
1.67E+05
1.67E+05
1.66E+05
1.66E+05
1.66E+05
1.66E+05
1.66E+05
1.66E+05
1.65E+05
1.65E+05
1.65E+05
1.65E+05
1.65E+05
1.65E+05
1.65E+05
1.65E+05
1.64E+05
1.64E+05
1.64E+05
1.64E+05
1.64E+05
1.64E+05
1.64E+05
1.63E+05
1.63E+05
1.63E+05
1.63E+05
1.63E+05
1.63E+05
1.62E+05
1.62E+05
1.62E+05
1.62E+05
1.62E+05
1.62E+05
1.62E+05
1.61E+05
1.61E+05
1.61E+05
1.61E+05
1.61E+05
1.61E+05
1.61E+05
1.60E+05
1.60E+05
1.60E+05
1.60E+05
1.60E+05
1.60E+05
1.60E+05
1.59E+05
1.59E+05
1.59E+05
1.59E+05
1.59E+05
1.59E+05
1.59E+05
1.59E+05
1.58E+05
1.58E+05
1.58E+05
1.58E+05
1.58E+05
1.58E+05
1.58E+05
1.57E+05
1.57E+05
1.57E+05
1.57E+05
1.57E+05
1.57E+05
1.57E+05
1.56E+05
1.56E+05
1.56E+05
1.56E+05
1.56E+05
1.56E+05
1.56E+05
1.55E+05
1.55E+05
1.55E+05
1.55E+05
1.55E+05
1.55E+05
1.55E+05
1.54E+05
1.54E+05
1.54E+05
1.54E+05
1.54E+05
1.54E+05
1.53E+05
1.53E+05
1.53E+05
1.53E+05
1.53E+05
1.53E+05
1.53E+05
1.53E+05
1.52E+05
1.52E+05
1.52E+05
1.52E+05
1.52E+05
1.52E+05
1.52E+05
1.51E+05
1.51E+05
1.51E+05
1.51E+05
1.51E+05
1.51E+05
1.51E+05
1.50E+05
1.50E+05
1.50E+05
1.50E+05
1.50E+05
1.50E+05
1.50E+05
1.49E+05
1.49E+05
1.49E+05
1.49E+05
1.49E+05
1.49E+05
1.49E+05
1.48E+05
1.48E+05
1.48E+05
1.48E+05
1.48E+05
1.48E+05
1.48E+05
1.47E+05
1.47E+05
1.47E+05
1.47E+05
1.47E+05
1.47E+05
1.47E+05
1.46E+05
1.46E+05
1.46E+05
1.46E+05
1.46E+05
1.46E+05
1.45E+05
1.45E+05
1.45E+05
1.45E+05
1.45E+05
1.45E+05
1.45E+05
1.44E+05
1.44E+05
1.44E+05
1.44E+05
1.44E+05
1.44E+05
1.44E+05
1.43E+05
1.43E+05
1.43E+05
1.43E+05
1.43E+05
1.43E+05
1.43E+05
1.42E+05
1.42E+05
1.42E+05
1.42E+05
1.41E+05
1.41E+05
1.41E+05
1.41E+05
1.41E+05
1.41E+05
1.40E+05
1.40E+05
1.40E+05
1.40E+05
1.40E+05
1.40E+05
1.40E+05
1.40E+05
1.39E+05
1.39E+05
1.39E+05
1.39E+05
1.39E+05
1.39E+05
1.39E+05
1.38E+05
1.38E+05
1.38E+05
1.38E+05
1.38E+05
1.38E+05
1.38E+05
1.37E+05
1.37E+05
1.37E+05
1.37E+05
1.37E+05
1.37E+05
1.37E+05
1.37E+05
1.36E+05
1.36E+05
1.36E+05
1.36E+05
1.36E+05
1.36E+05
1.36E+05
1.36E+05
1.35E+05
1.35E+05
1.35E+05
1.35E+05
1.35E+05
1.35E+05
1.35E+05
1.35E+05
1.34E+05
1.34E+05
1.34E+05
1.34E+05
1.34E+05
1.34E+05
1.34E+05
1.33E+05
1.33E+05
1.33E+05
1.33E+05
1.33E+05
1.33E+05
1.33E+05
1.32E+05
1.32E+05
1.32E+05
1.32E+05
1.32E+05
1.32E+05
1.32E+05
1.32E+05
1.31E+05
1.31E+05
1.31E+05
1.31E+05
1.31E+05
1.31E+05
1.31E+05
1.30E+05
1.30E+05
1.30E+05
1.30E+05
1.30E+05
1.30E+05
1.30E+05
1.30E+05
1.29E+05
1.29E+05
1.29E+05
1.29E+05
1.29E+05
1.29E+05
1.28E+05
1.28E+05
1.28E+05
1.28E+05
1.28E+05
1.28E+05
1.27E+05
1.27E+05
1.27E+05
1.27E+05
1.27E+05
1.27E+05
1.27E+05
1.26E+05
1.26E+05
1.26E+05
1.26E+05
1.26E+05
1.26E+05
1.26E+05
1.26E+05
1.25E+05
1.25E+05
1.25E+05
1.25E+05
1.25E+05
1.25E+05
1.25E+05
1.25E+05
1.24E+05
1.24E+05
1.24E+05
1.24E+05
1.24E+05
1.24E+05
1.23E+05
1.23E+05
1.23E+05
1.23E+05
1.23E+05
1.23E+05
1.23E+05
1.22E+05
1.22E+05
1.22E+05
1.22E+05
1.22E+05
1.22E+05
1.22E+05
1.22E+05
1.21E+05
1.21E+05
1.21E+05
1.21E+05
1.21E+05
1.21E+05
1.21E+05
1.21E+05
1.20E+05
1.20E+05
1.20E+05
1.20E+05
1.20E+05
1.20E+05
1.20E+05
1.19E+05
1.19E+05
1.19E+05
1.19E+05
1.19E+05
1.19E+05
1.19E+05
1.18E+05
1.18E+05
1.18E+05
1.18E+05
1.18E+05
1.18E+05
1.17E+05
1.17E+05
1.17E+05
1.17E+05
1.17E+05
1.17E+05
1.16E+05
1.16E+05
1.16E+05
1.16E+05
1.16E+05
1.16E+05
1.16E+05
1.16E+05
1.15E+05
1.15E+05
1.15E+05
1.15E+05
1.15E+05
1.15E+05
1.15E+05
1.14E+05
1.14E+05
1.14E+05
1.14E+05
1.14E+05
1.14E+05
1.14E+05
1.13E+05
1.13E+05
1.13E+05
1.13E+05
1.13E+05
1.13E+05
1.13E+05
1.12E+05
1.12E+05
1.11E+05
1.11E+05
1.11E+05
1.11E+05
1.10E+05
1.10E+05
1.10E+05
1.10E+05
1.10E+05
1.10E+05
1.10E+05
1.10E+05
1.10E+05
1.09E+05
1.09E+05
1.09E+05
1.09E+05
1.09E+05
1.09E+05
1.09E+05
1.09E+05
1.09E+05
1.09E+05
1.08E+05
1.08E+05
1.08E+05
1.08E+05
1.08E+05
1.08E+05
1.08E+05
1.08E+05
1.07E+05
1.07E+05
1.07E+05
1.07E+05
1.07E+05
1.07E+05
1.07E+05
1.07E+05
1.06E+05
1.06E+05
1.06E+05
1.06E+05
1.06E+05
1.06E+05
1.06E+05
1.06E+05
1.06E+05
1.05E+05
1.05E+05
1.05E+05
1.05E+05
1.05E+05
1.05E+05
1.05E+05
1.05E+05
1.05E+05
1.05E+05
1.04E+05
1.04E+05
1.04E+05
1.04E+05
1.04E+05
1.04E+05
1.04E+05
1.04E+05
1.04E+05
1.03E+05
1.03E+05
1.03E+05
1.03E+05
1.03E+05
1.03E+05
1.03E+05
1.03E+05
1.03E+05
1.02E+05
1.02E+05
1.02E+05
1.02E+05
1.02E+05
1.02E+05
1.02E+05
1.02E+05
1.02E+05
1.02E+05
1.01E+05
1.01E+05
1.01E+05
1.01E+05
1.01E+05
1.01E+05
1.01E+05
1.01E+05
1.00E+05
1.00E+05
1.00E+05
1.00E+05
9.99E+04
9.98E+04
9.97E+04
9.96E+04
9.95E+04
9.94E+04
9.93E+04
9.92E+04
9.90E+04
9.89E+04
9.88E+04
9.87E+04
9.86E+04
9.85E+04
9.84E+04
9.83E+04
9.82E+04
9.81E+04
9.80E+04
9.79E+04
9.78E+04
9.77E+04
9.76E+04
9.75E+04
9.74E+04
9.73E+04
9.72E+04
9.71E+04
9.69E+04
9.68E+04
9.67E+04
9.66E+04
9.65E+04
9.64E+04
9.63E+04
9.62E+04
9.61E+04
9.60E+04
9.59E+04
9.58E+04
9.57E+04
9.56E+04
9.55E+04
9.54E+04
9.53E+04
9.51E+04
9.51E+04
9.49E+04
9.47E+04
9.46E+04
9.45E+04
9.44E+04
9.42E+04
9.41E+04
9.40E+04
9.39E+04
9.38E+04
9.37E+04
9.36E+04
9.35E+04
9.34E+04
9.33E+04
9.32E+04
9.31E+04
9.30E+04
9.29E+04
9.28E+04
9.27E+04
9.26E+04
9.25E+04
9.24E+04
9.22E+04
9.21E+04
9.20E+04
9.19E+04
9.18E+04
9.17E+04
9.16E+04
9.15E+04
9.14E+04
9.13E+04
9.12E+04
9.11E+04
9.10E+04
9.09E+04
9.08E+04
9.07E+04
9.05E+04
9.04E+04
9.03E+04
9.02E+04
9.01E+04
9.00E+04
8.99E+04
8.98E+04
8.96E+04
8.95E+04
8.94E+04
8.92E+04
8.91E+04
8.90E+04
8.89E+04
8.88E+04
8.87E+04
8.86E+04
8.85E+04
8.84E+04
8.83E+04
8.81E+04
8.80E+04
8.79E+04
8.78E+04
8.77E+04
8.76E+04
8.75E+04
8.74E+04
8.73E+04
8.72E+04
8.71E+04
8.69E+04
8.68E+04
8.67E+04
8.66E+04
8.65E+04
8.64E+04
8.63E+04
8.62E+04
8.61E+04
8.59E+04
8.58E+04
8.57E+04
8.56E+04
8.55E+04
8.54E+04
8.53E+04
8.51E+04
8.49E+04
8.48E+04
8.47E+04
8.45E+04
8.44E+04
8.43E+04
8.42E+04
8.41E+04
8.40E+04
8.39E+04
8.37E+04
8.36E+04
8.35E+04
8.34E+04
8.33E+04
8.32E+04
8.31E+04
8.30E+04
8.29E+04
8.27E+04
8.26E+04
8.25E+04
8.24E+04
8.23E+04
8.22E+04
8.20E+04
8.19E+04
8.18E+04
8.16E+04
8.08E+04
8.07E+04
8.06E+04
8.04E+04
8.01E+04
8.00E+04
7.99E+04
7.98E+04
7.97E+04
7.96E+04
7.95E+04
7.94E+04
7.93E+04
7.92E+04
7.91E+04
7.91E+04
7.90E+04
7.89E+04
7.88E+04
7.87E+04
7.86E+04
7.85E+04
7.84E+04
7.84E+04
7.83E+04
7.82E+04
7.81E+04
7.80E+04
7.79E+04
7.78E+04
7.77E+04
7.76E+04
7.76E+04
7.74E+04
7.73E+04
7.72E+04
7.71E+04
7.70E+04
7.69E+04
7.68E+04
7.67E+04
7.66E+04
7.66E+04
7.65E+04
7.64E+04
7.63E+04
7.62E+04
7.61E+04
7.60E+04
7.59E+04
7.58E+04
7.58E+04
7.57E+04
7.56E+04
7.55E+04
7.54E+04
7.53E+04
7.52E+04
7.51E+04
7.49E+04
7.49E+04
7.48E+04
7.47E+04
7.46E+04
7.45E+04
7.44E+04
7.43E+04
7.42E+04
7.41E+04
7.40E+04
7.40E+04
7.39E+04
7.38E+04
7.37E+04
7.36E+04
7.35E+04
7.34E+04
7.34E+04
7.32E+04
7.29E+04
7.28E+04
7.28E+04
7.26E+04
7.25E+04
7.24E+04
7.24E+04
7.23E+04
7.22E+04
7.21E+04
7.20E+04
7.19E+04
7.19E+04
7.18E+04
7.17E+04
7.15E+04
7.15E+04
7.14E+04
7.13E+04
7.12E+04
7.11E+04
7.10E+04
7.10E+04
7.09E+04
7.08E+04
7.07E+04
7.06E+04
7.05E+04
7.04E+04
7.03E+04
7.03E+04
7.02E+04
7.01E+04
7.00E+04
6.99E+04
6.98E+04
6.98E+04
6.96E+04
6.96E+04
6.95E+04
6.94E+04
6.93E+04
6.92E+04
6.91E+04
6.90E+04
6.90E+04
6.89E+04
6.88E+04
6.87E+04
6.86E+04
6.85E+04
6.84E+04
6.83E+04
6.83E+04
6.82E+04
6.81E+04
6.80E+04
6.79E+04
6.78E+04
6.78E+04
6.77E+04
6.76E+04
6.75E+04
6.74E+04
6.74E+04
6.73E+04
6.72E+04
6.71E+04
6.71E+04
6.70E+04
6.69E+04
6.68E+04
6.68E+04
6.67E+04
6.66E+04
6.65E+04
6.63E+04
6.62E+04
6.62E+04
6.61E+04
6.60E+04
6.59E+04
6.58E+04
6.58E+04
6.56E+04
6.56E+04
6.55E+04
6.54E+04
6.53E+04
6.53E+04
6.52E+04
6.51E+04
6.51E+04
6.50E+04
6.49E+04
6.49E+04
6.48E+04
6.47E+04
6.46E+04
6.46E+04
6.45E+04
6.44E+04
6.44E+04
6.43E+04
6.42E+04
6.41E+04
6.41E+04
6.40E+04
6.39E+04
6.39E+04
6.38E+04
6.37E+04
6.36E+04
6.36E+04
6.35E+04
6.34E+04
6.33E+04
6.33E+04
6.32E+04
6.31E+04
6.31E+04
6.30E+04
6.29E+04
6.28E+04
6.28E+04
6.27E+04
6.26E+04
6.25E+04
6.25E+04
6.24E+04
6.23E+04
6.23E+04
6.22E+04
6.21E+04
6.20E+04
6.20E+04
6.19E+04
6.18E+04
6.17E+04
6.17E+04
6.16E+04
6.15E+04
6.14E+04
6.13E+04
6.12E+04
6.11E+04
6.10E+04
6.09E+04
6.09E+04
6.08E+04
6.07E+04
6.06E+04
6.06E+04
6.05E+04
6.04E+04
6.04E+04
6.03E+04
6.02E+04
6.01E+04
6.01E+04
6.00E+04
5.99E+04
5.99E+04
5.98E+04
5.97E+04
5.96E+04
5.96E+04
5.95E+04
5.94E+04
5.94E+04
5.93E+04
5.92E+04
5.91E+04
5.91E+04
5.90E+04
5.89E+04
5.88E+04
5.88E+04
5.87E+04
5.86E+04
5.85E+04
5.85E+04
5.84E+04
5.83E+04
5.82E+04
5.82E+04
5.81E+04
5.80E+04
5.79E+04
5.79E+04
5.78E+04
5.77E+04
5.76E+04
5.76E+04
5.75E+04
5.74E+04
5.73E+04
5.72E+04
5.72E+04
5.71E+04
5.70E+04
5.69E+04
5.68E+04
5.67E+04
5.66E+04
5.65E+04
5.64E+04
5.63E+04
5.63E+04
5.62E+04
5.61E+04
5.60E+04
5.59E+04
5.59E+04
5.58E+04
5.57E+04
5.56E+04
5.55E+04
5.55E+04
5.54E+04
5.53E+04
5.52E+04
5.51E+04
5.51E+04
5.50E+04
5.49E+04
5.48E+04
5.47E+04
5.46E+04
5.46E+04
5.45E+04
5.44E+04
5.44E+04
5.43E+04
5.42E+04
5.41E+04
5.40E+04
5.39E+04
5.38E+04
5.38E+04
5.37E+04
5.36E+04
5.35E+04
5.34E+04
5.33E+04
5.33E+04
5.30E+04
5.23E+04
5.22E+04
5.21E+04
5.20E+04
5.18E+04
5.17E+04
5.17E+04
5.15E+04
5.15E+04
5.14E+04
5.14E+04
5.13E+04
5.12E+04
5.12E+04
5.11E+04
5.11E+04
5.10E+04
5.10E+04
5.09E+04
5.09E+04
5.08E+04
5.08E+04
5.07E+04
5.07E+04
5.06E+04
5.06E+04
5.05E+04
5.04E+04
5.04E+04
5.03E+04
5.03E+04
5.02E+04
5.02E+04
5.01E+04
5.01E+04
5.00E+04
5.00E+04
4.99E+04
4.99E+04
4.98E+04
4.98E+04
4.97E+04
4.97E+04
4.96E+04
4.96E+04
4.95E+04
4.94E+04
4.94E+04
4.93E+04
4.93E+04
4.92E+04
4.92E+04
4.90E+04
4.90E+04
4.89E+04
4.89E+04
4.88E+04
4.88E+04
4.87E+04
4.87E+04
4.86E+04
4.86E+04
4.85E+04
4.85E+04
4.84E+04
4.83E+04
4.83E+04
4.82E+04
4.82E+04
4.81E+04
4.81E+04
4.80E+04
4.80E+04
4.79E+04
4.79E+04
4.78E+04
4.78E+04
4.77E+04
4.77E+04
4.76E+04
4.76E+04
4.75E+04
4.75E+04
4.74E+04
4.74E+04
4.73E+04
4.73E+04
4.72E+04
4.72E+04
4.70E+04
4.70E+04
4.69E+04
4.69E+04
4.68E+04
4.68E+04
4.67E+04
4.67E+04
4.66E+04
4.66E+04
4.65E+04
4.65E+04
4.64E+04
4.64E+04
4.63E+04
4.63E+04
4.62E+04
4.62E+04
4.61E+04
4.61E+04
4.60E+04
4.60E+04
4.59E+04
4.59E+04
4.58E+04
4.58E+04
4.57E+04
4.57E+04
4.56E+04
4.56E+04
4.55E+04
4.54E+04
4.53E+04
4.53E+04
4.52E+04
4.52E+04
4.51E+04
4.51E+04
4.50E+04
4.50E+04
4.49E+04
4.49E+04
4.48E+04
4.48E+04
4.47E+04
4.47E+04
4.46E+04
4.46E+04
4.45E+04
4.45E+04
4.44E+04
4.44E+04
4.43E+04
4.43E+04
4.42E+04
4.42E+04
4.41E+04
4.41E+04
4.40E+04
4.39E+04
4.39E+04
4.38E+04
4.38E+04
4.37E+04
4.37E+04
4.36E+04
4.36E+04
4.35E+04
4.35E+04
4.34E+04
4.34E+04
4.33E+04
4.33E+04
4.32E+04
4.32E+04
4.31E+04
4.31E+04
4.30E+04
4.29E+04
4.28E+04
4.28E+04
4.27E+04
4.27E+04
4.26E+04
4.26E+04
4.25E+04
4.25E+04
4.24E+04
4.24E+04
4.23E+04
4.23E+04
4.22E+04
4.22E+04
4.22E+04
4.21E+04
4.20E+04
4.20E+04
4.19E+04
4.19E+04
4.18E+04
4.18E+04
4.17E+04
4.17E+04
4.16E+04
4.16E+04
4.15E+04
4.15E+04
4.14E+04
4.14E+04
4.13E+04
4.13E+04
4.12E+04
4.12E+04
4.11E+04
4.11E+04
4.10E+04
4.10E+04
4.09E+04
4.09E+04
4.08E+04
4.08E+04
4.07E+04
4.07E+04
4.06E+04
4.06E+04
4.05E+04
4.05E+04
4.05E+04
4.04E+04
4.03E+04
4.03E+04
4.02E+04
4.02E+04
4.01E+04
4.01E+04
4.00E+04
4.00E+04
3.99E+04
3.99E+04
3.99E+04
3.98E+04
3.98E+04
3.97E+04
3.97E+04
3.97E+04
3.96E+04
3.96E+04
3.96E+04
3.95E+04
3.95E+04
3.94E+04
3.94E+04
3.94E+04
3.93E+04
3.93E+04
3.93E+04
3.92E+04
3.92E+04
3.91E+04
3.91E+04
3.91E+04
3.90E+04
3.90E+04
3.90E+04
3.89E+04
3.89E+04
3.88E+04
3.88E+04
3.88E+04
3.87E+04
3.87E+04
3.87E+04
3.86E+04
3.86E+04
3.85E+04
3.85E+04
3.85E+04
3.84E+04
3.84E+04
3.83E+04
3.83E+04
3.83E+04
3.82E+04
3.82E+04
3.82E+04
3.81E+04
3.81E+04
3.81E+04
3.80E+04
3.80E+04
3.79E+04
3.79E+04
3.79E+04
3.79E+04
3.78E+04
3.77E+04
3.77E+04
3.77E+04
3.76E+04
3.76E+04
3.75E+04
3.75E+04
3.74E+04
3.74E+04
3.73E+04
3.73E+04
3.72E+04
3.72E+04
3.72E+04
3.71E+04
3.71E+04
3.71E+04
3.70E+04
3.70E+04
3.69E+04
3.69E+04
3.69E+04
3.68E+04
3.68E+04
3.68E+04
3.67E+04
3.67E+04
3.67E+04
3.66E+04
3.66E+04
3.66E+04
3.65E+04
3.65E+04
3.65E+04
3.64E+04
3.64E+04
3.63E+04
3.63E+04
3.63E+04
3.62E+04
3.62E+04
3.62E+04
3.61E+04
3.61E+04
3.61E+04
3.60E+04
3.60E+04
3.59E+04
3.59E+04
3.59E+04
3.58E+04
3.58E+04
3.58E+04
3.57E+04
3.57E+04
3.57E+04
3.56E+04
3.56E+04
3.56E+04
3.55E+04
3.55E+04
3.55E+04
3.54E+04
3.54E+04
3.54E+04
3.53E+04
3.53E+04
3.52E+04
3.52E+04
3.52E+04
3.51E+04
3.51E+04
3.51E+04
3.50E+04
3.50E+04
3.50E+04
3.49E+04
3.49E+04
3.49E+04
3.48E+04
3.48E+04
3.47E+04
3.47E+04
3.46E+04
3.46E+04
3.46E+04
3.45E+04
3.45E+04
3.45E+04
3.44E+04
3.44E+04
3.44E+04
3.43E+04
3.43E+04
3.43E+04
3.42E+04
3.42E+04
3.42E+04
3.41E+04
3.41E+04
3.41E+04
3.40E+04
3.40E+04
3.40E+04
3.39E+04
3.39E+04
3.39E+04
3.38E+04
3.38E+04
3.38E+04
3.37E+04
3.37E+04
3.37E+04
3.36E+04
3.36E+04
3.36E+04
3.35E+04
3.35E+04
3.35E+04
3.34E+04
3.34E+04
3.34E+04
3.33E+04
3.33E+04
3.33E+04
3.32E+04
3.32E+04
3.32E+04
3.31E+04
3.31E+04
3.31E+04
3.30E+04
3.30E+04
3.30E+04
3.29E+04
3.29E+04
3.29E+04
3.28E+04
3.28E+04
3.28E+04
3.28E+04
3.27E+04
3.27E+04
3.27E+04
3.26E+04
3.25E+04
3.25E+04
3.25E+04
3.24E+04
3.24E+04
3.24E+04
3.23E+04
3.23E+04
3.23E+04
3.22E+04
3.22E+04
3.22E+04
3.22E+04
3.21E+04
3.21E+04
3.21E+04
3.20E+04
3.20E+04
3.20E+04
3.19E+04
3.19E+04
3.19E+04
3.18E+04
3.18E+04
3.18E+04
3.17E+04
3.17E+04
3.17E+04
3.17E+04
3.16E+04
3.16E+04
3.16E+04
3.15E+04
3.15E+04
3.15E+04
3.14E+04
3.14E+04
3.14E+04
3.13E+04
3.13E+04
3.13E+04
3.13E+04
3.12E+04
3.12E+04
3.12E+04
3.11E+04
3.11E+04
3.11E+04
3.10E+04
3.10E+04
3.10E+04
3.09E+04
3.09E+04
3.09E+04
3.09E+04
3.08E+04
3.08E+04
3.07E+04
3.07E+04
3.07E+04
3.06E+04
3.06E+04
3.06E+04
3.05E+04
3.05E+04
3.05E+04
3.04E+04
3.04E+04
3.04E+04
3.04E+04
3.03E+04
3.03E+04
3.03E+04
3.02E+04
3.02E+04
3.02E+04
3.02E+04
3.01E+04
3.01E+04
3.01E+04
3.00E+04
3.00E+04
3.00E+04
3.00E+04
2.99E+04
2.99E+04
2.99E+04
2.99E+04
2.98E+04
2.98E+04
2.98E+04
2.97E+04
2.97E+04
2.97E+04
2.96E+04
2.96E+04
2.96E+04
2.96E+04
2.95E+04
2.95E+04
2.95E+04
2.94E+04
2.94E+04
2.93E+04
2.93E+04
2.93E+04
2.92E+04
2.92E+04
2.92E+04
2.92E+04
2.91E+04
2.91E+04
2.91E+04
2.90E+04
2.90E+04
2.90E+04
2.89E+04
2.89E+04
2.89E+04
2.89E+04
2.88E+04
2.88E+04
2.88E+04
2.87E+04
2.87E+04
2.87E+04
2.86E+04
2.86E+04
2.86E+04
2.86E+04
2.85E+04
2.85E+04
2.85E+04
2.84E+04
2.84E+04
2.84E+04
2.84E+04
2.83E+04
2.83E+04
2.83E+04
2.82E+04
2.82E+04
2.82E+04
2.81E+04
2.81E+04
2.81E+04
2.80E+04
2.80E+04
2.80E+04
2.79E+04
2.79E+04
2.79E+04
2.79E+04
2.78E+04
2.78E+04
2.78E+04
2.77E+04
2.77E+04
2.77E+04
2.77E+04
2.76E+04
2.76E+04
2.76E+04
2.75E+04
2.75E+04
2.75E+04
2.75E+04
2.74E+04
2.74E+04
2.74E+04
2.73E+04
2.73E+04
2.73E+04
2.73E+04
2.72E+04
2.72E+04
2.72E+04
2.71E+04
2.71E+04
2.71E+04
2.70E+04
2.70E+04
2.70E+04
2.69E+04
2.69E+04
2.69E+04
2.69E+04
2.68E+04
2.68E+04
2.68E+04
2.67E+04
2.67E+04
2.67E+04
2.67E+04
2.66E+04
2.66E+04
2.66E+04
2.66E+04
2.65E+04
2.65E+04
2.65E+04
2.64E+04
2.64E+04
2.64E+04
2.63E+04
2.63E+04
2.63E+04
2.63E+04
2.62E+04
2.62E+04
2.62E+04
2.61E+04
2.61E+04
2.61E+04
2.61E+04
2.60E+04
2.60E+04
2.60E+04
2.59E+04
2.59E+04
2.59E+04
2.59E+04
2.58E+04
2.58E+04
2.58E+04
2.57E+04
2.57E+04
2.57E+04
2.56E+04
2.56E+04
2.56E+04
2.56E+04
2.55E+04
2.55E+04
2.55E+04
2.55E+04
2.54E+04
2.54E+04
2.54E+04
2.53E+04
2.53E+04
2.53E+04
2.52E+04
2.52E+04
2.52E+04
2.51E+04
2.51E+04
2.51E+04
2.51E+04
2.50E+04
2.50E+04
2.50E+04
2.50E+04
2.49E+04
2.49E+04
2.49E+04
2.48E+04
2.48E+04
2.48E+04
2.48E+04
2.47E+04
2.47E+04
2.47E+04
2.46E+04
2.46E+04
2.46E+04
2.46E+04
2.45E+04
2.45E+04
2.45E+04
2.44E+04
2.44E+04
2.44E+04
2.43E+04
2.43E+04
2.43E+04
2.43E+04
2.42E+04
2.42E+04
2.42E+04
2.42E+04
2.42E+04
2.41E+04
2.41E+04
2.41E+04
2.41E+04
2.40E+04
2.40E+04
2.40E+04
2.40E+04
2.39E+04
2.39E+04
2.39E+04
2.39E+04
2.38E+04
2.38E+04
2.38E+04
2.38E+04
2.38E+04
2.37E+04
2.37E+04
2.37E+04
2.37E+04
2.36E+04
2.36E+04
2.36E+04
2.36E+04
2.35E+04
2.35E+04
2.35E+04
2.35E+04
2.35E+04
2.34E+04
2.34E+04
2.34E+04
2.34E+04
2.33E+04
2.33E+04
2.33E+04
2.33E+04
2.32E+04
2.32E+04
2.32E+04
2.32E+04
2.31E+04
2.31E+04
2.31E+04
2.31E+04
2.31E+04
2.30E+04
2.30E+04
2.30E+04
2.30E+04
2.29E+04
2.29E+04
2.29E+04
2.29E+04
2.28E+04
2.28E+04
2.28E+04
2.28E+04
2.28E+04
2.27E+04
2.27E+04
2.27E+04
2.27E+04
2.26E+04
2.26E+04
2.26E+04
2.26E+04
2.25E+04
2.25E+04
2.25E+04
2.25E+04
2.25E+04
2.24E+04
2.24E+04
2.24E+04
2.24E+04
2.23E+04
2.23E+04
2.23E+04
2.23E+04
2.22E+04
2.22E+04
2.22E+04
2.22E+04
2.22E+04
2.21E+04
2.21E+04
2.21E+04
2.21E+04
2.20E+04
2.20E+04
2.20E+04
2.20E+04
2.19E+04
2.19E+04
2.19E+04
2.19E+04
2.18E+04
2.18E+04
2.18E+04
2.18E+04
2.17E+04
2.17E+04
2.17E+04
2.17E+04
2.17E+04
2.16E+04
2.16E+04
2.16E+04
2.16E+04
2.16E+04
2.15E+04
2.15E+04
2.15E+04
2.15E+04
2.14E+04
2.14E+04
2.14E+04
2.14E+04
2.14E+04
2.13E+04
2.13E+04
2.13E+04
2.13E+04
2.12E+04
2.12E+04
2.12E+04
2.12E+04
2.12E+04
2.11E+04
2.11E+04
2.11E+04
2.11E+04
2.10E+04
2.10E+04
2.10E+04
2.10E+04
2.10E+04
2.09E+04
2.09E+04
2.09E+04
2.09E+04
2.08E+04
2.08E+04
2.08E+04
2.08E+04
2.08E+04
2.07E+04
2.07E+04
2.07E+04
2.07E+04
2.06E+04
2.06E+04
2.06E+04
2.06E+04
2.06E+04
2.05E+04
2.05E+04
2.05E+04
2.05E+04
2.05E+04
2.04E+04
2.04E+04
2.04E+04
2.04E+04
2.03E+04
2.03E+04
2.03E+04
2.03E+04
2.03E+04
2.02E+04
2.02E+04
2.02E+04
2.02E+04
2.01E+04
2.01E+04
2.01E+04
2.01E+04
2.01E+04
2.00E+04
2.00E+04
2.00E+04
2.00E+04
1.99E+04
1.99E+04
1.99E+04
1.99E+04
1.99E+04
1.98E+04
1.98E+04
1.98E+04
1.98E+04
1.97E+04
1.97E+04
1.97E+04
1.97E+04
1.97E+04
1.96E+04
1.96E+04
1.96E+04
1.96E+04
1.95E+04
1.95E+04
1.95E+04
1.95E+04
1.95E+04
1.94E+04
1.94E+04
1.94E+04
1.94E+04
1.93E+04
1.93E+04
1.93E+04
1.92E+04
1.92E+04
1.92E+04
1.92E+04
1.91E+04
1.91E+04
1.91E+04
1.91E+04
1.91E+04
1.90E+04
1.90E+04
1.90E+04
1.90E+04
1.90E+04
1.89E+04
1.89E+04
1.89E+04
1.89E+04
1.89E+04
1.88E+04
1.88E+04
1.88E+04
1.88E+04
1.87E+04
1.87E+04
1.87E+04
1.87E+04
1.87E+04
1.86E+04
1.86E+04
1.86E+04
1.86E+04
1.86E+04
1.85E+04
1.85E+04
1.85E+04
1.85E+04
1.85E+04
1.84E+04
1.84E+04
1.84E+04
1.84E+04
1.83E+04
1.83E+04
1.83E+04
1.83E+04
1.83E+04
1.82E+04
1.82E+04
1.82E+04
1.82E+04
1.82E+04
1.81E+04
1.81E+04
1.81E+04
1.81E+04
1.81E+04
1.80E+04
1.80E+04
1.80E+04
1.80E+04
1.80E+04
1.79E+04
1.79E+04
1.79E+04
1.79E+04
1.78E+04
1.78E+04
1.78E+04
1.77E+04
1.77E+04
1.77E+04
1.77E+04
1.77E+04
1.76E+04
1.76E+04
1.76E+04
1.76E+04
1.76E+04
1.75E+04
1.75E+04
1.75E+04
1.75E+04
1.75E+04
1.74E+04
1.74E+04
1.74E+04
1.74E+04
1.74E+04
1.73E+04
1.73E+04
1.73E+04
1.73E+04
1.73E+04
1.72E+04
1.72E+04
1.72E+04
1.72E+04
1.72E+04
1.71E+04
1.71E+04
1.71E+04
1.71E+04
1.71E+04
1.70E+04
1.70E+04
1.70E+04
1.70E+04
1.70E+04
1.69E+04
1.69E+04
1.69E+04
1.69E+04
1.69E+04
1.68E+04
1.68E+04
1.68E+04
1.68E+04
1.68E+04
1.67E+04
1.67E+04
1.67E+04
1.67E+04
1.67E+04
1.66E+04
1.66E+04
1.66E+04
1.66E+04
1.65E+04
1.65E+04
1.65E+04
1.65E+04
1.64E+04
1.64E+04
1.64E+04
1.64E+04
1.64E+04
1.63E+04
1.63E+04
1.63E+04
1.63E+04
1.63E+04
1.63E+04
1.62E+04
1.62E+04
1.62E+04
1.62E+04
1.62E+04
1.61E+04
1.61E+04
1.61E+04
1.61E+04
1.61E+04
1.60E+04
1.60E+04
1.60E+04
1.60E+04
1.60E+04
1.59E+04
1.59E+04
1.59E+04
1.59E+04
1.59E+04
1.58E+04
1.58E+04
1.58E+04
1.58E+04
1.58E+04
1.58E+04
1.57E+04
1.57E+04
1.57E+04
1.57E+04
1.57E+04
1.56E+04
1.56E+04
1.56E+04
1.55E+04
1.55E+04
1.55E+04
1.55E+04
1.55E+04
1.54E+04
1.54E+04
1.54E+04
1.54E+04
1.54E+04
1.53E+04
1.53E+04
1.53E+04
1.53E+04
1.53E+04
1.52E+04
1.52E+04
1.52E+04
1.52E+04
1.52E+04
1.52E+04
1.51E+04
1.51E+04
1.51E+04
1.51E+04
1.51E+04
1.50E+04
1.50E+04
1.50E+04
1.50E+04
1.50E+04
1.50E+04
1.49E+04
1.49E+04
1.49E+04
1.49E+04
1.49E+04
1.48E+04
1.48E+04
1.48E+04
1.48E+04
1.47E+04
1.47E+04
1.47E+04
1.47E+04
1.47E+04
1.46E+04
1.46E+04
1.46E+04
1.46E+04
1.46E+04
1.46E+04
1.45E+04
1.45E+04
1.45E+04
1.45E+04
1.45E+04
1.44E+04
1.44E+04
1.44E+04
1.44E+04
1.44E+04
1.44E+04
1.43E+04
1.43E+04
1.43E+04
1.43E+04
1.43E+04
1.43E+04
1.42E+04
1.42E+04
1.42E+04
1.42E+04
1.42E+04
1.41E+04
1.41E+04
1.41E+04
1.41E+04
1.40E+04
1.40E+04
1.40E+04
1.40E+04
1.40E+04
1.39E+04
1.39E+04
1.39E+04
1.39E+04
1.39E+04
1.39E+04
1.38E+04
1.38E+04
1.38E+04
1.38E+04
1.38E+04
1.38E+04
1.37E+04
1.37E+04
1.37E+04
1.37E+04
1.37E+04
1.37E+04
1.36E+04
1.36E+04
1.36E+04
1.36E+04
1.35E+04
1.35E+04
1.35E+04
1.35E+04
1.35E+04
1.34E+04
1.34E+04
1.34E+04
1.34E+04
1.34E+04
1.34E+04
1.33E+04
1.33E+04
1.33E+04
1.33E+04
1.33E+04
1.32E+04
1.32E+04
1.32E+04
1.32E+04
1.32E+04
1.31E+04
1.31E+04
1.31E+04
1.31E+04
1.31E+04
1.30E+04
1.30E+04
1.30E+04
1.30E+04
1.30E+04
1.30E+04
1.29E+04
1.29E+04
1.29E+04
1.29E+04
1.28E+04
1.28E+04
1.28E+04
1.28E+04
1.28E+04
1.27E+04
1.27E+04
1.27E+04
1.27E+04
1.26E+04
1.26E+04
1.26E+04
1.26E+04
1.26E+04
1.26E+04
1.25E+04
1.25E+04
1.25E+04
1.24E+04
1.24E+04
1.24E+04
1.24E+04
1.24E+04
1.23E+04
1.23E+04
1.23E+04
1.23E+04
1.23E+04
1.23E+04
1.23E+04
1.22E+04
1.22E+04
1.22E+04
1.22E+04
1.22E+04
1.22E+04
1.22E+04
1.22E+04
1.21E+04
1.21E+04
1.21E+04
1.21E+04
1.21E+04
1.21E+04
1.21E+04
1.21E+04
1.21E+04
1.20E+04
1.20E+04
1.20E+04
1.20E+04
1.20E+04
1.20E+04
1.20E+04
1.20E+04
1.19E+04
1.19E+04
1.19E+04
1.19E+04
1.19E+04
1.19E+04
1.19E+04
1.19E+04
1.18E+04
1.18E+04
1.18E+04
1.18E+04
1.18E+04
1.18E+04
1.18E+04
1.18E+04
1.18E+04
1.17E+04
1.17E+04
1.17E+04
1.17E+04
1.17E+04
1.17E+04
1.17E+04
1.17E+04
1.17E+04
1.16E+04
1.16E+04
1.16E+04
1.16E+04
1.16E+04
1.16E+04
1.16E+04
1.16E+04
1.15E+04
1.15E+04
1.15E+04
1.15E+04
1.15E+04
1.15E+04
1.15E+04
1.15E+04
1.15E+04
1.14E+04
1.14E+04
1.14E+04
1.14E+04
1.14E+04
1.14E+04
1.14E+04
1.14E+04
1.13E+04
1.13E+04
1.13E+04
1.13E+04
1.13E+04
1.13E+04
1.13E+04
1.13E+04
1.13E+04
1.12E+04
1.12E+04
1.12E+04
1.12E+04
1.12E+04
1.12E+04
1.12E+04
1.12E+04
1.12E+04
1.11E+04
1.11E+04
1.11E+04
1.11E+04
1.11E+04
1.11E+04
1.11E+04
1.11E+04
1.10E+04
1.10E+04
1.10E+04
1.10E+04
1.10E+04
1.10E+04
1.10E+04
1.10E+04
1.10E+04
1.09E+04
1.09E+04
1.09E+04
1.09E+04
1.09E+04
1.09E+04
1.09E+04
1.09E+04
1.09E+04
1.08E+04
1.08E+04
1.08E+04
1.08E+04
1.08E+04
1.08E+04
1.08E+04
1.08E+04
1.08E+04
1.07E+04
1.07E+04
1.07E+04
1.07E+04
1.07E+04
1.07E+04
1.07E+04
1.07E+04
1.07E+04
1.06E+04
1.06E+04
1.06E+04
1.06E+04
1.06E+04
1.06E+04
1.06E+04
1.06E+04
1.06E+04
1.05E+04
1.05E+04
1.05E+04
1.05E+04
1.05E+04
1.05E+04
1.05E+04
1.05E+04
1.04E+04
1.04E+04
1.04E+04
1.04E+04
1.04E+04
1.04E+04
1.04E+04
1.04E+04
1.04E+04
1.03E+04
1.03E+04
1.03E+04
1.03E+04
1.03E+04
1.03E+04
1.03E+04
1.03E+04
1.03E+04
1.02E+04
1.02E+04
1.02E+04
1.02E+04
1.02E+04
1.02E+04
1.02E+04
1.02E+04
1.02E+04
1.01E+04
1.01E+04
1.01E+04
1.01E+04
1.01E+04
1.01E+04
1.01E+04
1.01E+04
1.01E+04
1.00E+04
1.00E+04
1.00E+04
1.00E+04
1.00E+04
9.99E+03
9.97E+03
9.95E+03
9.94E+03
9.93E+03
9.92E+03
9.91E+03
9.90E+03
9.89E+03
9.88E+03
9.87E+03
9.85E+03
9.84E+03
9.83E+03
9.82E+03
9.81E+03
9.80E+03
9.79E+03
9.78E+03
9.77E+03
9.76E+03
9.75E+03
9.74E+03
9.73E+03
9.72E+03
9.71E+03
9.70E+03
9.69E+03
9.68E+03
9.66E+03
9.65E+03
9.64E+03
9.63E+03
9.62E+03
9.61E+03
9.60E+03
9.59E+03
9.58E+03
9.57E+03
9.56E+03
9.55E+03
9.54E+03
9.53E+03
9.52E+03
9.51E+03
9.50E+03
9.49E+03
9.48E+03
9.47E+03
9.46E+03
9.45E+03
9.43E+03
9.42E+03
9.41E+03
9.40E+03
9.39E+03
9.38E+03
9.37E+03
9.36E+03
9.35E+03
9.34E+03
9.33E+03
9.32E+03
9.31E+03
9.30E+03
9.29E+03
9.28E+03
9.27E+03
9.26E+03
9.25E+03
9.24E+03
9.23E+03
9.22E+03
9.21E+03
9.20E+03
9.19E+03
9.18E+03
9.17E+03
9.16E+03
9.15E+03
9.13E+03
9.12E+03
9.11E+03
9.10E+03
9.09E+03
9.08E+03
9.07E+03
9.06E+03
9.05E+03
9.04E+03
9.03E+03
9.02E+03
9.01E+03
9.00E+03
8.99E+03
8.98E+03
8.97E+03
8.96E+03
8.95E+03
8.94E+03
8.93E+03
8.92E+03
8.91E+03
8.90E+03
8.89E+03
8.88E+03
8.87E+03
8.86E+03
8.85E+03
8.84E+03
8.83E+03
8.82E+03
8.81E+03
8.80E+03
8.79E+03
8.78E+03
8.77E+03
8.76E+03
8.75E+03
8.74E+03
8.72E+03
8.71E+03
8.70E+03
8.69E+03
8.68E+03
8.67E+03
8.66E+03
8.65E+03
8.64E+03
8.63E+03
8.62E+03
8.61E+03
8.60E+03
8.59E+03
8.58E+03
8.57E+03
8.56E+03
8.55E+03
8.54E+03
8.53E+03
8.52E+03
8.51E+03
8.50E+03
8.49E+03
8.48E+03
8.47E+03
8.46E+03
8.45E+03
8.44E+03
8.43E+03
8.42E+03
8.41E+03
8.40E+03
8.39E+03
8.38E+03
8.37E+03
8.36E+03
8.34E+03
8.33E+03
8.32E+03
8.31E+03
8.30E+03
8.29E+03
8.28E+03
8.27E+03
8.26E+03
8.25E+03
8.24E+03
8.23E+03
8.22E+03
8.21E+03
8.20E+03
8.19E+03
8.18E+03
8.17E+03
8.16E+03
8.15E+03
8.14E+03
8.13E+03
8.12E+03
8.11E+03
8.10E+03
8.09E+03
8.08E+03
8.07E+03
8.06E+03
8.05E+03
8.04E+03
8.03E+03
8.02E+03
8.02E+03
8.00E+03
7.99E+03
7.97E+03
7.94E+03
7.93E+03
7.92E+03
7.91E+03
7.90E+03
7.89E+03
7.88E+03
7.86E+03
7.85E+03
7.84E+03
7.83E+03
7.82E+03
7.81E+03
7.80E+03
7.79E+03
7.78E+03
7.77E+03
7.76E+03
7.75E+03
7.74E+03
7.73E+03
7.72E+03
7.71E+03
7.70E+03
7.69E+03
7.68E+03
7.67E+03
7.66E+03
7.65E+03
7.64E+03
7.63E+03
7.62E+03
7.61E+03
7.60E+03
7.59E+03
7.58E+03
7.57E+03
7.56E+03
7.55E+03
7.54E+03
7.53E+03
7.52E+03
7.51E+03
7.50E+03
7.49E+03
7.48E+03
7.47E+03
7.46E+03
7.45E+03
7.44E+03
7.43E+03
7.42E+03
7.41E+03
7.40E+03
7.39E+03
7.38E+03
7.37E+03
7.36E+03
7.36E+03
7.34E+03
7.33E+03
7.32E+03
7.29E+03
7.28E+03
7.27E+03
7.26E+03
7.24E+03
7.23E+03
7.22E+03
7.21E+03
7.20E+03
7.19E+03
7.18E+03
7.17E+03
7.16E+03
7.15E+03
7.14E+03
7.13E+03
7.12E+03
7.11E+03
7.10E+03
7.09E+03
7.08E+03
7.07E+03
7.06E+03
7.05E+03
7.04E+03
7.03E+03
7.02E+03
7.01E+03
7.00E+03
6.99E+03
6.98E+03
6.97E+03
6.96E+03
6.96E+03
6.95E+03
6.94E+03
6.93E+03
6.92E+03
6.91E+03
6.90E+03
6.89E+03
6.88E+03
6.87E+03
6.86E+03
6.85E+03
6.84E+03
6.83E+03
6.82E+03
6.81E+03
6.80E+03
6.79E+03
6.77E+03
6.74E+03
6.73E+03
6.72E+03
6.71E+03
6.70E+03
6.69E+03
6.68E+03
6.67E+03
6.66E+03
6.65E+03
6.64E+03
6.63E+03
6.62E+03
6.61E+03
6.60E+03
6.59E+03
6.58E+03
6.57E+03
6.56E+03
6.55E+03
6.54E+03
6.53E+03
6.52E+03
6.51E+03
6.50E+03
6.49E+03
6.48E+03
6.47E+03
6.46E+03
6.45E+03
6.44E+03
6.43E+03
6.42E+03
6.41E+03
6.40E+03
6.39E+03
6.38E+03
6.38E+03
6.37E+03
6.36E+03
6.34E+03
6.33E+03
6.30E+03
6.29E+03
6.28E+03
6.27E+03
6.26E+03
6.25E+03
6.24E+03
6.23E+03
6.22E+03
6.21E+03
6.20E+03
6.19E+03
6.18E+03
6.17E+03
6.16E+03
6.15E+03
6.14E+03
6.13E+03
6.12E+03
6.11E+03
6.10E+03
6.09E+03
6.08E+03
6.07E+03
6.06E+03
6.05E+03
6.04E+03
6.03E+03
6.02E+03
6.01E+03
6.00E+03
5.99E+03
5.98E+03
5.96E+03
5.95E+03
5.92E+03
5.91E+03
5.90E+03
5.89E+03
5.88E+03
5.87E+03
5.86E+03
5.84E+03
5.83E+03
5.82E+03
5.81E+03
5.80E+03
5.79E+03
5.78E+03
5.76E+03
5.75E+03
5.74E+03
5.73E+03
5.72E+03
5.71E+03
5.70E+03
5.69E+03
5.68E+03
5.66E+03
5.65E+03
5.63E+03
5.62E+03
5.59E+03
5.58E+03
5.57E+03
5.56E+03
5.54E+03
5.53E+03
5.52E+03
5.51E+03
5.50E+03
5.49E+03
5.48E+03
5.46E+03
5.45E+03
5.44E+03
5.43E+03
5.42E+03
5.41E+03
5.40E+03
5.39E+03
5.36E+03
5.34E+03
5.30E+03
5.28E+03
5.27E+03
5.27E+03
5.26E+03
5.25E+03
5.23E+03
5.23E+03
5.21E+03
5.19E+03
5.18E+03
5.16E+03
5.15E+03
5.14E+03
5.13E+03
5.13E+03
5.10E+03
5.10E+03
5.08E+03
5.06E+03
5.03E+03
5.02E+03
5.01E+03
5.00E+03
4.99E+03
4.99E+03
4.98E+03
4.97E+03
4.96E+03
4.96E+03
4.95E+03
4.95E+03
4.94E+03
4.94E+03
4.93E+03
4.93E+03
4.92E+03
4.92E+03
4.91E+03
4.91E+03
4.90E+03
4.90E+03
4.90E+03
4.89E+03
4.89E+03
4.88E+03
4.88E+03
4.87E+03
4.87E+03
4.86E+03
4.86E+03
4.86E+03
4.85E+03
4.85E+03
4.84E+03
4.84E+03
4.83E+03
4.83E+03
4.82E+03
4.82E+03
4.82E+03
4.81E+03
4.81E+03
4.80E+03
4.80E+03
4.79E+03
4.79E+03
4.78E+03
4.78E+03
4.78E+03
4.77E+03
4.77E+03
4.76E+03
4.76E+03
4.75E+03
4.75E+03
4.74E+03
4.74E+03
4.74E+03
4.73E+03
4.73E+03
4.72E+03
4.72E+03
4.71E+03
4.71E+03
4.70E+03
4.70E+03
4.70E+03
4.69E+03
4.69E+03
4.68E+03
4.68E+03
4.67E+03
4.67E+03
4.67E+03
4.66E+03
4.66E+03
4.65E+03
4.65E+03
4.64E+03
4.64E+03
4.64E+03
4.63E+03
4.63E+03
4.62E+03
4.62E+03
4.61E+03
4.61E+03
4.61E+03
4.60E+03
4.60E+03
4.59E+03
4.59E+03
4.58E+03
4.58E+03
4.58E+03
4.57E+03
4.57E+03
4.56E+03
4.56E+03
4.55E+03
4.55E+03
4.55E+03
4.54E+03
4.54E+03
4.53E+03
4.53E+03
4.52E+03
4.52E+03
4.52E+03
4.51E+03
4.51E+03
4.50E+03
4.50E+03
4.49E+03
4.49E+03
4.49E+03
4.48E+03
4.48E+03
4.47E+03
4.47E+03
4.47E+03
4.46E+03
4.46E+03
4.45E+03
4.45E+03
4.44E+03
4.44E+03
4.44E+03
4.43E+03
4.43E+03
4.42E+03
4.42E+03
4.42E+03
4.41E+03
4.41E+03
4.40E+03
4.40E+03
4.39E+03
4.39E+03
4.39E+03
4.38E+03
4.38E+03
4.37E+03
4.37E+03
4.37E+03
4.36E+03
4.36E+03
4.35E+03
4.35E+03
4.35E+03
4.34E+03
4.34E+03
4.33E+03
4.33E+03
4.33E+03
4.32E+03
4.32E+03
4.31E+03
4.31E+03
4.30E+03
4.30E+03
4.30E+03
4.29E+03
4.29E+03
4.28E+03
4.28E+03
4.28E+03
4.27E+03
4.27E+03
4.26E+03
4.26E+03
4.26E+03
4.25E+03
4.25E+03
4.24E+03
4.24E+03
4.24E+03
4.23E+03
4.23E+03
4.22E+03
4.22E+03
4.22E+03
4.21E+03
4.21E+03
4.20E+03
4.20E+03
4.20E+03
4.19E+03
4.19E+03
4.18E+03
4.18E+03
4.18E+03
4.17E+03
4.17E+03
4.16E+03
4.16E+03
4.16E+03
4.15E+03
4.15E+03
4.14E+03
4.14E+03
4.14E+03
4.13E+03
4.13E+03
4.13E+03
4.12E+03
4.12E+03
4.11E+03
4.11E+03
4.11E+03
4.10E+03
4.10E+03
4.09E+03
4.09E+03
4.09E+03
4.08E+03
4.08E+03
4.08E+03
4.07E+03
4.07E+03
4.06E+03
4.06E+03
4.06E+03
4.05E+03
4.05E+03
4.04E+03
4.04E+03
4.04E+03
4.03E+03
4.03E+03
4.03E+03
4.02E+03
4.02E+03
4.01E+03
4.01E+03
4.01E+03
4.00E+03
4.00E+03
4.00E+03
3.99E+03
3.99E+03
3.98E+03
3.98E+03
3.98E+03
3.97E+03
3.97E+03
3.97E+03
3.96E+03
3.96E+03
3.95E+03
3.95E+03
3.95E+03
3.94E+03
3.94E+03
3.94E+03
3.93E+03
3.93E+03
3.92E+03
3.92E+03
3.92E+03
3.91E+03
3.91E+03
3.91E+03
3.90E+03
3.90E+03
3.89E+03
3.89E+03
3.89E+03
3.88E+03
3.88E+03
3.88E+03
3.87E+03
3.87E+03
3.86E+03
3.86E+03
3.86E+03
3.85E+03
3.85E+03
3.85E+03
3.84E+03
3.84E+03
3.84E+03
3.83E+03
3.83E+03
3.82E+03
3.82E+03
3.82E+03
3.81E+03
3.81E+03
3.81E+03
3.80E+03
3.80E+03
3.80E+03
3.79E+03
3.79E+03
3.78E+03
3.78E+03
3.78E+03
3.77E+03
3.77E+03
3.77E+03
3.76E+03
3.76E+03
3.76E+03
3.75E+03
3.75E+03
3.74E+03
3.74E+03
3.74E+03
3.73E+03
3.73E+03
3.73E+03
3.72E+03
3.72E+03
3.72E+03
3.71E+03
3.71E+03
3.71E+03
3.70E+03
3.70E+03
3.70E+03
3.69E+03
3.69E+03
3.68E+03
3.68E+03
3.68E+03
3.67E+03
3.67E+03
3.67E+03
3.66E+03
3.66E+03
3.66E+03
3.65E+03
3.65E+03
3.65E+03
3.64E+03
3.64E+03
3.64E+03
3.63E+03
3.63E+03
3.62E+03
3.62E+03
3.62E+03
3.61E+03
3.61E+03
3.61E+03
3.60E+03
3.60E+03
3.60E+03
3.59E+03
3.59E+03
3.59E+03
3.58E+03
3.58E+03
3.58E+03
3.57E+03
3.57E+03
3.57E+03
3.56E+03
3.56E+03
3.56E+03
3.55E+03
3.55E+03
3.54E+03
3.54E+03
3.54E+03
3.53E+03
3.53E+03
3.53E+03
3.52E+03
3.52E+03
3.52E+03
3.51E+03
3.51E+03
3.51E+03
3.50E+03
3.50E+03
3.50E+03
3.49E+03
3.49E+03
3.49E+03
3.48E+03
3.48E+03
3.48E+03
3.47E+03
3.47E+03
3.47E+03
3.46E+03
3.46E+03
3.46E+03
3.45E+03
3.45E+03
3.45E+03
3.44E+03
3.44E+03
3.44E+03
3.43E+03
3.43E+03
3.43E+03
3.42E+03
3.42E+03
3.42E+03
3.41E+03
3.41E+03
3.41E+03
3.40E+03
3.40E+03
3.40E+03
3.39E+03
3.39E+03
3.39E+03
3.38E+03
3.38E+03
3.38E+03
3.37E+03
3.37E+03
3.37E+03
3.36E+03
3.36E+03
3.36E+03
3.35E+03
3.35E+03
3.35E+03
3.34E+03
3.34E+03
3.34E+03
3.33E+03
3.33E+03
3.33E+03
3.32E+03
3.32E+03
3.32E+03
3.31E+03
3.31E+03
3.31E+03
3.30E+03
3.30E+03
3.30E+03
3.29E+03
3.29E+03
3.29E+03
3.28E+03
3.28E+03
3.28E+03
3.27E+03
3.27E+03
3.27E+03
3.26E+03
3.26E+03
3.26E+03
3.26E+03
3.25E+03
3.25E+03
3.25E+03
3.24E+03
3.24E+03
3.24E+03
3.23E+03
3.23E+03
3.23E+03
3.22E+03
3.22E+03
3.22E+03
3.21E+03
3.21E+03
3.21E+03
3.20E+03
3.20E+03
3.20E+03
3.19E+03
3.19E+03
3.19E+03
3.18E+03
3.18E+03
3.18E+03
3.18E+03
3.17E+03
3.17E+03
3.17E+03
3.16E+03
3.16E+03
3.16E+03
3.15E+03
3.15E+03
3.15E+03
3.14E+03
3.14E+03
3.14E+03
3.13E+03
3.13E+03
3.13E+03
3.12E+03
3.12E+03
3.12E+03
3.11E+03
3.11E+03
3.11E+03
3.11E+03
3.10E+03
3.10E+03
3.10E+03
3.09E+03
3.09E+03
3.09E+03
3.08E+03
3.08E+03
3.08E+03
3.07E+03
3.07E+03
3.07E+03
3.06E+03
3.06E+03
3.06E+03
3.05E+03
3.05E+03
3.05E+03
3.05E+03
3.04E+03
3.04E+03
3.04E+03
3.03E+03
3.03E+03
3.03E+03
3.02E+03
3.02E+03
3.02E+03
3.01E+03
3.01E+03
3.01E+03
3.01E+03
3.00E+03
3.00E+03
3.00E+03
2.99E+03
2.99E+03
2.99E+03
2.98E+03
2.98E+03
2.98E+03
2.97E+03
2.97E+03
2.97E+03
2.97E+03
2.96E+03
2.96E+03
2.96E+03
2.95E+03
2.95E+03
2.95E+03
2.94E+03
2.94E+03
2.94E+03
2.93E+03
2.93E+03
2.93E+03
2.93E+03
2.92E+03
2.92E+03
2.92E+03
2.91E+03
2.91E+03
2.91E+03
2.90E+03
2.90E+03
2.90E+03
2.90E+03
2.89E+03
2.89E+03
2.89E+03
2.88E+03
2.88E+03
2.88E+03
2.87E+03
2.87E+03
2.87E+03
2.86E+03
2.86E+03
2.86E+03
2.86E+03
2.85E+03
2.85E+03
2.85E+03
2.84E+03
2.84E+03
2.84E+03
2.83E+03
2.83E+03
2.83E+03
2.83E+03
2.82E+03
2.82E+03
2.82E+03
2.81E+03
2.81E+03
2.81E+03
2.80E+03
2.80E+03
2.80E+03
2.79E+03
2.79E+03
2.79E+03
2.79E+03
2.78E+03
2.78E+03
2.78E+03
2.77E+03
2.77E+03
2.76E+03
2.76E+03
2.76E+03
2.75E+03
2.75E+03
2.75E+03
2.75E+03
2.74E+03
2.74E+03
2.74E+03
2.73E+03
2.73E+03
2.73E+03
2.72E+03
2.72E+03
2.72E+03
2.72E+03
2.71E+03
2.71E+03
2.71E+03
2.70E+03
2.70E+03
2.70E+03
2.70E+03
2.69E+03
2.69E+03
2.69E+03
2.68E+03
2.68E+03
2.68E+03
2.67E+03
2.67E+03
2.67E+03
2.67E+03
2.66E+03
2.66E+03
2.66E+03
2.65E+03
2.65E+03
2.65E+03
2.65E+03
2.64E+03
2.64E+03
2.64E+03
2.63E+03
2.63E+03
2.63E+03
2.63E+03
2.62E+03
2.62E+03
2.61E+03
2.61E+03
2.61E+03
2.60E+03
2.60E+03
2.60E+03
2.60E+03
2.59E+03
2.59E+03
2.59E+03
2.58E+03
2.58E+03
2.58E+03
2.57E+03
2.57E+03
2.57E+03
2.57E+03
2.56E+03
2.56E+03
2.56E+03
2.55E+03
2.55E+03
2.55E+03
2.55E+03
2.54E+03
2.54E+03
2.54E+03
2.53E+03
2.53E+03
2.53E+03
2.53E+03
2.52E+03
2.52E+03
2.52E+03
2.51E+03
2.51E+03
2.51E+03
2.51E+03
2.50E+03
2.50E+03
2.50E+03
2.49E+03
2.49E+03
2.49E+03
2.48E+03
2.48E+03
2.48E+03
2.48E+03
2.47E+03
2.47E+03
2.47E+03
2.46E+03
2.46E+03
2.46E+03
2.45E+03
2.45E+03
2.45E+03
2.45E+03
2.44E+03
2.44E+03
2.44E+03
2.44E+03
2.43E+03
2.43E+03
2.43E+03
2.42E+03
2.42E+03
2.42E+03
2.42E+03
2.41E+03
2.41E+03
2.41E+03
2.41E+03
2.40E+03
2.40E+03
2.39E+03
2.39E+03
2.39E+03
2.39E+03
2.38E+03
2.38E+03
2.38E+03
2.37E+03
2.37E+03
2.37E+03
2.37E+03
2.36E+03
2.36E+03
2.36E+03
2.36E+03
2.35E+03
2.35E+03
2.35E+03
2.34E+03
2.34E+03
2.34E+03
2.34E+03
2.33E+03
2.33E+03
2.33E+03
2.32E+03
2.32E+03
2.32E+03
2.32E+03
2.31E+03
2.31E+03
2.31E+03
2.31E+03
2.30E+03
2.30E+03
2.30E+03
2.29E+03
2.29E+03
2.29E+03
2.29E+03
2.28E+03
2.28E+03
2.28E+03
2.27E+03
2.27E+03
2.27E+03
2.27E+03
2.26E+03
2.26E+03
2.26E+03
2.25E+03
2.25E+03
2.25E+03
2.24E+03
2.24E+03
2.24E+03
2.24E+03
2.23E+03
2.23E+03
2.23E+03
2.23E+03
2.23E+03
2.22E+03
2.22E+03
2.22E+03
2.22E+03
2.21E+03
2.21E+03
2.21E+03
2.21E+03
2.21E+03
2.20E+03
2.20E+03
2.20E+03
2.20E+03
2.20E+03
2.19E+03
2.19E+03
2.19E+03
2.19E+03
2.19E+03
2.18E+03
2.18E+03
2.18E+03
2.18E+03
2.18E+03
2.17E+03
2.17E+03
2.17E+03
2.17E+03
2.16E+03
2.16E+03
2.16E+03
2.16E+03
2.16E+03
2.15E+03
2.15E+03
2.15E+03
2.15E+03
2.15E+03
2.14E+03
2.14E+03
2.14E+03
2.14E+03
2.14E+03
2.13E+03
2.13E+03
2.13E+03
2.13E+03
2.13E+03
2.12E+03
2.12E+03
2.12E+03
2.12E+03
2.12E+03
2.11E+03
2.11E+03
2.11E+03
2.11E+03
2.11E+03
2.10E+03
2.10E+03
2.10E+03
2.10E+03
2.10E+03
2.09E+03
2.09E+03
2.09E+03
2.09E+03
2.09E+03
2.08E+03
2.08E+03
2.08E+03
2.08E+03
2.08E+03
2.07E+03
2.07E+03
2.07E+03
2.07E+03
2.07E+03
2.06E+03
2.06E+03
2.06E+03
2.06E+03
2.06E+03
2.05E+03
2.05E+03
2.05E+03
2.05E+03
2.05E+03
2.05E+03
2.04E+03
2.04E+03
2.04E+03
2.04E+03
2.04E+03
2.03E+03
2.03E+03
2.03E+03
2.03E+03
2.03E+03
2.02E+03
2.02E+03
2.02E+03
2.02E+03
2.02E+03
2.01E+03
2.01E+03
2.01E+03
2.01E+03
2.01E+03
2.00E+03
2.00E+03
2.00E+03
2.00E+03
2.00E+03
2.00E+03
1.99E+03
1.99E+03
1.99E+03
1.99E+03
1.99E+03
1.98E+03
1.98E+03
1.98E+03
1.98E+03
1.98E+03
1.97E+03
1.97E+03
1.97E+03
1.97E+03
1.97E+03
1.97E+03
1.96E+03
1.96E+03
1.96E+03
1.96E+03
1.96E+03
1.95E+03
1.95E+03
1.95E+03
1.95E+03
1.95E+03
1.94E+03
1.94E+03
1.94E+03
1.94E+03
1.94E+03
1.94E+03
1.93E+03
1.93E+03
1.93E+03
1.93E+03
1.93E+03
1.92E+03
1.92E+03
1.92E+03
1.92E+03
1.92E+03
1.92E+03
1.91E+03
1.91E+03
1.91E+03
1.91E+03
1.91E+03
1.90E+03
1.90E+03
1.90E+03
1.90E+03
1.90E+03
1.90E+03
1.89E+03
1.89E+03
1.89E+03
1.89E+03
1.89E+03
1.88E+03
1.88E+03
1.88E+03
1.88E+03
1.88E+03
1.88E+03
1.87E+03
1.87E+03
1.87E+03
1.87E+03
1.87E+03
1.86E+03
1.86E+03
1.86E+03
1.86E+03
1.86E+03
1.86E+03
1.85E+03
1.85E+03
1.85E+03
1.85E+03
1.85E+03
1.84E+03
1.84E+03
1.84E+03
1.84E+03
1.84E+03
1.84E+03
1.83E+03
1.83E+03
1.83E+03
1.83E+03
1.83E+03
1.83E+03
1.82E+03
1.82E+03
1.82E+03
1.82E+03
1.82E+03
1.81E+03
1.81E+03
1.81E+03
1.81E+03
1.81E+03
1.81E+03
1.80E+03
1.80E+03
1.80E+03
1.80E+03
1.80E+03
1.80E+03
1.79E+03
1.79E+03
1.79E+03
1.79E+03
1.79E+03
1.79E+03
1.78E+03
1.78E+03
1.78E+03
1.78E+03
1.78E+03
1.78E+03
1.77E+03
1.77E+03
1.77E+03
1.77E+03
1.77E+03
1.76E+03
1.76E+03
1.76E+03
1.76E+03
1.76E+03
1.76E+03
1.75E+03
1.75E+03
1.75E+03
1.75E+03
1.75E+03
1.75E+03
1.74E+03
1.74E+03
1.74E+03
1.74E+03
1.74E+03
1.74E+03
1.73E+03
1.73E+03
1.73E+03
1.73E+03
1.73E+03
1.73E+03
1.72E+03
1.72E+03
1.72E+03
1.72E+03
1.72E+03
1.72E+03
1.71E+03
1.71E+03
1.71E+03
1.71E+03
1.71E+03
1.71E+03
1.70E+03
1.70E+03
1.70E+03
1.70E+03
1.70E+03
1.70E+03
1.69E+03
1.69E+03
1.69E+03
1.69E+03
1.69E+03
1.69E+03
1.68E+03
1.68E+03
1.68E+03
1.68E+03
1.68E+03
1.68E+03
1.67E+03
1.67E+03
1.67E+03
1.67E+03
1.67E+03
1.67E+03
1.67E+03
1.66E+03
1.66E+03
1.66E+03
1.66E+03
1.66E+03
1.66E+03
1.65E+03
1.65E+03
1.65E+03
1.65E+03
1.65E+03
1.65E+03
1.64E+03
1.64E+03
1.64E+03
1.64E+03
1.64E+03
1.64E+03
1.63E+03
1.63E+03
1.63E+03
1.63E+03
1.63E+03
1.63E+03
1.62E+03
1.62E+03
1.62E+03
1.62E+03
1.62E+03
1.62E+03
1.62E+03
1.61E+03
1.61E+03
1.61E+03
1.61E+03
1.61E+03
1.61E+03
1.60E+03
1.60E+03
1.60E+03
1.60E+03
1.60E+03
1.60E+03
1.59E+03
1.59E+03
1.59E+03
1.59E+03
1.59E+03
1.59E+03
1.59E+03
1.58E+03
1.58E+03
1.58E+03
1.58E+03
1.58E+03
1.58E+03
1.57E+03
1.57E+03
1.57E+03
1.57E+03
1.57E+03
1.57E+03
1.57E+03
1.56E+03
1.56E+03
1.56E+03
1.56E+03
1.56E+03
1.56E+03
1.55E+03
1.55E+03
1.55E+03
1.55E+03
1.55E+03
1.55E+03
1.55E+03
1.54E+03
1.54E+03
1.54E+03
1.54E+03
1.54E+03
1.54E+03
1.53E+03
1.53E+03
1.53E+03
1.53E+03
1.53E+03
1.53E+03
1.53E+03
1.52E+03
1.52E+03
1.52E+03
1.52E+03
1.52E+03
1.52E+03
1.52E+03
1.51E+03
1.51E+03
1.51E+03
1.51E+03
1.51E+03
1.51E+03
1.50E+03
1.50E+03
1.50E+03
1.50E+03
1.50E+03
1.50E+03
1.50E+03
1.49E+03
1.49E+03
1.49E+03
1.49E+03
1.49E+03
1.49E+03
1.49E+03
1.48E+03
1.48E+03
1.48E+03
1.48E+03
1.48E+03
1.48E+03
1.48E+03
1.47E+03
1.47E+03
1.47E+03
1.47E+03
1.47E+03
1.47E+03
1.46E+03
1.46E+03
1.46E+03
1.46E+03
1.46E+03
1.46E+03
1.46E+03
1.45E+03
1.45E+03
1.45E+03
1.45E+03
1.45E+03
1.45E+03
1.45E+03
1.44E+03
1.44E+03
1.44E+03
1.44E+03
1.44E+03
1.44E+03
1.44E+03
1.43E+03
1.43E+03
1.43E+03
1.43E+03
1.43E+03
1.43E+03
1.43E+03
1.42E+03
1.42E+03
1.42E+03
1.42E+03
1.42E+03
1.42E+03
1.42E+03
1.41E+03
1.41E+03
1.41E+03
1.41E+03
1.41E+03
1.41E+03
1.41E+03
1.40E+03
1.40E+03
1.40E+03
1.40E+03
1.40E+03
1.40E+03
1.40E+03
1.39E+03
1.39E+03
1.39E+03
1.39E+03
1.39E+03
1.39E+03
1.39E+03
1.38E+03
1.38E+03
1.38E+03
1.38E+03
1.38E+03
1.38E+03
1.38E+03
1.37E+03
1.37E+03
1.37E+03
1.37E+03
1.37E+03
1.37E+03
1.37E+03
1.36E+03
1.36E+03
1.36E+03
1.36E+03
1.36E+03
1.36E+03
1.36E+03
1.35E+03
1.35E+03
1.35E+03
1.35E+03
1.35E+03
1.35E+03
1.35E+03
1.35E+03
1.34E+03
1.34E+03
1.34E+03
1.34E+03
1.34E+03
1.34E+03
1.34E+03
1.33E+03
1.33E+03
1.33E+03
1.33E+03
1.33E+03
1.33E+03
1.33E+03
1.32E+03
1.32E+03
1.32E+03
1.32E+03
1.32E+03
1.32E+03
1.32E+03
1.31E+03
1.31E+03
1.31E+03
1.31E+03
1.31E+03
1.31E+03
1.31E+03
1.31E+03
1.30E+03
1.30E+03
1.30E+03
1.30E+03
1.30E+03
1.30E+03
1.30E+03
1.29E+03
1.29E+03
1.29E+03
1.29E+03
1.29E+03
1.29E+03
1.29E+03
1.28E+03
1.28E+03
1.28E+03
1.28E+03
1.28E+03
1.28E+03
1.28E+03
1.28E+03
1.27E+03
1.27E+03
1.27E+03
1.27E+03
1.27E+03
1.27E+03
1.27E+03
1.26E+03
1.26E+03
1.26E+03
1.26E+03
1.26E+03
1.26E+03
1.25E+03
1.25E+03
1.25E+03
1.25E+03
1.25E+03
1.25E+03
1.25E+03
1.24E+03
1.24E+03
1.24E+03
1.24E+03
1.24E+03
1.24E+03
1.24E+03
1.24E+03
1.23E+03
1.23E+03
1.23E+03
1.23E+03
1.23E+03
1.23E+03
1.23E+03
1.23E+03
1.22E+03
1.22E+03
1.22E+03
1.22E+03
1.22E+03
1.22E+03
1.22E+03
1.22E+03
1.21E+03
1.21E+03
1.21E+03
1.21E+03
1.21E+03
1.21E+03
1.21E+03
1.21E+03
1.20E+03
1.20E+03
1.20E+03
1.20E+03
1.20E+03
1.20E+03
1.20E+03
1.20E+03
1.19E+03
1.19E+03
1.19E+03
1.19E+03
1.19E+03
1.19E+03
1.19E+03
1.19E+03
1.18E+03
1.18E+03
1.18E+03
1.18E+03
1.18E+03
1.18E+03
1.18E+03
1.18E+03
1.17E+03
1.17E+03
1.17E+03
1.17E+03
1.17E+03
1.17E+03
1.17E+03
1.17E+03
1.16E+03
1.16E+03
1.16E+03
1.16E+03
1.16E+03
1.16E+03
1.16E+03
1.16E+03
1.16E+03
1.15E+03
1.15E+03
1.15E+03
1.15E+03
1.15E+03
1.15E+03
1.15E+03
1.15E+03
1.14E+03
1.14E+03
1.14E+03
1.14E+03
1.14E+03
1.14E+03
1.14E+03
1.14E+03
1.13E+03
1.13E+03
1.13E+03
1.13E+03
1.13E+03
1.13E+03
1.13E+03
1.13E+03
1.12E+03
1.12E+03
1.12E+03
1.12E+03
1.12E+03
1.12E+03
1.12E+03
1.12E+03
1.11E+03
1.11E+03
1.11E+03
1.11E+03
1.11E+03
1.11E+03
1.11E+03
1.11E+03
1.11E+03
1.10E+03
1.10E+03
1.10E+03
1.10E+03
1.10E+03
1.10E+03
1.10E+03
1.10E+03
1.09E+03
1.09E+03
1.09E+03
1.09E+03
1.09E+03
1.09E+03
1.09E+03
1.09E+03
1.08E+03
1.08E+03
1.08E+03
1.08E+03
1.08E+03
1.08E+03
1.08E+03
1.08E+03
1.07E+03
1.07E+03
1.07E+03
1.07E+03
1.07E+03
1.07E+03
1.07E+03
1.07E+03
1.07E+03
1.06E+03
1.06E+03
1.06E+03
1.06E+03
1.06E+03
1.06E+03
1.06E+03
1.06E+03
1.05E+03
1.05E+03
1.05E+03
1.05E+03
1.05E+03
1.05E+03
1.05E+03
1.05E+03
1.05E+03
1.04E+03
1.04E+03
1.04E+03
1.04E+03
1.04E+03
1.04E+03
1.04E+03
1.04E+03
1.03E+03
1.03E+03
1.03E+03
1.03E+03
1.03E+03
1.03E+03
1.03E+03
1.03E+03
1.02E+03
1.02E+03
1.02E+03
1.02E+03
1.02E+03
1.02E+03
1.02E+03
1.02E+03
1.02E+03
1.01E+03
1.01E+03
1.01E+03
1.01E+03
1.01E+03
1.01E+03
1.01E+03
1.01E+03
1.00E+03
1.00E+03
1.00E+03
1.00E+03
1.00E+03
999
998
996
995
994
993
992
991
990
988
987
986
985
984
983
982
980
979
978
977
975
974
973
972
971
970
969
968
967
965
964
963
961
959
958
957
956
955
954
953
952
950
949
948
946
945
944
943
942
941
940
939
938
937
936
935
933
932
931
930
929
928
927
926
925
924
923
922
921
920
919
917
915
914
913
912
911
910
909
908
907
906
904
903
902
901
900
899
897
896
895
894
893
892
891
890
889
888
887
886
885
883
882
881
880
879
878
876
875
874
873
872
871
870
869
868
867
866
865
864
862
861
859
858
857
857
856
855
854
853
852
850
848
847
846
844
843
842
842
841
840
839
838
837
836
835
834
833
832
831
831
830
829
828
827
826
826
825
824
823
822
821
821
820
819
818
817
816
816
815
814
813
812
812
811
810
809
808
807
807
806
805
804
803
803
802
801
800
799
798
798
797
796
795
794
794
793
792
791
790
790
789
788
787
786
785
785
784
783
782
781
781
780
779
778
777
777
776
775
774
773
773
772
771
770
769
769
768
767
766
766
765
764
763
762
762
761
760
759
758
758
757
756
755
754
754
753
752
751
751
750
749
748
747
747
746
745
744
744
743
742
741
740
740
739
738
737
737
736
735
734
733
733
732
731
730
730
729
728
727
726
726
725
724
723
723
722
721
720
719
719
718
717
716
716
715
714
713
713
712
711
710
709
709
708
707
706
706
705
704
703
703
702
701
700
699
699
698
697
697
696
695
695
694
693
692
691
690
688
687
686
685
685
684
683
683
682
681
680
679
679
678
677
676
676
675
674
674
673
672
672
671
670
670
669
668
668
667
666
665
665
664
663
663
662
661
661
660
659
659
658
657
657
656
655
655
654
653
653
652
651
651
650
649
649
648
647
647
646
645
645
644
643
643
642
641
641
640
639
639
638
637
637
636
635
635
634
633
633
632
631
631
630
629
629
628
628
627
626
626
625
624
624
623
622
622
621
620
620
619
618
618
617
616
616
615
615
614
613
613
612
611
611
610
609
609
608
608
607
606
606
605
604
604
603
602
602
601
601
600
599
599
598
597
597
596
596
595
594
594
593
592
592
591
591
590
589
589
588
587
587
586
586
585
584
584
583
583
582
581
581
580
579
579
578
578
577
576
576
575
575
574
573
573
572
572
571
570
570
569
568
568
567
567
566
565
565
564
564
563
562
562
561
561
560
559
559
558
558
557
556
556
555
555
554
554
553
552
552
551
551
550
549
549
548
548
547
546
546
545
545
544
543
543
542
542
541
541
540
539
539
538
538
537
536
536
535
535
534
534
533
532
532
531
531
530
530
529
528
528
527
527
526
526
525
524
524
523
523
522
522
521
520
520
519
519
518
518
517
516
516
515
515
514
514
513
512
512
511
511
510
510
509
509
508
507
507
506
506
505
505
504
503
503
502
502
501
501
500
500
499
498
498
497
497
496
496
495
495
494
493
493
492
492
491
491
490
490
489
488
488
487
487
486
486
485
485
484
484
483
482
482
481
481
480
480
479
479
478
477
477
476
476
475
475
474
474
473
473
472
472
471
470
470
469
469
468
468
467
467
466
466
465
465
464
463
463
462
462
461
461
460
460
459
459
458
458
457
456
456
455
455
454
454
453
453
452
452
451
451
450
450
449
449
448
447
447
446
446
445
445
444
444
443
443
442
442
441
441
440
440
439
438
438
437
437
436
436
435
435
434
434
433
433
432
432
431
431
430
430
429
429
428
427
427
426
426
425
425
424
424
423
423
422
422
421
421
420
420
419
419
418
418
417
417
416
415
415
414
414
413
413
412
412
411
411
410
410
409
409
408
408
407
407
406
406
405
405
404
403
403
402
402
401
401
400
400
399
399
398
398
397
397
396
396
395
395
394
394
393
392
392
391
391
390
390
389
389
388
388
387
387
386
385
385
384
384
383
383
382
382
381
380
380
379
379
378
378
377
377
376
376
375
375
374
373
373
372
371
371
370
370
369
369
368
368
367
367
366
366
365
365
364
364
363
363
362
362
361
360
360
359
359
358
358
357
357
356
356
355
354
354
353
353
352
352
351
351
351
350
350
349
348
348
347
346
346
345
345
344
344
343
343
342
342
341
341
340
340
339
339
338
338
337
337
336
336
335
335
335
334
334
333
333
332
331
330
330
329
329
328
328
327
327
326
326
325
325
324
324
323
323
323
322
322
321
321
320
320
319
319
318
318
318
317
317
316
315
315
314
313
313
312
312
311
311
311
310
310
309
309
308
308
307
307
306
306
305
305
305
304
304
303
303
302
302
301
301
301
300
300
299
299
298
298
297
296
295
295
295
294
294
293
293
292
292
291
291
290
290
289
289
289
288
288
287
287
287
286
286
285
285
284
284
284
283
283
282
282
281
281
280
280
278
278
277
277
277
276
276
275
275
275
274
273
273
273
272
272
271
271
271
270
270
269
269
268
268
268
267
267
266
266
266
265
265
265
264
263
263
262
261
261
261
260
260
259
259
258
258
258
257
257
256
256
256
255
255
254
254
254
253
253
252
252
252
251
251
251
250
250
249
249
248
248
247
246
246
245
245
245
244
244
243
243
243
242
242
241
241
241
240
240
239
239
239
238
238
238
237
237
236
236
236
235
235
234
234
233
232
232
231
231
231
230
230
230
229
229
228
228
228
227
227
226
226
226
225
225
225
224
224
224
223
223
222
222
221
221
219
219
219
218
218
218
217
217
216
216
216
215
215
214
214
214
213
213
213
213
212
212
211
210
210
209
207
207
206
206
206
205
205
205
204
204
203
203
202
202
202
202
201
201
201
200
199
198
198
197
197
196
196
196
196
195
195
195
194
193
192
191
191
190
189
189
189
188
188
188
188
187
187
187
186
186
186
186
185
185
185
185
185
185
184
184
184
184
184
183
183
183
183
183
183
182
182
182
182
182
181
181
181
181
181
181
180
180
180
180
180
180
179
179
179
179
179
178
178
178
178
178
178
177
177
177
177
177
176
176
176
176
176
176
175
175
175
175
175
175
174
174
174
174
174
174
173
173
173
173
173
172
172
172
172
172
172
171
171
171
171
171
171
170
170
170
170
170
170
169
169
169
169
169
169
168
168
168
168
168
168
167
167
167
167
167
167
166
166
166
166
166
166
165
165
165
165
165
165
164
164
164
164
164
164
163
163
163
163
163
163
162
162
162
162
162
162
161
161
161
161
161
161
160
160
160
160
160
160
159
159
159
159
159
159
158
158
158
158
158
158
158
157
157
157
157
157
157
156
156
156
156
156
156
155
155
155
155
155
155
155
154
154
154
154
154
154
153
153
153
153
153
153
152
152
152
152
152
152
152
151
151
151
151
151
151
150
150
150
150
150
150
150
149
149
149
149
149
149
148
148
148
148
148
148
148
147
147
147
147
147
147
146
146
146
146
146
146
146
145
145
145
145
145
145
145
144
144
144
144
144
144
143
143
143
143
143
143
143
142
142
142
142
142
142
142
141
141
141
141
141
141
141
140
140
140
140
140
140
140
139
139
139
139
139
139
138
138
138
138
138
138
138
137
137
137
137
137
137
137
136
136
136
136
136
136
136
135
135
135
135
135
135
135
134
134
134
134
134
134
134
133
133
133
133
133
133
133
132
132
132
132
132
132
132
131
131
131
131
131
131
131
130
130
130
130
130
130
130
130
129
129
129
129
129
129
129
128
128
128
128
128
128
128
127
127
127
127
127
127
126
126
126
126
126
126
126
125
125
125
125
125
125
125
125
124
124
124
124
124
124
124
123
123
123
123
123
123
123
123
122
122
122
122
122
122
122
122
121
121
121
121
121
121
121
121
120
120
120
120
120
120
120
120
119
119
119
119
119
119
119
118
118
118
118
118
118
118
118
117
117
117
117
117
117
117
117
117
116
116
116
116
116
116
116
116
115
115
115
115
115
115
115
115
114
114
114
114
114
114
114
114
113
113
113
113
113
113
113
113
112
112
112
112
112
112
112
112
111
111
111
111
111
111
111
111
111
110
110
110
110
110
110
110
110
109
109
109
109
109
109
109
109
108
108
108
108
108
108
108
108
108
107
107
107
107
107
107
107
107
106
106
106
106
106
106
106
106
106
105
105
105
105
105
105
105
105
104
104
104
104
104
104
104
104
104
103
103
103
103
103
103
103
103
103
102
102
102
102
102
102
102
102
101
101
101
101
101
101
101
101
101
100
100
100
100
100
99.9
99.8
99.7
99.5
99.4
99.3
99.2
99.1
99
98.9
98.7
98.6
98.5
98.4
98.3
98.2
98.1
97.9
97.8
97.7
97.6
97.5
97.4
97.3
97.2
97.1
96.9
96.8
96.7
96.6
96.5
96.4
96.3
96.2
96
95.9
95.8
95.7
95.6
95.5
95.4
95.3
95.1
95
94.9
94.8
94.7
94.6
94.5
94.4
94.2
94.1
94
93.9
93.8
93.7
93.6
93.5
93.4
93.2
93.1
93
92.9
92.8
92.7
92.6
92.5
92.3
92.2
92.1
92
91.9
91.8
91.7
91.6
91.5
91.3
91.2
91.1
91
90.9
90.8
90.6
90.5
90.4
90.3
90.2
90.1
90
89.9
89.8
89.6
89.5
89.4
89.2
89.1
89
88.9
88.8
88.7
88.6
88.5
88.4
88.3
88.1
88
87.9
87.8
87.7
87.6
87.5
87.4
87.3
87.1
87
86.8
86.7
86.6
86.5
86.4
86.3
86.2
86.1
86
85.9
85.8
85.7
85.6
85.4
85.3
85.2
85.1
85
84.9
84.8
84.7
84.6
84.5
84.4
84.3
84.2
84.1
83.9
83.7
83.6
83.5
83.4
83.3
83.2
83.1
83
82.9
82.8
82.7
82.6
82.5
82.4
82.3
82.2
82.1
82
81.9
81.8
81.6
81.5
81.4
81.3
81.2
81.1
81
80.9
80.9
80.8
80.6
80.5
80.4
80.3
80.2
80
79.9
79.8
79.7
79.6
79.5
79.4
79.3
79.2
79.1
79
78.9
78.8
78.6
78.5
78.4
78.4
78.3
78.2
78.1
78
77.9
77.8
77.7
77.6
77.5
77.4
77.3
77.2
77.1
77
76.9
76.8
76.7
76.6
76.5
76.4
76.3
76.2
76.1
76
75.7
75.7
75.6
75.5
75.4
75.3
75.2
75.1
75
74.9
74.8
74.7
74.6
74.5
74.4
74.3
74.2
74.1
74
73.9
73.8
73.7
73.6
73.5
73.4
73.3
73.3
73.2
73.1
73
72.9
72.8
72.7
72.6
72.5
72.4
72.3
72.2
72.2
72.1
72
71.9
71.8
71.7
71.6
71.4
71.2
71.1
71
70.9
70.9
70.8
70.7
70.6
70.5
70.4
70.3
70.2
70.1
70
69.9
69.8
69.7
69.6
69.6
69.5
69.4
69.3
69.2
69.1
69
68.9
68.8
68.8
68.7
68.6
68.5
68.4
68.3
68.2
68.1
68
68
67.9
67.8
67.7
67.6
67.5
67.5
67.4
67.3
67.2
67.1
67
66.8
66.6
66.5
66.4
66.4
66.3
66.2
66.1
66
65.9
65.8
65.8
65.7
65.6
65.5
65.4
65.3
65.2
65.1
65
65
64.9
64.8
64.7
64.6
64.5
64.4
64.4
64.3
64.2
64.1
64
63.9
63.9
63.8
63.7
63.6
63.5
63.4
63.3
63.3
63.2
63.1
63
62.9
62.9
62.8
62.7
62.6
62.5
62.4
62.3
62.2
61.9
61.9
61.8
61.7
61.6
61.5
61.5
61.4
61.3
61.2
61.1
61
61
60.9
60.8
60.7
60.6
60.5
60.5
60.4
60.3
60.2
60.1
60
60
59.9
59.8
59.7
59.6
59.6
59.5
59.4
59.3
59.2
59.2
59.1
59
58.9
58.9
58.8
58.7
58.6
58.5
58.5
58.4
58.3
58.3
58.2
58.1
58
57.9
57.8
57.7
57.5
57.4
57.3
57.3
57.2
57.1
57
56.9
56.9
56.8
56.7
56.7
56.6
56.5
56.4
56.3
56.2
56.1
55.9
55.9
55.8
55.7
55.7
55.6
55.5
55.4
55.4
55.3
55.2
55.1
55.1
55
54.9
54.8
54.8
54.7
54.6
54.5
54.5
54.4
54.3
54.3
54.2
54.1
54.1
54
53.9
53.9
53.8
53.7
53.6
53.5
53.4
53.2
53.1
53.1
53
52.9
52.9
52.8
52.7
52.7
52.6
52.5
52.5
52.4
52.3
52.2
52.1
52.1
52
51.9
51.9
51.8
51.7
51.7
51.6
51.5
51.5
51.4
51.3
51.3
51.2
51.1
51.1
51
50.9
50.9
50.8
50.7
50.7
50.6
50.5
50.5
50.4
50.3
50.3
50.2
50.2
50.1
50
49.9
49.9
49.8
49.7
49.5
49.4
49.3
49.3
49.2
49.1
49.1
49
49
48.9
48.8
48.7
48.7
48.6
48.5
48.5
48.4
48.3
48.3
48.2
48.1
48.1
48
47.9
47.9
47.8
47.8
47.7
47.6
47.6
47.5
47.4
47.4
47.3
47.3
47.2
47.1
47.1
47
46.9
46.9
46.8
46.8
46.7
46.6
46.6
46.5
46.4
46.3
46.1
46.1
46
45.9
45.9
45.8
45.8
45.7
45.6
45.6
45.5
45.4
45.4
45.3
45.2
45.2
45.1
45
45
44.9
44.9
44.8
44.7
44.7
44.6
44.6
44.5
44.4
44.4
44.3
44.3
44.2
44.1
44.1
44
44
43.9
43.9
43.8
43.7
43.7
43.6
43.5
43.5
43.4
43.2
43.1
43.1
43
42.9
42.9
42.8
42.8
42.7
42.7
42.6
42.5
42.5
42.4
42.3
42.3
42.2
42.1
42.1
42
42
41.9
41.9
41.8
41.7
41.7
41.6
41.6
41.5
41.5
41.4
41.4
41.3
41.3
41.2
41.1
41.1
41
40.9
40.8
40.7
40.6
40.5
40.5
40.4
40.4
40.3
40.3
40.2
40.1
40.1
40
40
39.9
39.8
39.8
39.7
39.7
39.6
39.6
39.5
39.4
39.4
39.3
39.3
39.3
39.2
39.2
39.1
39
39
38.9
38.8
38.6
38.6
38.5
38.5
38.4
38.4
38.3
38.3
38.2
38.2
38.1
38
38
37.9
37.8
37.8
37.7
37.7
37.7
37.6
37.6
37.5
37.4
37.4
37.3
37.2
37
37
36.9
36.9
36.8
36.8
36.8
36.7
36.7
36.6
36.6
36.6
36.5
36.4
36.4
36.3
36.2
36.2
36.1
36
35.9
35.9
35.8
35.7
35.7
35.5
35.3
35.3
35.2
35.2
35.2
35.1
35.1
35
35
34.9
34.9
34.8
34.8
34.7
34.7
34.6
34.6
34.6
34.5
34.5
34.5
34.4
34.4
34.3
34.3
34.3
34.2
34.2
34.2
34.1
34.1
34.1
34
34
34
33.9
33.9
33.8
33.8
33.8
33.7
33.7
33.7
33.6
33.6
33.6
33.5
33.5
33.5
33.4
33.4
33.3
33.3
33.3
33.2
33.2
33.2
33.1
33.1
33.1
33
33
33
32.9
32.9
32.9
32.8
32.8
32.8
32.7
32.7
32.7
32.6
32.6
32.6
32.5
32.5
32.4
32.4
32.4
32.3
32.3
32.3
32.2
32.2
32.2
32.1
32.1
32.1
32
32
32
31.9
31.9
31.9
31.8
31.8
31.8
31.7
31.7
31.7
31.6
31.6
31.6
31.5
31.5
31.5
31.4
31.4
31.4
31.3
31.3
31.3
31.2
31.2
31.2
31.1
31.1
31.1
31
31
31
30.9
30.9
30.9
30.8
30.8
30.8
30.7
30.7
30.7
30.6
30.6
30.6
30.5
30.5
30.5
30.4
30.4
30.4
30.3
30.3
30.3
30.2
30.2
30.2
30.1
30.1
30.1
30.1
30
30
30
29.9
29.9
29.9
29.8
29.8
29.8
29.7
29.7
29.7
29.6
29.6
29.6
29.5
29.5
29.5
29.4
29.4
29.4
29.4
29.3
29.3
29.3
29.2
29.2
29.2
29.1
29.1
29.1
29
29
29
28.9
28.9
28.9
28.8
28.8
28.8
28.8
28.7
28.7
28.7
28.6
28.6
28.6
28.5
28.5
28.5
28.4
28.4
28.4
28.3
28.3
28.3
28.3
28.2
28.2
28.2
28.1
28.1
28.1
28
28
28
27.9
27.9
27.9
27.8
27.8
27.8
27.8
27.7
27.7
27.7
27.6
27.6
27.6
27.5
27.5
27.5
27.5
27.4
27.4
27.4
27.3
27.3
27.3
27.2
27.2
27.2
27.1
27.1
27.1
27
27
27
26.9
26.9
26.9
26.9
26.8
26.8
26.8
26.7
26.7
26.7
26.6
26.6
26.6
26.6
26.5
26.5
26.5
26.4
26.4
26.4
26.4
26.3
26.3
26.3
26.2
26.2
26.2
26.2
26.1
26.1
26.1
26
26
26
26
25.9
25.9
25.9
25.8
25.8
25.8
25.8
25.7
25.7
25.7
25.6
25.6
25.6
25.6
25.5
25.5
25.5
25.4
25.4
25.4
25.4
25.3
25.3
25.3
25.2
25.2
25.2
25.2
25.1
25.1
25.1
25
25
25
25
24.9
24.9
24.9
24.9
24.8
24.8
24.8
24.7
24.7
24.7
24.7
24.6
24.6
24.6
24.5
24.5
24.5
24.5
24.4
24.4
24.4
24.4
24.3
24.3
24.3
24.2
24.2
24.2
24.2
24.1
24.1
24.1
24.1
24
24
24
23.9
23.9
23.9
23.9
23.8
23.8
23.8
23.8
23.7
23.7
23.7
23.7
23.6
23.6
23.6
23.5
23.5
23.5
23.5
23.4
23.4
23.4
23.4
23.3
23.3
23.3
23.3
23.2
23.2
23.2
23.1
23.1
23.1
23.1
23
23
23
23
22.9
22.9
22.9
22.9
22.8
22.8
22.8
22.8
22.7
22.7
22.7
22.7
22.6
22.6
22.6
22.5
22.5
22.5
22.5
22.4
22.4
22.4
22.4
22.3
22.3
22.3
22.3
22.2
22.2
22.2
22.2
22.1
22.1
22.1
22.1
22
22
22
22
21.9
21.9
21.9
21.9
21.8
21.8
21.8
21.8
21.7
21.7
21.7
21.7
21.6
21.6
21.6
21.6
21.5
21.5
21.5
21.5
21.4
21.4
21.4
21.4
21.3
21.3
21.3
21.3
21.2
21.2
21.2
21.2
21.1
21.1
21.1
21.1
21
21
21
21
20.9
20.9
20.9
20.9
20.8
20.8
20.8
20.8
20.7
20.7
20.7
20.7
20.6
20.6
20.6
20.6
20.5
20.5
20.5
20.5
20.4
20.4
20.4
20.4
20.3
20.3
20.3
20.3
20.2
20.2
20.2
20.2
20.1
20.1
20.1
20.1
20
20
20
20
20
19.9
19.9
19.9
19.9
19.8
19.8
19.8
19.8
19.7
19.7
19.7
19.7
19.6
19.6
19.6
19.6
19.5
19.5
19.5
19.5
19.5
19.4
19.4
19.4
19.4
19.3
19.3
19.3
19.3
19.2
19.2
19.2
19.2
19.1
19.1
19.1
19.1
19.1
19
19
19
19
18.9
18.9
18.9
18.9
18.8
18.8
18.8
18.8
18.7
18.7
18.7
18.7
18.7
18.6
18.6
18.6
18.6
18.5
18.5
18.5
18.5
18.4
18.4
18.4
18.4
18.4
18.3
18.3
18.3
18.3
18.2
18.2
18.2
18.2
18.2
18.1
18.1
18.1
18.1
18
18
18
18
17.9
17.9
17.9
17.9
17.9
17.8
17.8
17.8
17.8
17.7
17.7
17.7
17.7
17.6
17.6
17.6
17.6
17.6
17.5
17.5
17.5
17.5
17.4
17.4
17.4
17.4
17.4
17.3
17.3
17.3
17.3
17.2
17.2
17.2
17.2
17.2
17.1
17.1
17.1
17.1
17
17
17
17
17
16.9
16.9
16.9
16.9
16.8
16.8
16.8
16.8
16.8
16.7
16.7
16.7
16.7
16.6
16.6
16.6
16.6
16.6
16.5
16.5
16.5
16.5
16.4
16.4
16.4
16.4
16.4
16.3
16.3
16.3
16.3
16.2
16.2
16.2
16.2
16.2
16.1
16.1
16.1
16.1
16.1
16
16
16
16
15.9
15.9
15.9
15.9
15.9
15.8
15.8
15.8
15.8
15.8
15.7
15.7
15.7
15.7
15.6
15.6
15.6
15.6
15.6
15.5
15.5
15.5
15.5
15.5
15.4
15.4
15.4
15.4
15.3
15.3
15.3
15.3
15.3
15.2
15.2
15.2
15.2
15.2
15.1
15.1
15.1
15.1
15.1
15
15
15
15
14.9
14.9
14.9
14.9
14.9
14.8
14.8
14.8
14.8
14.8
14.7
14.7
14.7
14.7
14.7
14.6
14.6
14.6
14.6
14.6
14.5
14.5
14.5
14.5
14.4
14.4
14.4
14.4
14.4
14.3
14.3
14.3
14.3
14.3
14.2
14.2
14.2
14.2
14.2
14.1
14.1
14.1
14.1
14.1
14
14
14
14
14
13.9
13.9
13.9
13.9
13.9
13.8
13.8
13.8
13.8
13.8
13.7
13.7
13.7
13.7
13.7
13.6
13.6
13.6
13.6
13.6
13.5
13.5
13.5
13.5
13.5
13.4
13.4
13.4
13.4
13.4
13.3
13.3
13.3
13.3
13.3
13.2
13.2
13.2
13.2
13.2
13.1
13.1
13.1
13.1
13.1
13
13
13
13
13
12.9
12.9
12.9
12.9
12.9
12.8
12.8
12.8
12.8
12.8
12.7
12.7
12.7
12.7
12.7
12.6
12.6
12.6
12.6
12.6
12.5
12.5
12.5
12.5
12.5
12.4
12.4
12.4
12.4
12.4
12.3
12.3
12.3
12.3
12.3
12.3
12.2
12.2
12.2
12.2
12.2
12.1
12.1
12.1
12.1
12.1
12
12
12
12
12
11.9
11.9
11.9
11.9
11.9
11.8
11.8
11.8
11.8
11.8
11.8
11.7
11.7
11.7
11.7
11.7
11.6
11.6
11.6
11.6
11.6
11.5
11.5
11.5
11.5
11.5
11.4
11.4
11.4
11.4
11.4
11.3
11.3
11.3
11.3
11.3
11.2
11.2
11.2
11.2
11.2
11.1
11.1
11.1
11.1
11.1
11
11
11
11
11
10.9
10.9
10.9
10.9
10.9
10.9
10.8
10.8
10.8
10.8
10.8
10.7
10.7
10.7
10.7
10.7
10.7
10.6
10.6
10.6
10.6
10.6
10.5
10.5
10.5
10.5
10.5
10.4
10.4
10.4
10.4
10.4
10.4
10.3
10.3
10.3
10.3
10.3
10.2
10.2
10.2
10.2
10.2
10.2
10.1
10.1
10.1
10.1
10.1
10
10
10
9.98
9.96
9.94
9.93
9.91
9.89
9.87
9.85
9.84
9.82
9.8
9.78
9.76
9.74
9.73
9.71
9.69
9.67
9.65
9.63
9.62
9.6
9.58
9.56
9.54
9.53
9.51
9.49
9.47
9.45
9.43
9.42
9.4
9.38
9.36
9.34
9.32
9.31
9.29
9.27
9.25
9.23
9.21
9.2
9.18
9.16
9.14
9.12
9.11
9.09
9.07
9.05
9.03
9.01
9
8.98
8.96
8.94
8.93
8.91
8.89
8.87
8.85
8.83
8.81
8.79
8.77
8.75
8.73
8.71
8.69
8.68
8.66
8.64
8.62
8.6
8.59
8.57
8.55
8.53
8.51
8.49
8.48
8.46
8.44
8.42
8.4
8.38
8.36
8.34
8.33
8.31
8.29
8.27
8.25
8.23
8.22
8.2
8.18
8.16
8.14
8.12
8.1
8.09
8.07
8.05
8.03
8.01
7.99
7.98
7.96
7.94
7.92
7.9
7.88
7.86
7.84
7.83
7.81
7.79
7.77
7.75
7.73
7.71
7.69
7.68
7.66
7.64
7.62
7.6
7.58
7.56
7.54
7.53
7.51
7.49
7.47
7.45
7.43
7.41
7.39
7.36
7.34
7.32
7.3
7.28
7.27
7.25
7.23
7.21
7.19
7.17
7.15
7.13
7.11
7.09
7.07
7.05
7.03
7.01
6.99
6.97
6.95
6.93
6.92
6.9
6.88
6.86
6.84
6.82
6.8
6.78
6.76
6.74
6.72
6.7
6.68
6.66
6.64
6.62
6.6
6.58
6.56
6.54
6.52
6.5
6.48
6.46
6.44
6.42
6.4
6.38
6.36
6.34
6.32
6.3
6.27
6.25
6.23
6.21
6.19
6.17
6.15
6.13
6.11
6.09
6.07
6.05
6.03
6
5.98
5.96
5.94
5.91
5.89
5.86
5.84
5.82
5.8
5.78
5.76
5.74
5.71
5.69
5.67
5.65
5.63
5.6
5.58
5.56
5.54
5.51
5.49
5.47
5.45
5.42
5.4
5.38
5.35
5.33
5.31
5.29
5.26
5.24
5.22
5.19
5.17
5.14
5.12
5.1
5.07
5.05
5.02
5
4.98
4.95
4.93
4.9
4.88
4.85
4.83
4.8
4.78
4.75
4.73
4.7
4.67
4.65
4.62
4.6
4.57
4.54
4.52
4.49
4.46
4.44
4.41
4.38
4.36
4.33
4.3
4.27
4.24
4.21
4.18
4.15
4.12
4.09
4.06
4.03
4
3.97
3.94
3.91
3.88
3.85
3.82
3.78
3.75
3.72
3.69
3.65
3.62
3.59
3.55
3.52
3.49
3.45
3.42
3.38
3.34
3.31
3.27
3.23
3.19
3.15
3.11
3.08
3.04
3
2.95
2.91
2.87
2.83
2.78
2.73
2.68
2.64
2.61
2.57
2.53
2.5
2.46
2.43
2.4
2.37
2.35
2.32
2.22
2.14
2.1
2.08
2.04
2
1.95
1.9
1.83
1.74
1.62
1.47
1.28
1.02
1.50E-03