Filename: ubcmaCequ.001
Emin,Emax,Jo,IJ: 0.5000     1.0000E+0410000    1
L,Iono,Io,B1,BO:  4.60       34   80 0.393     3.185E-03
Idate,UT,time,delt: 86079      0.0  0.00     1.000E+05
Knum1-4,Ko:   5  20  90  20 135
Ne(Iono,Itop,Iono+Ip): 6.584E+04  21.2     6.584E+04
F107,F107A,MLAT,MLONG:  150.      150.      60.4      0.00    
Iono1: STL,GLAT,GLONG,SZA:  0.00      60.4      0.00      120.    
Iono2: STL,GLAT,GLONG,SZA:  0.00      60.4      0.00      120.    
AP vector:  17.0      3.00      3.00      5.00      5.00      4.50      8.00    
Photoelectrons allowed in Iono1,Iono2: No  No 
Primary electron beam(E,Mu): No primary beam     , No Mu function
 Equatorial pitch angle distributions at given KEs
   Theta     2.00       5.00       10.0       20.0       30.0       50.0    
  0.00      6.032E+03  1.841E+04  2.445E+04  2.037E+04  1.590E+04  1.274E+04
  1.03      6.032E+03  1.841E+04  2.445E+04  2.037E+04  1.590E+04  1.274E+04
  2.07      6.031E+03  1.840E+04  2.444E+04  2.034E+04  1.585E+04  1.269E+04
  3.10      6.030E+03  1.839E+04  2.442E+04  2.028E+04  1.577E+04  1.259E+04
  4.13      6.029E+03  1.838E+04  2.439E+04  2.020E+04  1.563E+04  1.241E+04
  5.16      6.028E+03  1.838E+04  2.438E+04  2.017E+04  1.558E+04  1.235E+04
  5.42      6.028E+03  1.837E+04  2.437E+04  2.013E+04  1.552E+04  1.228E+04
  5.68      6.027E+03  1.837E+04  2.436E+04  2.010E+04  1.546E+04  1.221E+04
  5.94      6.027E+03  1.836E+04  2.434E+04  2.006E+04  1.540E+04  1.213E+04
  6.20      6.026E+03  1.836E+04  2.433E+04  2.002E+04  1.534E+04  1.205E+04
  6.46      6.025E+03  1.835E+04  2.432E+04  1.997E+04  1.527E+04  1.197E+04
  6.71      6.025E+03  1.835E+04  2.430E+04  1.993E+04  1.520E+04  1.188E+04
  6.97      6.024E+03  1.834E+04  2.428E+04  1.988E+04  1.512E+04  1.179E+04
  7.23      6.023E+03  1.833E+04  2.427E+04  1.983E+04  1.504E+04  1.169E+04
  7.49      6.022E+03  1.833E+04  2.425E+04  1.978E+04  1.496E+04  1.160E+04
  7.75      6.022E+03  1.832E+04  2.423E+04  1.972E+04  1.488E+04  1.150E+04
  8.01      6.021E+03  1.831E+04  2.421E+04  1.966E+04  1.480E+04  1.140E+04
  8.26      6.020E+03  1.830E+04  2.419E+04  1.960E+04  1.471E+04  1.129E+04
  8.52      6.019E+03  1.829E+04  2.417E+04  1.954E+04  1.462E+04  1.118E+04
  8.78      6.018E+03  1.829E+04  2.415E+04  1.948E+04  1.454E+04  1.107E+04
  9.04      6.017E+03  1.828E+04  2.413E+04  1.941E+04  1.447E+04  1.096E+04
  9.30      6.016E+03  1.827E+04  2.411E+04  1.935E+04  1.439E+04  1.085E+04
  9.55      6.015E+03  1.826E+04  2.408E+04  1.928E+04  1.431E+04  1.073E+04
  9.81      6.014E+03  1.825E+04  2.406E+04  1.921E+04  1.424E+04  1.061E+04
  10.1      6.013E+03  1.824E+04  2.403E+04  1.913E+04  1.416E+04  1.049E+04
  10.3      6.010E+03  1.821E+04  2.397E+04  1.894E+04  1.395E+04  1.018E+04
  11.0      6.006E+03  1.818E+04  2.390E+04  1.874E+04  1.373E+04  9.865E+03
  11.6      6.003E+03  1.815E+04  2.382E+04  1.852E+04  1.350E+04  9.539E+03
  12.3      5.999E+03  1.812E+04  2.374E+04  1.830E+04  1.327E+04  9.208E+03
  12.9      5.995E+03  1.808E+04  2.366E+04  1.806E+04  1.302E+04  8.873E+03
  13.6      5.991E+03  1.804E+04  2.357E+04  1.782E+04  1.277E+04  8.535E+03
  14.2      5.986E+03  1.800E+04  2.348E+04  1.757E+04  1.251E+04  8.197E+03
  14.9      5.982E+03  1.796E+04  2.338E+04  1.730E+04  1.225E+04  7.859E+03
  15.5      5.977E+03  1.792E+04  2.328E+04  1.703E+04  1.198E+04  7.524E+03
  16.2      5.972E+03  1.788E+04  2.317E+04  1.676E+04  1.171E+04  7.191E+03
  16.8      5.966E+03  1.783E+04  2.306E+04  1.647E+04  1.143E+04  6.863E+03
  17.5      5.961E+03  1.778E+04  2.295E+04  1.618E+04  1.116E+04  6.540E+03
  18.1      5.955E+03  1.773E+04  2.283E+04  1.588E+04  1.087E+04  6.224E+03
  18.8      5.949E+03  1.768E+04  2.271E+04  1.558E+04  1.059E+04  5.914E+03
  19.4      5.942E+03  1.762E+04  2.259E+04  1.527E+04  1.030E+04  5.612E+03
  20.1      5.936E+03  1.757E+04  2.246E+04  1.495E+04  1.001E+04  5.318E+03
  20.7      5.929E+03  1.751E+04  2.232E+04  1.463E+04  9.726E+03  5.034E+03
  21.4      5.922E+03  1.745E+04  2.219E+04  1.431E+04  9.439E+03  4.758E+03
  22.0      5.915E+03  1.739E+04  2.204E+04  1.398E+04  9.152E+03  4.492E+03
  22.7      5.907E+03  1.733E+04  2.190E+04  1.365E+04  8.866E+03  4.236E+03
  23.3      5.900E+03  1.726E+04  2.175E+04  1.332E+04  8.581E+03  3.989E+03
  24.0      5.892E+03  1.719E+04  2.160E+04  1.299E+04  8.298E+03  3.753E+03
  24.6      5.883E+03  1.712E+04  2.144E+04  1.265E+04  8.018E+03  3.526E+03
  25.3      5.875E+03  1.705E+04  2.128E+04  1.232E+04  7.741E+03  3.309E+03
  25.9      5.866E+03  1.698E+04  2.112E+04  1.198E+04  7.467E+03  3.101E+03
  26.6      5.857E+03  1.690E+04  2.096E+04  1.170E+04  7.196E+03  2.904E+03
  27.2      5.847E+03  1.683E+04  2.080E+04  1.145E+04  6.929E+03  2.717E+03
  27.9      5.837E+03  1.675E+04  2.063E+04  1.120E+04  6.666E+03  2.539E+03
  28.5      5.827E+03  1.667E+04  2.047E+04  1.096E+04  6.408E+03  2.370E+03
  29.2      5.817E+03  1.658E+04  2.029E+04  1.071E+04  6.154E+03  2.227E+03
  29.8      5.807E+03  1.650E+04  2.012E+04  1.046E+04  5.905E+03  2.103E+03
  30.5      5.796E+03  1.641E+04  1.994E+04  1.022E+04  5.662E+03  1.985E+03
  31.1      5.784E+03  1.632E+04  1.976E+04  9.976E+03  5.425E+03  1.873E+03
  31.8      5.773E+03  1.623E+04  1.957E+04  9.734E+03  5.193E+03  1.767E+03
  32.4      5.761E+03  1.614E+04  1.939E+04  9.493E+03  4.997E+03  1.667E+03
  33.1      5.749E+03  1.604E+04  1.920E+04  9.252E+03  4.825E+03  1.571E+03
  33.7      5.736E+03  1.595E+04  1.900E+04  9.012E+03  4.647E+03  1.481E+03
  34.3      5.723E+03  1.585E+04  1.881E+04  8.775E+03  4.459E+03  1.395E+03
  35.0      5.710E+03  1.575E+04  1.861E+04  8.539E+03  4.277E+03  1.314E+03
  35.6      5.697E+03  1.565E+04  1.841E+04  8.306E+03  4.099E+03  1.237E+03
  36.3      5.683E+03  1.555E+04  1.820E+04  8.074E+03  3.926E+03  1.164E+03
  36.9      5.669E+03  1.545E+04  1.800E+04  7.845E+03  3.758E+03  1.095E+03
  37.6      5.654E+03  1.535E+04  1.778E+04  7.619E+03  3.594E+03  1.030E+03
  38.2      5.639E+03  1.525E+04  1.754E+04  7.395E+03  3.436E+03   968.    
  38.9      5.624E+03  1.514E+04  1.730E+04  7.174E+03  3.283E+03   909.    
  39.5      5.608E+03  1.504E+04  1.706E+04  6.956E+03  3.134E+03   853.    
  40.2      5.591E+03  1.492E+04  1.682E+04  6.730E+03  2.989E+03   800.    
  40.8      5.575E+03  1.480E+04  1.657E+04  6.532E+03  2.850E+03   755.    
  41.5      5.557E+03  1.469E+04  1.633E+04  6.363E+03  2.715E+03   717.    
  42.1      5.539E+03  1.457E+04  1.608E+04  6.197E+03  2.584E+03   680.    
  42.8      5.519E+03  1.444E+04  1.583E+04  6.033E+03  2.458E+03   646.    
  43.4      5.499E+03  1.432E+04  1.558E+04  5.872E+03  2.353E+03   613.    
  44.1      5.479E+03  1.419E+04  1.534E+04  5.713E+03  2.264E+03   581.    
  44.7      5.457E+03  1.407E+04  1.510E+04  5.558E+03  2.178E+03   551.    
  45.4      5.435E+03  1.394E+04  1.486E+04  5.405E+03  2.095E+03   522.    
  46.0      5.413E+03  1.381E+04  1.461E+04  5.255E+03  2.015E+03   495.    
  46.7      5.391E+03  1.368E+04  1.437E+04  5.108E+03  1.937E+03   469.    
  47.3      5.367E+03  1.354E+04  1.412E+04  4.964E+03  1.861E+03   445.    
  48.0      5.344E+03  1.341E+04  1.388E+04  4.822E+03  1.788E+03   421.    
  48.6      5.320E+03  1.327E+04  1.364E+04  4.684E+03  1.717E+03   398.    
  49.3      5.295E+03  1.314E+04  1.339E+04  4.549E+03  1.649E+03   380.    
  49.9      5.270E+03  1.300E+04  1.315E+04  4.418E+03  1.584E+03   363.    
  50.6      5.244E+03  1.286E+04  1.291E+04  4.289E+03  1.521E+03   347.    
  51.2      5.219E+03  1.272E+04  1.267E+04  4.167E+03  1.460E+03   330.    
  51.9      5.192E+03  1.258E+04  1.243E+04  4.050E+03  1.399E+03   313.    
  52.5      5.165E+03  1.244E+04  1.219E+04  3.937E+03  1.346E+03   298.    
  53.2      5.138E+03  1.229E+04  1.195E+04  3.827E+03  1.301E+03   283.    
  53.8      5.111E+03  1.215E+04  1.172E+04  3.720E+03  1.258E+03   269.    
  54.5      5.083E+03  1.201E+04  1.149E+04  3.616E+03  1.216E+03   255.    
  55.1      5.054E+03  1.186E+04  1.126E+04  3.516E+03  1.177E+03   242.    
  55.8      5.025E+03  1.172E+04  1.104E+04  3.418E+03  1.139E+03   230.    
  56.4      4.996E+03  1.157E+04  1.083E+04  3.319E+03  1.102E+03   220.    
  57.1      4.967E+03  1.143E+04  1.061E+04  3.217E+03  1.067E+03   211.    
  57.7      4.937E+03  1.128E+04  1.039E+04  3.118E+03  1.033E+03   202.    
  58.4      4.907E+03  1.114E+04  1.017E+04  3.023E+03  1.001E+03   194.    
  59.0      4.877E+03  1.099E+04  9.958E+03  2.931E+03   971.       187.    
  59.7      4.846E+03  1.085E+04  9.748E+03  2.846E+03   942.       179.    
  60.3      4.815E+03  1.071E+04  9.541E+03  2.765E+03   915.       172.    
  61.0      4.784E+03  1.057E+04  9.339E+03  2.688E+03   890.       166.    
  61.6      4.753E+03  1.042E+04  9.141E+03  2.614E+03   866.       159.    
  62.3      4.721E+03  1.028E+04  8.948E+03  2.543E+03   843.       153.    
  62.9      4.690E+03  1.012E+04  8.760E+03  2.476E+03   821.       148.    
  63.6      4.658E+03  9.969E+03  8.577E+03  2.412E+03   799.       144.    
  64.2      4.627E+03  9.817E+03  8.400E+03  2.351E+03   777.       139.    
  64.9      4.595E+03  9.667E+03  8.228E+03  2.294E+03   756.       135.    
  65.5      4.563E+03  9.520E+03  8.061E+03  2.239E+03   737.       131.    
  66.2      4.531E+03  9.376E+03  7.900E+03  2.187E+03   719.       128.    
  66.8      4.500E+03  9.234E+03  7.744E+03  2.140E+03   702.       124.    
  67.5      4.468E+03  9.096E+03  7.594E+03  2.097E+03   686.       121.    
  68.1      4.437E+03  8.961E+03  7.450E+03  2.054E+03   671.       118.    
  68.8      4.386E+03  8.748E+03  7.227E+03  1.985E+03   648.       113.    
  69.8      4.335E+03  8.545E+03  7.020E+03  1.922E+03   627.       109.    
  70.9      4.285E+03  8.351E+03  6.827E+03  1.864E+03   608.       105.    
  71.9      4.235E+03  8.166E+03  6.635E+03  1.810E+03   590.       101.    
  73.0      4.186E+03  7.990E+03  6.443E+03  1.760E+03   574.       97.2    
  74.1      4.136E+03  7.823E+03  6.262E+03  1.713E+03   556.       93.6    
  75.1      4.087E+03  7.663E+03  6.092E+03  1.667E+03   540.       90.1    
  76.2      4.036E+03  7.511E+03  5.930E+03  1.623E+03   523.       86.8    
  77.3      3.982E+03  7.365E+03  5.776E+03  1.577E+03   507.       83.4    
  78.3      3.924E+03  7.223E+03  5.626E+03  1.526E+03   490.       79.7    
  79.4      3.859E+03  7.083E+03  5.478E+03  1.475E+03   473.       76.1    
  80.4      3.786E+03  6.938E+03  5.328E+03  1.423E+03   455.       72.5    
  81.5      3.703E+03  6.781E+03  5.173E+03  1.370E+03   435.       68.9    
  82.6      3.606E+03  6.592E+03  5.004E+03  1.315E+03   414.       65.2    
  83.6      3.491E+03  6.338E+03  4.802E+03  1.253E+03   392.       61.0    
  84.7      3.355E+03  5.966E+03  4.532E+03  1.173E+03   363.       55.6    
  85.8      3.195E+03  5.421E+03  4.122E+03  1.060E+03   320.       47.0    
  86.8      3.012E+03  4.637E+03  3.542E+03  1.010E+03   323.       49.9    
  87.9      2.792E+03  3.222E+03  1.371E+03   155.       25.5       1.56    
  88.9      2.711E+03  2.785E+03   851.       45.5       3.98      9.768E-02
  90.0      2.696E+03  2.771E+03   846.       45.2       3.96      9.697E-02
  91.1      2.719E+03  2.791E+03   854.       45.6       3.99      9.790E-02
  92.1      2.799E+03  3.228E+03  1.374E+03   155.       25.6       1.57    
  93.2      3.017E+03  4.643E+03  3.550E+03  1.012E+03   323.       50.0    
  94.2      3.200E+03  5.427E+03  4.129E+03  1.062E+03   320.       47.1    
  95.3      3.360E+03  5.972E+03  4.538E+03  1.174E+03   363.       55.7    
  96.4      3.495E+03  6.343E+03  4.808E+03  1.254E+03   392.       61.1    
  97.4      3.609E+03  6.598E+03  5.009E+03  1.316E+03   414.       65.2    
  98.5      3.706E+03  6.786E+03  5.178E+03  1.371E+03   435.       69.0    
  99.6      3.789E+03  6.943E+03  5.332E+03  1.424E+03   455.       72.6    
  101.      3.862E+03  7.087E+03  5.481E+03  1.475E+03   473.       76.2    
  102.      3.926E+03  7.227E+03  5.629E+03  1.526E+03   490.       79.8    
  103.      3.984E+03  7.369E+03  5.779E+03  1.577E+03   507.       83.4    
  104.      4.038E+03  7.515E+03  5.933E+03  1.623E+03   523.       86.8    
  105.      4.089E+03  7.667E+03  6.094E+03  1.667E+03   540.       90.2    
  106.      4.139E+03  7.826E+03  6.264E+03  1.713E+03   556.       93.7    
  107.      4.188E+03  7.994E+03  6.445E+03  1.760E+03   573.       97.3    
  108.      4.237E+03  8.170E+03  6.638E+03  1.810E+03   590.       101.    
  109.      4.287E+03  8.355E+03  6.830E+03  1.863E+03   608.       105.    
  110.      4.338E+03  8.549E+03  7.023E+03  1.921E+03   627.       109.    
  111.      4.388E+03  8.753E+03  7.230E+03  1.985E+03   648.       113.    
  112.      4.439E+03  8.967E+03  7.453E+03  2.054E+03   671.       118.    
  113.      4.471E+03  9.102E+03  7.597E+03  2.097E+03   686.       121.    
  113.      4.503E+03  9.240E+03  7.748E+03  2.140E+03   702.       124.    
  114.      4.534E+03  9.381E+03  7.904E+03  2.187E+03   719.       128.    
  114.      4.566E+03  9.526E+03  8.066E+03  2.239E+03   737.       131.    
  115.      4.598E+03  9.674E+03  8.232E+03  2.294E+03   756.       135.    
  116.      4.630E+03  9.824E+03  8.404E+03  2.351E+03   777.       139.    
  116.      4.661E+03  9.976E+03  8.582E+03  2.412E+03   799.       144.    
  117.      4.693E+03  1.013E+04  8.765E+03  2.476E+03   821.       148.    
  118.      4.725E+03  1.028E+04  8.953E+03  2.543E+03   843.       153.    
  118.      4.756E+03  1.043E+04  9.147E+03  2.614E+03   866.       159.    
  119.      4.787E+03  1.057E+04  9.345E+03  2.688E+03   890.       166.    
  120.      4.818E+03  1.072E+04  9.547E+03  2.765E+03   915.       172.    
  120.      4.849E+03  1.086E+04  9.755E+03  2.846E+03   942.       179.    
  121.      4.880E+03  1.100E+04  9.966E+03  2.932E+03   970.       187.    
  122.      4.910E+03  1.115E+04  1.018E+04  3.023E+03  1.001E+03   194.    
  122.      4.941E+03  1.129E+04  1.040E+04  3.119E+03  1.033E+03   202.    
  123.      4.970E+03  1.144E+04  1.062E+04  3.217E+03  1.067E+03   211.    
  124.      5.000E+03  1.158E+04  1.084E+04  3.320E+03  1.102E+03   219.    
  124.      5.029E+03  1.173E+04  1.105E+04  3.419E+03  1.138E+03   230.    
  125.      5.058E+03  1.187E+04  1.127E+04  3.517E+03  1.177E+03   242.    
  126.      5.086E+03  1.202E+04  1.150E+04  3.617E+03  1.216E+03   255.    
  126.      5.114E+03  1.216E+04  1.173E+04  3.721E+03  1.258E+03   269.    
  127.      5.142E+03  1.231E+04  1.196E+04  3.828E+03  1.301E+03   283.    
  127.      5.169E+03  1.245E+04  1.220E+04  3.938E+03  1.346E+03   298.    
  128.      5.196E+03  1.259E+04  1.244E+04  4.052E+03  1.399E+03   313.    
  129.      5.222E+03  1.273E+04  1.268E+04  4.169E+03  1.460E+03   330.    
  129.      5.248E+03  1.287E+04  1.292E+04  4.291E+03  1.521E+03   347.    
  130.      5.274E+03  1.301E+04  1.316E+04  4.420E+03  1.584E+03   363.    
  131.      5.299E+03  1.315E+04  1.341E+04  4.552E+03  1.650E+03   380.    
  131.      5.324E+03  1.329E+04  1.365E+04  4.687E+03  1.717E+03   398.    
  132.      5.348E+03  1.342E+04  1.390E+04  4.825E+03  1.788E+03   421.    
  133.      5.371E+03  1.356E+04  1.414E+04  4.967E+03  1.861E+03   444.    
  133.      5.395E+03  1.369E+04  1.438E+04  5.111E+03  1.937E+03   469.    
  134.      5.417E+03  1.382E+04  1.463E+04  5.258E+03  2.015E+03   495.    
  135.      5.440E+03  1.395E+04  1.487E+04  5.409E+03  2.096E+03   522.    
  135.      5.462E+03  1.408E+04  1.511E+04  5.562E+03  2.179E+03   551.    
  136.      5.483E+03  1.421E+04  1.536E+04  5.718E+03  2.265E+03   581.    
  137.      5.504E+03  1.433E+04  1.560E+04  5.876E+03  2.354E+03   612.    
  137.      5.524E+03  1.446E+04  1.584E+04  6.038E+03  2.459E+03   645.    
  138.      5.543E+03  1.458E+04  1.610E+04  6.202E+03  2.585E+03   680.    
  139.      5.562E+03  1.470E+04  1.634E+04  6.368E+03  2.716E+03   717.    
  139.      5.579E+03  1.482E+04  1.659E+04  6.538E+03  2.851E+03   755.    
  140.      5.596E+03  1.494E+04  1.684E+04  6.736E+03  2.991E+03   800.    
  140.      5.612E+03  1.505E+04  1.708E+04  6.962E+03  3.135E+03   853.    
  141.      5.628E+03  1.516E+04  1.732E+04  7.181E+03  3.285E+03   909.    
  142.      5.644E+03  1.526E+04  1.756E+04  7.402E+03  3.438E+03   968.    
  142.      5.659E+03  1.536E+04  1.780E+04  7.626E+03  3.597E+03  1.030E+03
  143.      5.673E+03  1.546E+04  1.802E+04  7.853E+03  3.760E+03  1.095E+03
  144.      5.688E+03  1.556E+04  1.823E+04  8.083E+03  3.929E+03  1.164E+03
  144.      5.701E+03  1.566E+04  1.843E+04  8.314E+03  4.102E+03  1.237E+03
  145.      5.715E+03  1.576E+04  1.863E+04  8.548E+03  4.280E+03  1.314E+03
  146.      5.728E+03  1.586E+04  1.883E+04  8.784E+03  4.463E+03  1.395E+03
  146.      5.741E+03  1.596E+04  1.903E+04  9.022E+03  4.651E+03  1.481E+03
  147.      5.754E+03  1.606E+04  1.922E+04  9.262E+03  4.830E+03  1.572E+03
  148.      5.766E+03  1.616E+04  1.941E+04  9.503E+03  5.001E+03  1.667E+03
  148.      5.778E+03  1.625E+04  1.960E+04  9.745E+03  5.198E+03  1.768E+03
  149.      5.789E+03  1.634E+04  1.978E+04  9.988E+03  5.430E+03  1.874E+03
  150.      5.800E+03  1.643E+04  1.997E+04  1.023E+04  5.667E+03  1.986E+03
  150.      5.811E+03  1.652E+04  2.014E+04  1.048E+04  5.911E+03  2.104E+03
  151.      5.822E+03  1.660E+04  2.032E+04  1.072E+04  6.160E+03  2.228E+03
  151.      5.832E+03  1.668E+04  2.049E+04  1.097E+04  6.415E+03  2.371E+03
  152.      5.842E+03  1.677E+04  2.066E+04  1.122E+04  6.674E+03  2.540E+03
  153.      5.852E+03  1.685E+04  2.083E+04  1.146E+04  6.937E+03  2.719E+03
  153.      5.862E+03  1.692E+04  2.099E+04  1.171E+04  7.204E+03  2.906E+03
  154.      5.871E+03  1.700E+04  2.115E+04  1.200E+04  7.476E+03  3.103E+03
  155.      5.880E+03  1.707E+04  2.131E+04  1.233E+04  7.750E+03  3.311E+03
  155.      5.888E+03  1.714E+04  2.147E+04  1.267E+04  8.028E+03  3.528E+03
  156.      5.897E+03  1.721E+04  2.163E+04  1.300E+04  8.309E+03  3.755E+03
  157.      5.905E+03  1.728E+04  2.178E+04  1.334E+04  8.592E+03  3.993E+03
  157.      5.912E+03  1.735E+04  2.193E+04  1.367E+04  8.877E+03  4.239E+03
  158.      5.920E+03  1.741E+04  2.207E+04  1.400E+04  9.164E+03  4.496E+03
  159.      5.927E+03  1.747E+04  2.222E+04  1.433E+04  9.451E+03  4.762E+03
  159.      5.934E+03  1.753E+04  2.235E+04  1.465E+04  9.740E+03  5.038E+03
  160.      5.941E+03  1.759E+04  2.249E+04  1.497E+04  1.003E+04  5.324E+03
  161.      5.948E+03  1.765E+04  2.262E+04  1.529E+04  1.032E+04  5.618E+03
  161.      5.954E+03  1.770E+04  2.274E+04  1.560E+04  1.060E+04  5.920E+03
  162.      5.960E+03  1.775E+04  2.287E+04  1.590E+04  1.089E+04  6.231E+03
  163.      5.966E+03  1.780E+04  2.298E+04  1.620E+04  1.117E+04  6.548E+03
  163.      5.971E+03  1.785E+04  2.310E+04  1.649E+04  1.145E+04  6.871E+03
  164.      5.977E+03  1.790E+04  2.321E+04  1.678E+04  1.173E+04  7.200E+03
  164.      5.982E+03  1.794E+04  2.331E+04  1.706E+04  1.200E+04  7.533E+03
  165.      5.987E+03  1.798E+04  2.341E+04  1.733E+04  1.227E+04  7.869E+03
  166.      5.991E+03  1.803E+04  2.351E+04  1.759E+04  1.253E+04  8.207E+03
  166.      5.996E+03  1.806E+04  2.360E+04  1.785E+04  1.279E+04  8.546E+03
  167.      6.000E+03  1.810E+04  2.369E+04  1.809E+04  1.304E+04  8.884E+03
  168.      6.004E+03  1.814E+04  2.377E+04  1.833E+04  1.329E+04  9.220E+03
  168.      6.008E+03  1.817E+04  2.385E+04  1.855E+04  1.352E+04  9.552E+03
  169.      6.011E+03  1.820E+04  2.393E+04  1.877E+04  1.375E+04  9.879E+03
  170.      6.015E+03  1.823E+04  2.400E+04  1.897E+04  1.397E+04  1.020E+04
  170.      6.018E+03  1.826E+04  2.407E+04  1.916E+04  1.418E+04  1.051E+04
  170.      6.019E+03  1.827E+04  2.409E+04  1.924E+04  1.426E+04  1.063E+04
  170.      6.020E+03  1.828E+04  2.412E+04  1.931E+04  1.434E+04  1.075E+04
  171.      6.021E+03  1.829E+04  2.414E+04  1.938E+04  1.441E+04  1.086E+04
  171.      6.022E+03  1.830E+04  2.416E+04  1.944E+04  1.449E+04  1.098E+04
  171.      6.023E+03  1.831E+04  2.418E+04  1.951E+04  1.456E+04  1.109E+04
  171.      6.024E+03  1.832E+04  2.421E+04  1.957E+04  1.464E+04  1.120E+04
  172.      6.025E+03  1.832E+04  2.423E+04  1.963E+04  1.473E+04  1.131E+04
  172.      6.026E+03  1.833E+04  2.425E+04  1.969E+04  1.482E+04  1.141E+04
  172.      6.027E+03  1.834E+04  2.427E+04  1.975E+04  1.490E+04  1.152E+04
  173.      6.028E+03  1.835E+04  2.428E+04  1.981E+04  1.499E+04  1.162E+04
  173.      6.028E+03  1.836E+04  2.430E+04  1.986E+04  1.507E+04  1.171E+04
  173.      6.029E+03  1.836E+04  2.432E+04  1.991E+04  1.514E+04  1.181E+04
  173.      6.030E+03  1.837E+04  2.434E+04  1.996E+04  1.522E+04  1.190E+04
  174.      6.031E+03  1.838E+04  2.435E+04  2.000E+04  1.529E+04  1.198E+04
  174.      6.031E+03  1.838E+04  2.437E+04  2.005E+04  1.536E+04  1.207E+04
  174.      6.032E+03  1.839E+04  2.438E+04  2.009E+04  1.542E+04  1.215E+04
  174.      6.032E+03  1.839E+04  2.439E+04  2.013E+04  1.549E+04  1.223E+04
  175.      6.033E+03  1.840E+04  2.440E+04  2.017E+04  1.555E+04  1.230E+04
  175.      6.033E+03  1.840E+04  2.441E+04  2.020E+04  1.560E+04  1.237E+04
  176.      6.034E+03  1.840E+04  2.442E+04  2.023E+04  1.565E+04  1.243E+04
  177.      6.035E+03  1.842E+04  2.445E+04  2.032E+04  1.580E+04  1.261E+04
  178.      6.036E+03  1.843E+04  2.447E+04  2.037E+04  1.588E+04  1.271E+04
  179.      6.037E+03  1.843E+04  2.448E+04  2.040E+04  1.592E+04  1.276E+04
  180.      6.037E+03  1.843E+04  2.448E+04  2.040E+04  1.592E+04  1.276E+04

