Filename: ubmaxAequ.001
Emin,Emax,Jo,IJ: 0.5000     1.0000E+0410000    1
L,Iono,Io,B1,BO:  6.80       34   80 0.407     9.859E-04
Idate,UT,time,delt: 86079      0.0  0.00     1.000E+05
Knum1-4,Ko:   5  20  90  20 135
Ne(Iono,Itop,Iono+Ip): 6.863E+04  12.5     6.863E+04
F107,F107A,MLAT,MLONG:  150.      150.      66.0      0.00    
Iono1: STL,GLAT,GLONG,SZA:  0.00      66.0      0.00      114.    
Iono2: STL,GLAT,GLONG,SZA:  0.00      66.0      0.00      114.    
AP vector:  17.0      3.00      3.00      5.00      5.00      4.50      8.00    
Photoelectrons allowed in Iono1,Iono2: No  No 
Primary electron beam(E,Mu): No primary beam     , No Mu function
 Equatorial pitch angle distributions at given KEs
   Theta     2.00       5.00       10.0       20.0       30.0       50.0    
  0.00       215.       771.      4.425E+03  1.579E+04  1.791E+04  1.363E+04
 0.564       215.       771.      4.425E+03  1.579E+04  1.791E+04  1.363E+04
  1.13       215.       771.      4.424E+03  1.576E+04  1.783E+04  1.352E+04
  1.69       215.       771.      4.422E+03  1.571E+04  1.770E+04  1.332E+04
  2.26       215.       771.      4.420E+03  1.562E+04  1.748E+04  1.299E+04
  2.82       215.       771.      4.419E+03  1.560E+04  1.741E+04  1.289E+04
  2.96       215.       770.      4.418E+03  1.557E+04  1.733E+04  1.278E+04
  3.10       215.       770.      4.417E+03  1.553E+04  1.725E+04  1.267E+04
  3.24       215.       770.      4.416E+03  1.550E+04  1.716E+04  1.255E+04
  3.39       215.       770.      4.415E+03  1.546E+04  1.707E+04  1.243E+04
  3.53       215.       770.      4.413E+03  1.543E+04  1.698E+04  1.230E+04
  3.67       215.       770.      4.412E+03  1.539E+04  1.688E+04  1.217E+04
  3.81       215.       770.      4.411E+03  1.534E+04  1.678E+04  1.203E+04
  3.95       215.       770.      4.409E+03  1.530E+04  1.667E+04  1.189E+04
  4.09       215.       770.      4.408E+03  1.525E+04  1.656E+04  1.175E+04
  4.23       215.       770.      4.406E+03  1.521E+04  1.644E+04  1.160E+04
  4.37       215.       770.      4.404E+03  1.516E+04  1.633E+04  1.145E+04
  4.51       215.       770.      4.403E+03  1.510E+04  1.621E+04  1.130E+04
  4.65       215.       769.      4.401E+03  1.505E+04  1.608E+04  1.115E+04
  4.80       214.       769.      4.399E+03  1.500E+04  1.596E+04  1.099E+04
  4.94       214.       769.      4.397E+03  1.494E+04  1.583E+04  1.083E+04
  5.08       214.       769.      4.395E+03  1.488E+04  1.571E+04  1.067E+04
  5.22       214.       769.      4.393E+03  1.482E+04  1.558E+04  1.051E+04
  5.36       214.       769.      4.390E+03  1.476E+04  1.545E+04  1.035E+04
  5.50       214.       769.      4.388E+03  1.470E+04  1.532E+04  1.019E+04
  5.64       214.       768.      4.375E+03  1.437E+04  1.467E+04  9.379E+03
  6.34       214.       767.      4.361E+03  1.401E+04  1.401E+04  8.589E+03
  7.04       214.       766.      4.345E+03  1.362E+04  1.334E+04  7.830E+03
  7.75       213.       765.      4.327E+03  1.321E+04  1.267E+04  7.112E+03
  8.45       213.       764.      4.308E+03  1.278E+04  1.201E+04  6.441E+03
  9.15       213.       762.      4.287E+03  1.234E+04  1.135E+04  5.821E+03
  9.85       212.       761.      4.265E+03  1.189E+04  1.071E+04  5.253E+03
  10.6       212.       759.      4.241E+03  1.143E+04  1.008E+04  4.735E+03
  11.3       211.       757.      4.215E+03  1.097E+04  9.470E+03  4.266E+03
  12.0       211.       756.      4.188E+03  1.051E+04  8.881E+03  3.842E+03
  12.7       210.       754.      4.159E+03  1.006E+04  8.315E+03  3.461E+03
  13.4       210.       752.      4.129E+03  9.603E+03  7.774E+03  3.119E+03
  14.1       209.       750.      4.098E+03  9.158E+03  7.258E+03  2.812E+03
  14.8       208.       747.      4.065E+03  8.722E+03  6.768E+03  2.539E+03
  15.5       208.       745.      4.031E+03  8.296E+03  6.305E+03  2.294E+03
  16.2       207.       742.      3.996E+03  7.883E+03  5.869E+03  2.076E+03
  16.9       206.       740.      3.959E+03  7.484E+03  5.458E+03  1.881E+03
  17.6       205.       737.      3.921E+03  7.099E+03  5.074E+03  1.707E+03
  18.3       204.       734.      3.882E+03  6.730E+03  4.714E+03  1.551E+03
  19.0       203.       731.      3.842E+03  6.376E+03  4.377E+03  1.411E+03
  19.7       202.       728.      3.801E+03  6.039E+03  4.064E+03  1.286E+03
  20.4       201.       725.      3.758E+03  5.718E+03  3.773E+03  1.174E+03
  21.1       200.       722.      3.716E+03  5.413E+03  3.502E+03  1.073E+03
  21.8       199.       719.      3.672E+03  5.124E+03  3.252E+03   982.    
  22.5       198.       715.      3.628E+03  4.852E+03  3.019E+03   899.    
  23.2       197.       712.      3.583E+03  4.595E+03  2.804E+03   825.    
  23.9       196.       708.      3.538E+03  4.355E+03  2.605E+03   757.    
  24.6       194.       704.      3.493E+03  4.129E+03  2.421E+03   696.    
  25.3       193.       700.      3.448E+03  3.919E+03  2.250E+03   640.    
  26.0       192.       696.      3.402E+03  3.723E+03  2.093E+03   589.    
  26.7       190.       692.      3.356E+03  3.540E+03  1.947E+03   543.    
  27.4       189.       688.      3.310E+03  3.369E+03  1.813E+03   500.    
  28.1       187.       683.      3.264E+03  3.209E+03  1.688E+03   461.    
  28.8       186.       679.      3.217E+03  3.058E+03  1.573E+03   425.    
  29.5       184.       674.      3.171E+03  2.917E+03  1.466E+03   393.    
  30.2       183.       670.      3.124E+03  2.784E+03  1.367E+03   362.    
  30.9       181.       665.      3.078E+03  2.659E+03  1.276E+03   335.    
  31.6       179.       660.      3.031E+03  2.541E+03  1.191E+03   309.    
  32.3       178.       655.      2.984E+03  2.429E+03  1.112E+03   286.    
  33.0       176.       650.      2.937E+03  2.323E+03  1.039E+03   264.    
  33.7       174.       644.      2.890E+03  2.223E+03   972.       244.    
  34.4       172.       639.      2.843E+03  2.127E+03   909.       226.    
  35.1       170.       633.      2.796E+03  2.037E+03   851.       209.    
  35.8       168.       628.      2.750E+03  1.952E+03   797.       194.    
  36.5       166.       622.      2.703E+03  1.871E+03   748.       179.    
  37.2       164.       616.      2.657E+03  1.795E+03   701.       166.    
  37.9       162.       610.      2.610E+03  1.723E+03   659.       154.    
  38.6       160.       603.      2.564E+03  1.655E+03   619.       142.    
  39.3       158.       597.      2.519E+03  1.591E+03   583.       132.    
  40.0       156.       590.      2.473E+03  1.531E+03   550.       122.    
  40.7       154.       584.      2.428E+03  1.474E+03   519.       113.    
  41.4       152.       577.      2.383E+03  1.420E+03   491.       105.    
  42.1       149.       570.      2.339E+03  1.369E+03   465.       97.3    
  42.8       147.       563.      2.294E+03  1.320E+03   441.       90.2    
  43.5       145.       556.      2.250E+03  1.274E+03   419.       83.6    
  44.2       142.       548.      2.206E+03  1.231E+03   399.       77.4    
  44.9       140.       541.      2.163E+03  1.189E+03   380.       71.7    
  45.6       137.       534.      2.120E+03  1.150E+03   362.       66.5    
  46.3       135.       526.      2.077E+03  1.112E+03   346.       61.6    
  47.0       132.       518.      2.035E+03  1.077E+03   331.       57.1    
  47.7       129.       510.      1.992E+03  1.043E+03   316.       52.9    
  48.4       127.       502.      1.951E+03  1.011E+03   303.       49.1    
  49.1       124.       494.      1.909E+03   980.       291.       45.5    
  49.8       121.       486.      1.868E+03   951.       279.       42.2    
  50.5       118.       478.      1.827E+03   923.       268.       39.2    
  51.2       115.       470.      1.787E+03   897.       258.       36.5    
  51.9       112.       461.      1.747E+03   872.       249.       33.9    
  52.6       109.       453.      1.707E+03   847.       240.       31.6    
  53.3       106.       444.      1.668E+03   824.       231.       29.5    
  54.0       103.       435.      1.629E+03   802.       223.       27.7    
  54.7       99.4       426.      1.590E+03   780.       216.       26.0    
  55.4       96.2       417.      1.552E+03   760.       209.       24.4    
  56.1       92.9       408.      1.515E+03   740.       203.       23.0    
  56.8       89.6       399.      1.477E+03   721.       196.       21.8    
  57.5       86.3       390.      1.441E+03   702.       191.       20.7    
  58.2       82.9       381.      1.404E+03   685.       185.       19.6    
  58.9       79.5       372.      1.368E+03   667.       180.       18.7    
  59.6       76.1       362.      1.333E+03   650.       175.       17.9    
  60.3       72.7       353.      1.298E+03   634.       170.       17.1    
  61.0       69.3       343.      1.264E+03   618.       166.       16.4    
  61.7       65.8       334.      1.230E+03   603.       161.       15.8    
  62.4       62.3       324.      1.196E+03   588.       157.       15.2    
  63.1       58.8       315.      1.163E+03   573.       153.       14.7    
  63.8       55.4       305.      1.130E+03   559.       149.       14.2    
  64.5       51.9       295.      1.098E+03   545.       146.       13.7    
  65.2       48.5       286.      1.066E+03   532.       142.       13.3    
  65.9       45.2       276.      1.035E+03   518.       139.       12.9    
  66.7       42.0       266.      1.004E+03   505.       135.       12.5    
  67.4       39.0       256.       974.       492.       132.       12.2    
  68.1       36.1       246.       944.       480.       129.       11.8    
  68.8       32.2       232.       900.       461.       124.       11.3    
  69.8       28.7       217.       856.       443.       119.       10.9    
  70.9       25.8       202.       814.       425.       115.       10.4    
  71.9       23.2       187.       772.       407.       110.       10.0    
  73.0       21.0       172.       730.       389.       106.       9.58    
  74.1       19.1       157.       690.       371.       102.       9.18    
  75.1       17.4       141.       649.       353.       97.3       8.78    
  76.2       16.0       126.       609.       335.       92.9       8.38    
  77.3       14.7       111.       569.       317.       88.4       7.98    
  78.3       13.6       95.6       528.       297.       83.7       7.56    
  79.4       12.7       80.4       487.       277.       78.9       7.14    
  80.4       11.8       66.1       445.       256.       73.8       6.69    
  81.5       11.1       53.7       400.       232.       68.2       6.20    
  82.6       10.4       43.8       350.       206.       61.9       5.65    
  83.6       9.76       36.8       291.       173.       54.4       5.00    
  84.7       9.15       30.2       212.       130.       44.8       4.17    
  85.8       8.56       22.9       110.       73.4       32.1       3.03    
  86.8       8.00       18.7       89.2       73.5       33.6       3.30    
  87.9       7.39       12.8       33.6       10.9       2.55      9.873E-02
  88.9       7.17       11.0       20.5       3.07      0.381      5.889E-03
  90.0       7.13       11.0       20.4       3.05      0.378      5.841E-03
  91.1       7.19       11.0       20.5       3.08      0.382      5.904E-03
  92.1       7.41       12.8       33.7       10.9       2.55      9.898E-02
  93.2       8.02       18.7       89.4       73.7       33.7       3.31    
  94.2       8.57       22.9       111.       73.6       32.1       3.04    
  95.3       9.16       30.2       212.       130.       44.9       4.18    
  96.4       9.77       36.8       292.       174.       54.5       5.01    
  97.4       10.4       43.9       351.       206.       62.0       5.66    
  98.5       11.1       53.7       400.       233.       68.3       6.21    
  99.6       11.8       66.1       445.       256.       73.9       6.69    
  101.       12.7       80.5       488.       278.       79.0       7.14    
  102.       13.6       95.7       529.       298.       83.8       7.57    
  103.       14.7       111.       569.       317.       88.5       7.98    
  104.       16.0       126.       610.       336.       93.0       8.39    
  105.       17.4       142.       650.       354.       97.4       8.79    
  106.       19.1       157.       690.       372.       102.       9.19    
  107.       21.0       172.       731.       390.       106.       9.59    
  108.       23.2       187.       773.       407.       111.       10.0    
  109.       25.8       202.       815.       425.       115.       10.4    
  110.       28.7       217.       857.       443.       119.       10.9    
  111.       32.2       232.       901.       461.       124.       11.3    
  112.       36.1       247.       945.       480.       129.       11.8    
  113.       39.0       257.       975.       493.       132.       12.2    
  113.       42.0       266.      1.006E+03   505.       135.       12.5    
  114.       45.2       276.      1.036E+03   518.       139.       12.9    
  115.       48.6       286.      1.068E+03   532.       142.       13.3    
  115.       52.0       296.      1.099E+03   545.       146.       13.7    
  116.       55.4       305.      1.132E+03   559.       149.       14.2    
  117.       58.9       315.      1.164E+03   573.       153.       14.7    
  118.       62.4       325.      1.197E+03   588.       157.       15.2    
  118.       65.9       334.      1.231E+03   603.       161.       15.8    
  119.       69.3       344.      1.265E+03   618.       166.       16.4    
  120.       72.8       353.      1.300E+03   634.       170.       17.1    
  120.       76.2       363.      1.335E+03   651.       175.       17.9    
  121.       79.6       372.      1.370E+03   667.       180.       18.7    
  122.       83.0       381.      1.406E+03   685.       185.       19.7    
  122.       86.4       391.      1.443E+03   702.       191.       20.7    
  123.       89.7       400.      1.479E+03   721.       196.       21.8    
  124.       93.1       409.      1.517E+03   740.       203.       23.0    
  125.       96.3       418.      1.554E+03   760.       209.       24.4    
  125.       99.6       427.      1.593E+03   780.       216.       26.0    
  126.       103.       436.      1.631E+03   802.       223.       27.7    
  127.       106.       445.      1.670E+03   824.       231.       29.5    
  127.       109.       453.      1.709E+03   847.       240.       31.6    
  128.       112.       462.      1.749E+03   872.       249.       33.9    
  129.       115.       470.      1.789E+03   897.       258.       36.5    
  129.       118.       479.      1.830E+03   923.       268.       39.2    
  130.       121.       487.      1.871E+03   951.       279.       42.2    
  131.       124.       495.      1.912E+03   980.       291.       45.5    
  132.       127.       503.      1.953E+03  1.011E+03   303.       49.1    
  132.       130.       511.      1.995E+03  1.043E+03   316.       52.9    
  133.       132.       519.      2.037E+03  1.077E+03   331.       57.1    
  134.       135.       527.      2.080E+03  1.112E+03   346.       61.6    
  134.       137.       534.      2.123E+03  1.150E+03   362.       66.5    
  135.       140.       542.      2.166E+03  1.189E+03   380.       71.7    
  136.       142.       549.      2.210E+03  1.231E+03   398.       77.4    
  136.       145.       557.      2.253E+03  1.274E+03   419.       83.6    
  137.       147.       564.      2.298E+03  1.320E+03   441.       90.2    
  138.       150.       571.      2.342E+03  1.369E+03   465.       97.3    
  139.       152.       578.      2.387E+03  1.420E+03   490.       105.    
  139.       154.       585.      2.432E+03  1.474E+03   519.       113.    
  140.       156.       591.      2.477E+03  1.531E+03   549.       122.    
  141.       158.       598.      2.522E+03  1.591E+03   583.       132.    
  141.       161.       604.      2.568E+03  1.655E+03   619.       142.    
  142.       163.       611.      2.614E+03  1.723E+03   659.       154.    
  143.       165.       617.      2.661E+03  1.795E+03   701.       166.    
  144.       167.       623.      2.707E+03  1.871E+03   747.       179.    
  144.       169.       629.      2.754E+03  1.952E+03   797.       194.    
  145.       171.       634.      2.801E+03  2.038E+03   851.       209.    
  146.       172.       640.      2.848E+03  2.128E+03   909.       226.    
  146.       174.       645.      2.895E+03  2.223E+03   972.       244.    
  147.       176.       651.      2.942E+03  2.324E+03  1.039E+03   264.    
  148.       178.       656.      2.989E+03  2.430E+03  1.112E+03   286.    
  148.       180.       661.      3.036E+03  2.542E+03  1.191E+03   309.    
  149.       181.       666.      3.083E+03  2.660E+03  1.276E+03   335.    
  150.       183.       671.      3.129E+03  2.786E+03  1.367E+03   362.    
  151.       185.       675.      3.176E+03  2.919E+03  1.466E+03   392.    
  151.       186.       680.      3.223E+03  3.060E+03  1.573E+03   425.    
  152.       188.       684.      3.269E+03  3.210E+03  1.688E+03   461.    
  153.       189.       689.      3.315E+03  3.371E+03  1.813E+03   500.    
  153.       191.       693.      3.361E+03  3.542E+03  1.948E+03   542.    
  154.       192.       697.      3.407E+03  3.725E+03  2.094E+03   589.    
  155.       193.       701.      3.453E+03  3.922E+03  2.251E+03   640.    
  155.       195.       705.      3.499E+03  4.132E+03  2.422E+03   696.    
  156.       196.       709.      3.544E+03  4.358E+03  2.606E+03   757.    
  157.       197.       713.      3.589E+03  4.599E+03  2.805E+03   824.    
  158.       198.       716.      3.634E+03  4.856E+03  3.021E+03   899.    
  158.       199.       720.      3.678E+03  5.129E+03  3.254E+03   981.    
  159.       201.       723.      3.722E+03  5.418E+03  3.505E+03  1.073E+03
  160.       202.       727.      3.765E+03  5.723E+03  3.776E+03  1.174E+03
  160.       203.       730.      3.807E+03  6.045E+03  4.068E+03  1.286E+03
  161.       204.       733.      3.848E+03  6.383E+03  4.382E+03  1.411E+03
  162.       205.       736.      3.888E+03  6.738E+03  4.718E+03  1.551E+03
  162.       205.       738.      3.928E+03  7.108E+03  5.079E+03  1.707E+03
  163.       206.       741.      3.966E+03  7.493E+03  5.465E+03  1.881E+03
  164.       207.       744.      4.002E+03  7.893E+03  5.876E+03  2.077E+03
  165.       208.       746.      4.038E+03  8.307E+03  6.313E+03  2.295E+03
  165.       209.       749.      4.072E+03  8.733E+03  6.777E+03  2.540E+03
  166.       209.       751.      4.105E+03  9.170E+03  7.268E+03  2.814E+03
  167.       210.       753.      4.136E+03  9.617E+03  7.785E+03  3.121E+03
  167.       211.       755.      4.166E+03  1.007E+04  8.327E+03  3.463E+03
  168.       211.       757.      4.195E+03  1.053E+04  8.894E+03  3.845E+03
  169.       212.       759.      4.222E+03  1.099E+04  9.485E+03  4.270E+03
  169.       212.       760.      4.248E+03  1.145E+04  1.010E+04  4.740E+03
  170.       213.       762.      4.272E+03  1.191E+04  1.073E+04  5.259E+03
  171.       213.       763.      4.294E+03  1.236E+04  1.137E+04  5.829E+03
  172.       213.       765.      4.315E+03  1.280E+04  1.203E+04  6.450E+03
  172.       214.       766.      4.335E+03  1.323E+04  1.270E+04  7.122E+03
  173.       214.       767.      4.352E+03  1.364E+04  1.336E+04  7.842E+03
  174.       214.       768.      4.368E+03  1.403E+04  1.403E+04  8.603E+03
  174.       214.       769.      4.383E+03  1.439E+04  1.470E+04  9.395E+03
  174.       215.       770.      4.395E+03  1.472E+04  1.535E+04  1.020E+04
  175.       215.       770.      4.398E+03  1.479E+04  1.548E+04  1.037E+04
  175.       215.       770.      4.400E+03  1.485E+04  1.561E+04  1.053E+04
  175.       215.       770.      4.402E+03  1.491E+04  1.574E+04  1.069E+04
  175.       215.       771.      4.404E+03  1.496E+04  1.586E+04  1.085E+04
  175.       215.       771.      4.406E+03  1.502E+04  1.599E+04  1.101E+04
  175.       215.       771.      4.408E+03  1.508E+04  1.611E+04  1.116E+04
  175.       215.       771.      4.410E+03  1.513E+04  1.624E+04  1.132E+04
  176.       215.       771.      4.412E+03  1.518E+04  1.636E+04  1.147E+04
  176.       215.       771.      4.413E+03  1.523E+04  1.647E+04  1.162E+04
  176.       215.       771.      4.415E+03  1.528E+04  1.659E+04  1.177E+04
  176.       215.       771.      4.417E+03  1.532E+04  1.670E+04  1.191E+04
  176.       215.       771.      4.418E+03  1.537E+04  1.681E+04  1.205E+04
  176.       215.       771.      4.420E+03  1.541E+04  1.691E+04  1.219E+04
  176.       215.       772.      4.421E+03  1.545E+04  1.701E+04  1.232E+04
  177.       215.       772.      4.422E+03  1.549E+04  1.711E+04  1.245E+04
  177.       215.       772.      4.423E+03  1.553E+04  1.720E+04  1.258E+04
  177.       215.       772.      4.424E+03  1.556E+04  1.728E+04  1.269E+04
  177.       215.       772.      4.425E+03  1.559E+04  1.736E+04  1.281E+04
  177.       215.       772.      4.426E+03  1.562E+04  1.744E+04  1.291E+04
  178.       215.       772.      4.427E+03  1.565E+04  1.751E+04  1.301E+04
  178.       215.       772.      4.430E+03  1.574E+04  1.774E+04  1.335E+04
  179.       215.       772.      4.431E+03  1.579E+04  1.787E+04  1.354E+04
  179.       215.       772.      4.432E+03  1.581E+04  1.794E+04  1.366E+04
  180.       215.       772.      4.432E+03  1.581E+04  1.794E+04  1.366E+04

